{
    "pose": [
        [
            0.02157770347595215,
            0.04087123870849609,
            0.2534503479003906,
            null,
            null,
            null,
            [
                [
                    0.987260103225708,
                    0.15910913050174713,
                    0.0013368279905989766
                ],
                [
                    -0.1591147482395172,
                    0.9872252345085144,
                    0.00829595047980547
                ],
                [
                    2.1125721616499504e-07,
                    -0.008402970619499683,
                    0.999964714050293
                ]
            ]
        ],
        [
            0.0215781192779541,
            0.040977333068847654,
            0.25347315979003904,
            null,
            null,
            null,
            [
                [
                    0.987265944480896,
                    0.1590338796377182,
                    0.0037690107710659504
                ],
                [
                    -0.15906386077404022,
                    0.9872195720672607,
                    0.009808543138206005
                ],
                [
                    -0.002160950331017375,
                    -0.010283154435455799,
                    0.999944806098938
                ]
            ]
        ],
        [
            0.021630409240722657,
            0.04112677001953125,
            0.25357162475585937,
            null,
            null,
            null,
            [
                [
                    0.9877029061317444,
                    0.15629808604717255,
                    0.0037284367717802525
                ],
                [
                    -0.156330406665802,
                    0.9876425266265869,
                    0.011090249754488468
                ],
                [
                    -0.001948977936990559,
                    -0.011536739766597748,
                    0.9999315738677979
                ]
            ]
        ],
        [
            0.018441041946411132,
            0.03568055725097656,
            0.27137860107421874,
            null,
            null,
            null,
            [
                [
                    0.9860472083091736,
                    0.16609738767147064,
                    -0.011070004664361477
                ],
                [
                    -0.1664571464061737,
                    0.9844938516616821,
                    -0.055352337658405304
                ],
                [
                    0.0017044729320332408,
                    0.056422699242830276,
                    0.9984055161476135
                ]
            ]
        ],
        [
            0.017456445693969726,
            0.03730402374267578,
            0.3091700439453125,
            null,
            null,
            null,
            [
                [
                    0.988781213760376,
                    0.1484280675649643,
                    0.016756702214479446
                ],
                [
                    -0.14768186211585999,
                    0.9882520437240601,
                    -0.039344269782304764
                ],
                [
                    -0.02239963784813881,
                    0.036428216844797134,
                    0.9990851879119873
                ]
            ]
        ],
        [
            0.01805040168762207,
            0.03385477066040039,
            0.335829833984375,
            null,
            null,
            null,
            [
                [
                    0.9841664433479309,
                    0.17570503056049347,
                    0.023325994610786438
                ],
                [
                    -0.17448219656944275,
                    0.9835429191589355,
                    -0.04689647629857063
                ],
                [
                    -0.0311820637434721,
                    0.042083967477083206,
                    0.9986273646354675
                ]
            ]
        ],
        [
            0.021601436614990234,
            0.02766006851196289,
            0.35151583862304686,
            null,
            null,
            null,
            [
                [
                    0.9877902865409851,
                    0.15207454562187195,
                    0.0338190533220768
                ],
                [
                    -0.15058478713035583,
                    0.9876639246940613,
                    -0.04294470697641373
                ],
                [
                    -0.039932653307914734,
                    0.03732772916555405,
                    0.9985048770904541
                ]
            ]
        ],
        [
            0.023129291534423828,
            0.018928482055664064,
            0.356812744140625,
            null,
            null,
            null,
            [
                [
                    0.9920827746391296,
                    0.12312158197164536,
                    0.024755336344242096
                ],
                [
                    -0.12281172722578049,
                    0.9923357367515564,
                    -0.013675766065716743
                ],
                [
                    -0.026249386370182037,
                    0.010527246631681919,
                    0.9995999932289124
                ]
            ]
        ],
        [
            0.022479585647583008,
            0.008137368202209472,
            0.354212646484375,
            null,
            null,
            null,
            [
                [
                    0.9912105202674866,
                    0.13228315114974976,
                    0.0017025297274813056
                ],
                [
                    -0.1322663277387619,
                    0.9911839962005615,
                    -0.007737257517874241
                ],
                [
                    -0.0027110290247946978,
                    0.007444063667207956,
                    0.9999685883522034
                ]
            ]
        ],
        [
            0.022658847808837892,
            -0.0016813796758651733,
            0.34888998413085937,
            null,
            null,
            null,
            [
                [
                    0.9876676797866821,
                    0.15556615591049194,
                    -0.017656274139881134
                ],
                [
                    -0.15505561232566833,
                    0.9875277280807495,
                    0.027325671166181564
                ],
                [
                    0.021687010303139687,
                    -0.024250976741313934,
                    0.9994706511497498
                ]
            ]
        ],
        [
            0.016946659088134766,
            -0.011403632164001466,
            0.348159912109375,
            null,
            null,
            null,
            [
                [
                    0.9873084425926208,
                    0.15634633600711823,
                    -0.027889998629689217
                ],
                [
                    -0.15482230484485626,
                    0.9866601824760437,
                    0.05031677335500717
                ],
                [
                    0.03538479283452034,
                    -0.04536018148064613,
                    0.998343825340271
                ]
            ]
        ],
        [
            0.013348863601684571,
            -0.02338269805908203,
            0.34886138916015624,
            null,
            null,
            null,
            [
                [
                    0.9861708283424377,
                    0.16420669853687286,
                    -0.022434396669268608
                ],
                [
                    -0.16402871906757355,
                    0.9864091873168945,
                    0.00956810638308525
                ],
                [
                    0.023700641468167305,
                    -0.005755901802331209,
                    0.999702513217926
                ]
            ]
        ],
        [
            0.012545855522155761,
            -0.032204124450683595,
            0.352505126953125,
            null,
            null,
            null,
            [
                [
                    0.9907026886940002,
                    0.13291238248348236,
                    0.02902563102543354
                ],
                [
                    -0.13359567523002625,
                    0.9907684922218323,
                    0.023020897060632706
                ],
                [
                    -0.025697918608784676,
                    -0.026684563606977463,
                    0.9993135333061218
                ]
            ]
        ],
        [
            0.01391248893737793,
            -0.036990558624267575,
            0.3581069030761719,
            null,
            null,
            null,
            [
                [
                    0.9808141589164734,
                    0.19220784306526184,
                    0.03255335986614227
                ],
                [
                    -0.19290249049663544,
                    0.9810198545455933,
                    0.0197146013379097
                ],
                [
                    -0.02814619056880474,
                    -0.025615984573960304,
                    0.9992755651473999
                ]
            ]
        ],
        [
            0.020276226043701173,
            -0.04920477294921875,
            0.36181658935546873,
            null,
            null,
            null,
            [
                [
                    0.9815129637718201,
                    0.18222320079803467,
                    0.05854090675711632
                ],
                [
                    -0.18105454742908478,
                    0.9831621646881104,
                    -0.024727409705519676
                ],
                [
                    -0.06206110864877701,
                    0.013671176508069038,
                    0.997978687286377
                ]
            ]
        ],
        [
            0.03082834815979004,
            -0.05787509918212891,
            0.36558282470703124,
            null,
            null,
            null,
            [
                [
                    0.983003556728363,
                    0.16755591332912445,
                    0.07502707093954086
                ],
                [
                    -0.17029203474521637,
                    0.9848853349685669,
                    0.03164593502879143
                ],
                [
                    -0.06859059631824493,
                    -0.04388457536697388,
                    0.9966792464256287
                ]
            ]
        ],
        [
            0.045058177947998046,
            -0.05645424652099609,
            0.3690312194824219,
            null,
            null,
            null,
            [
                [
                    0.9791284799575806,
                    0.19515107572078705,
                    0.05677605792880058
                ],
                [
                    -0.1997189074754715,
                    0.9756405353546143,
                    0.09076301753520966
                ],
                [
                    -0.03768052160739899,
                    -0.10020790249109268,
                    0.9942527413368225
                ]
            ]
        ],
        [
            0.05908728408813477,
            -0.05676294326782227,
            0.37376333618164065,
            null,
            null,
            null,
            [
                [
                    0.9867357015609741,
                    0.16019342839717865,
                    0.0262819305062294
                ],
                [
                    -0.16148346662521362,
                    0.9851714372634888,
                    0.057967908680438995
                ],
                [
                    -0.016606129705905914,
                    -0.06144310161471367,
                    0.9979724287986755
                ]
            ]
        ],
        [
            0.07122703552246094,
            -0.04993857955932617,
            0.3772150573730469,
            null,
            null,
            null,
            [
                [
                    0.9900188446044922,
                    0.14055344462394714,
                    -0.010363677516579628
                ],
                [
                    -0.1389802247285843,
                    0.9858490228652954,
                    0.09373505413532257
                ],
                [
                    0.023391807451844215,
                    -0.09135912358760834,
                    0.9955432415008545
                ]
            ]
        ],
        [
            0.07852791595458984,
            -0.03969085693359375,
            0.38012545776367185,
            null,
            null,
            null,
            [
                [
                    0.9824017286300659,
                    0.1789267659187317,
                    -0.0535917654633522
                ],
                [
                    -0.17571909725666046,
                    0.9826356768608093,
                    0.0595816969871521
                ],
                [
                    0.06332194060087204,
                    -0.04911606386303902,
                    0.9967837929725647
                ]
            ]
        ],
        [
            0.08480628967285156,
            -0.028357913970947266,
            0.3827657775878906,
            null,
            null,
            null,
            [
                [
                    0.9903543591499329,
                    0.1282602846622467,
                    -0.05241711437702179
                ],
                [
                    -0.12614281475543976,
                    0.9911269545555115,
                    0.04189738258719444
                ],
                [
                    0.057325784116983414,
                    -0.03488121181726456,
                    0.9977459907531738
                ]
            ]
        ],
        [
            0.08672954559326172,
            -0.015401887893676757,
            0.3847061767578125,
            null,
            null,
            null,
            [
                [
                    0.9915230870246887,
                    0.12666893005371094,
                    -0.028929416090250015
                ],
                [
                    -0.12479037046432495,
                    0.9903994798660278,
                    0.059465859085321426
                ],
                [
                    0.0361841581761837,
                    -0.05535166338086128,
                    0.9978110790252686
                ]
            ]
        ],
        [
            0.08908452606201171,
            0.0025148658752441404,
            0.38438436889648436,
            null,
            null,
            null,
            [
                [
                    0.9888538122177124,
                    0.14838965237140656,
                    -0.012190043926239014
                ],
                [
                    -0.14718613028526306,
                    0.9866080284118652,
                    0.0702909529209137
                ],
                [
                    0.022457245737314224,
                    -0.06771327555179596,
                    0.9974520206451416
                ]
            ]
        ],
        [
            0.09532186889648438,
            0.018248189926147462,
            0.3862991027832031,
            null,
            null,
            null,
            [
                [
                    0.9907353520393372,
                    0.1349271684885025,
                    0.015429303050041199
                ],
                [
                    -0.13545532524585724,
                    0.989940345287323,
                    0.040865615010261536
                ],
                [
                    -0.009760207496583462,
                    -0.04257699102163315,
                    0.9990454912185669
                ]
            ]
        ],
        [
            0.10190621185302734,
            0.03453183364868164,
            0.3895805969238281,
            null,
            null,
            null,
            [
                [
                    0.9892060160636902,
                    0.1427897810935974,
                    0.032901063561439514
                ],
                [
                    -0.14463908970355988,
                    0.9874674677848816,
                    0.06314701586961746
                ],
                [
                    -0.023471981287002563,
                    -0.06722418963909149,
                    0.99746173620224
                ]
            ]
        ],
        [
            0.11246246337890625,
            0.049346530914306644,
            0.3941134338378906,
            null,
            null,
            null,
            [
                [
                    0.985493004322052,
                    0.1672942340373993,
                    0.028568705543875694
                ],
                [
                    -0.16809146106243134,
                    0.9853668212890625,
                    0.028240203857421875
                ],
                [
                    -0.023426230996847153,
                    -0.032632678747177124,
                    0.9991928339004517
                ]
            ]
        ],
        [
            0.12510382843017578,
            0.061021495819091796,
            0.40105816650390624,
            null,
            null,
            null,
            [
                [
                    0.9913902878761292,
                    0.12173417210578918,
                    0.04822901263833046
                ],
                [
                    -0.12233038991689682,
                    0.9924430251121521,
                    0.009598574601113796
                ],
                [
                    -0.046696074306964874,
                    -0.015415807254612446,
                    0.9987902045249939
                ]
            ]
        ],
        [
            0.13613233947753905,
            0.07435015106201172,
            0.40667086791992185,
            null,
            null,
            null,
            [
                [
                    0.9872815608978271,
                    0.15856428444385529,
                    0.011509101837873459
                ],
                [
                    -0.15884681046009064,
                    0.986835777759552,
                    0.030378229916095734
                ],
                [
                    -0.006540691014379263,
                    -0.03182005137205124,
                    0.9994722008705139
                ]
            ]
        ],
        [
            0.14708366394042968,
            0.08648165893554688,
            0.41346142578125,
            null,
            null,
            null,
            [
                [
                    0.988734245300293,
                    0.14731259644031525,
                    -0.026525430381298065
                ],
                [
                    -0.146756112575531,
                    0.9889315962791443,
                    0.021838808432221413
                ],
                [
                    0.029448967427015305,
                    -0.017700007185339928,
                    0.999409556388855
                ]
            ]
        ],
        [
            0.1542752685546875,
            0.09933216857910156,
            0.4243691101074219,
            null,
            null,
            null,
            [
                [
                    0.9908843636512756,
                    0.12287677079439163,
                    -0.0552218072116375
                ],
                [
                    -0.12171927839517593,
                    0.9922775030136108,
                    0.023869698867201805
                ],
                [
                    0.05772839114069939,
                    -0.016930554062128067,
                    0.9981887340545654
                ]
            ]
        ],
        [
            0.154556884765625,
            0.11530842590332031,
            0.43038009643554687,
            null,
            null,
            null,
            [
                [
                    0.9851356744766235,
                    0.14028431475162506,
                    -0.09913661330938339
                ],
                [
                    -0.13514870405197144,
                    0.9891970753669739,
                    0.05678050220012665
                ],
                [
                    0.10603106021881104,
                    -0.04253831133246422,
                    0.9934524893760681
                ]
            ]
        ],
        [
            0.14787571716308595,
            0.1293224639892578,
            0.4369063720703125,
            null,
            null,
            null,
            [
                [
                    0.9794387817382812,
                    0.1576913297176361,
                    -0.12582969665527344
                ],
                [
                    -0.15452797710895538,
                    0.9873831272125244,
                    0.03457900136709213
                ],
                [
                    0.12969493865966797,
                    -0.01442380715161562,
                    0.9914490580558777
                ]
            ]
        ],
        [
            0.13670106506347657,
            0.14069845581054688,
            0.443156494140625,
            null,
            null,
            null,
            [
                [
                    0.9866247773170471,
                    0.11266140639781952,
                    -0.11780904233455658
                ],
                [
                    -0.11210215836763382,
                    0.9936314821243286,
                    0.011384101584553719
                ],
                [
                    0.11834131926298141,
                    0.0019748113118112087,
                    0.9929710030555725
                ]
            ]
        ],
        [
            0.12057299041748047,
            0.15029061889648437,
            0.4463101501464844,
            null,
            null,
            null,
            [
                [
                    0.9833238124847412,
                    0.1383010894060135,
                    -0.11809767037630081
                ],
                [
                    -0.13786882162094116,
                    0.9903794527053833,
                    0.011861947365105152
                ],
                [
                    0.11860202997922897,
                    0.004617850761860609,
                    0.9929311275482178
                ]
            ]
        ],
        [
            0.10093406677246093,
            0.15985383605957032,
            0.45172747802734375,
            null,
            null,
            null,
            [
                [
                    0.9834580421447754,
                    0.1347581446170807,
                    -0.12103955447673798
                ],
                [
                    -0.13220982253551483,
                    0.9908009171485901,
                    0.02888053096830845
                ],
                [
                    0.12381798774003983,
                    -0.012400171719491482,
                    0.9922274351119995
                ]
            ]
        ],
        [
            0.08339554595947266,
            0.1696766357421875,
            0.45892666625976564,
            null,
            null,
            null,
            [
                [
                    0.9898629784584045,
                    0.10218647867441177,
                    -0.09863702952861786
                ],
                [
                    -0.0979904755949974,
                    0.9941004514694214,
                    0.046498607844114304
                ],
                [
                    0.10280665010213852,
                    -0.03636176139116287,
                    0.9940365552902222
                ]
            ]
        ],
        [
            0.06441134643554687,
            0.17413006591796876,
            0.4661934509277344,
            null,
            null,
            null,
            [
                [
                    0.9883586168289185,
                    0.14511150121688843,
                    -0.045714784413576126
                ],
                [
                    -0.14516887068748474,
                    0.9894046783447266,
                    0.002080158330500126
                ],
                [
                    0.04553227499127388,
                    0.0045804213732481,
                    0.9989523887634277
                ]
            ]
        ],
        [
            0.0538741683959961,
            0.17453733825683593,
            0.47223907470703125,
            null,
            null,
            null,
            [
                [
                    0.9892628192901611,
                    0.14602907001972198,
                    -0.005883393809199333
                ],
                [
                    -0.14604653418064117,
                    0.9892741441726685,
                    -0.0026534583885222673
                ],
                [
                    0.005432807374745607,
                    0.00348421698436141,
                    0.9999791979789734
                ]
            ]
        ],
        [
            0.04903499984741211,
            0.1763191375732422,
            0.47821868896484376,
            null,
            null,
            null,
            [
                [
                    0.9877073764801025,
                    0.15337423980236053,
                    0.03017396666109562
                ],
                [
                    -0.15281818807125092,
                    0.9880527853965759,
                    -0.019957153126597404
                ],
                [
                    -0.03287438675761223,
                    0.015100697055459023,
                    0.9993454217910767
                ]
            ]
        ],
        [
            0.05035964202880859,
            0.17348182678222657,
            0.4810903930664063,
            null,
            null,
            null,
            [
                [
                    0.988605260848999,
                    0.14605110883712769,
                    0.03645223006606102
                ],
                [
                    -0.14507530629634857,
                    0.9890207052230835,
                    -0.028128638863563538
                ],
                [
                    -0.04016023129224777,
                    0.022519800812005997,
                    0.9989394545555115
                ]
            ]
        ],
        [
            0.05538479614257812,
            0.17413629150390625,
            0.48237200927734375,
            null,
            null,
            null,
            [
                [
                    0.98735111951828,
                    0.15721678733825684,
                    0.020508836954832077
                ],
                [
                    -0.15808381140232086,
                    0.9860842227935791,
                    0.05145280808210373
                ],
                [
                    -0.012134196236729622,
                    -0.05404410511255264,
                    0.998464822769165
                ]
            ]
        ],
        [
            0.059882713317871095,
            0.17917076110839844,
            0.4835736083984375,
            null,
            null,
            null,
            [
                [
                    0.9893819093704224,
                    0.1425297111272812,
                    -0.028436949476599693
                ],
                [
                    -0.1393209546804428,
                    0.9858037233352661,
                    0.09370508790016174
                ],
                [
                    0.04138901084661484,
                    -0.0887482613325119,
                    0.9951937794685364
                ]
            ]
        ],
        [
            0.06224150085449219,
            0.18317572021484374,
            0.4842255859375,
            null,
            null,
            null,
            [
                [
                    0.9847620725631714,
                    0.15785111486911774,
                    -0.07298406958580017
                ],
                [
                    -0.1541469842195511,
                    0.9865764379501343,
                    0.053903449326753616
                ],
                [
                    0.08051308244466782,
                    -0.04183179885149002,
                    0.995875358581543
                ]
            ]
        ],
        [
            0.05641619873046875,
            0.191272216796875,
            0.4839449768066406,
            null,
            null,
            null,
            [
                [
                    0.9833563566207886,
                    0.15101081132888794,
                    -0.10102491080760956
                ],
                [
                    -0.14426524937152863,
                    0.9869828224182129,
                    0.07108074426651001
                ],
                [
                    0.11044380813837051,
                    -0.055323317646980286,
                    0.9923413991928101
                ]
            ]
        ],
        [
            0.04701008987426758,
            0.2018787841796875,
            0.4843963928222656,
            null,
            null,
            null,
            [
                [
                    0.9810721278190613,
                    0.1584862768650055,
                    -0.11126348376274109
                ],
                [
                    -0.1512695699930191,
                    0.9859676361083984,
                    0.07060688734054565
                ],
                [
                    0.12089242041110992,
                    -0.052439671009778976,
                    0.9912795424461365
                ]
            ]
        ],
        [
            0.034043663024902346,
            0.2128255615234375,
            0.48644561767578126,
            null,
            null,
            null,
            [
                [
                    0.9836980700492859,
                    0.15333785116672516,
                    -0.0939449742436409
                ],
                [
                    -0.15214420855045319,
                    0.9881603121757507,
                    0.0197819322347641
                ],
                [
                    0.09586600959300995,
                    -0.005166264716535807,
                    0.9953808188438416
                ]
            ]
        ],
        [
            0.023114395141601563,
            0.2233802032470703,
            0.48946371459960936,
            null,
            null,
            null,
            [
                [
                    0.9866272807121277,
                    0.1542932689189911,
                    -0.05253813415765762
                ],
                [
                    -0.15257728099822998,
                    0.9876621961593628,
                    0.03526422753930092
                ],
                [
                    0.057330962270498276,
                    -0.026776522397994995,
                    0.9979960918426514
                ]
            ]
        ],
        [
            0.01482973575592041,
            0.23902886962890624,
            0.4939513854980469,
            null,
            null,
            null,
            [
                [
                    0.9862284660339355,
                    0.16475220024585724,
                    -0.014496111311018467
                ],
                [
                    -0.16424863040447235,
                    0.985934317111969,
                    0.030917273834347725
                ],
                [
                    0.01938590221107006,
                    -0.028110528364777565,
                    0.9994168281555176
                ]
            ]
        ],
        [
            0.011408246994018555,
            0.2479541015625,
            0.5004374694824218,
            null,
            null,
            null,
            [
                [
                    0.984557032585144,
                    0.17504675686359406,
                    -0.002473113127052784
                ],
                [
                    -0.17506369948387146,
                    0.9844904541969299,
                    -0.011457424610853195
                ],
                [
                    0.0004291712830308825,
                    0.011713440530002117,
                    0.999931275844574
                ]
            ]
        ],
        [
            0.013401445388793945,
            0.2599745178222656,
            0.5066257629394532,
            null,
            null,
            null,
            [
                [
                    0.9895978569984436,
                    0.14072883129119873,
                    0.029857080429792404
                ],
                [
                    -0.14161284267902374,
                    0.9894704818725586,
                    0.02990024909377098
                ],
                [
                    -0.02533487230539322,
                    -0.03381736949086189,
                    0.9991068840026855
                ]
            ]
        ],
        [
            0.019364156723022462,
            0.27022955322265624,
            0.5128133544921875,
            null,
            null,
            null,
            [
                [
                    0.9882242679595947,
                    0.151728555560112,
                    0.01977887749671936
                ],
                [
                    -0.15190334618091583,
                    0.9883657693862915,
                    0.007648044265806675
                ],
                [
                    -0.01838833838701248,
                    -0.010562460869550705,
                    0.9997751116752625
                ]
            ]
        ],
        [
            0.025852546691894532,
            0.2759385681152344,
            0.520836669921875,
            null,
            null,
            null,
            [
                [
                    0.9911822080612183,
                    0.1323332041501999,
                    -0.006763880141079426
                ],
                [
                    -0.13239675760269165,
                    0.9911461472511292,
                    -0.010019892826676369
                ],
                [
                    0.0053780293092131615,
                    0.01082705520093441,
                    0.9999269247055054
                ]
            ]
        ],
        [
            0.029381330490112306,
            0.2859878234863281,
            0.5265950317382813,
            null,
            null,
            null,
            [
                [
                    0.988399088382721,
                    0.14619611203670502,
                    -0.041157741099596024
                ],
                [
                    -0.14519573748111725,
                    0.9890521764755249,
                    0.02634366787970066
                ],
                [
                    0.04455849528312683,
                    -0.020062128081917763,
                    0.9988052845001221
                ]
            ]
        ],
        [
            0.029558347702026366,
            0.2984564208984375,
            0.5324813232421876,
            null,
            null,
            null,
            [
                [
                    0.9828481674194336,
                    0.16667845845222473,
                    -0.07891656458377838
                ],
                [
                    -0.16596387326717377,
                    0.9860088229179382,
                    0.01557529903948307
                ],
                [
                    0.0804084911942482,
                    -0.002210855484008789,
                    0.9967595338821411
                ]
            ]
        ],
        [
            0.024828929901123047,
            0.30645458984375,
            0.537624267578125,
            null,
            null,
            null,
            [
                [
                    0.9869329333305359,
                    0.13691739737987518,
                    -0.08495273441076279
                ],
                [
                    -0.1375304013490677,
                    0.9904965758323669,
                    -0.0013780854642391205
                ],
                [
                    0.08395671099424362,
                    0.01304366160184145,
                    0.9963840246200562
                ]
            ]
        ],
        [
            0.017709321975708008,
            0.320258544921875,
            0.540654296875,
            null,
            null,
            null,
            [
                [
                    0.9873782396316528,
                    0.12825070321559906,
                    -0.09292979538440704
                ],
                [
                    -0.1253276765346527,
                    0.9914378523826599,
                    0.036659762263298035
                ],
                [
                    0.09683575481176376,
                    -0.02455037645995617,
                    0.9949975609779358
                ]
            ]
        ],
        [
            0.010042230606079101,
            0.331187255859375,
            0.5424122924804687,
            null,
            null,
            null,
            [
                [
                    0.9838751554489136,
                    0.1658613085746765,
                    -0.06693077087402344
                ],
                [
                    -0.16570395231246948,
                    0.9861436486244202,
                    0.00793464481830597
                ],
                [
                    0.06731940060853958,
                    0.0032839926425367594,
                    0.9977260828018188
                ]
            ]
        ],
        [
            0.0034151167869567872,
            0.3378503112792969,
            0.5462673950195313,
            null,
            null,
            null,
            [
                [
                    0.9886758327484131,
                    0.14563016593456268,
                    -0.03622093051671982
                ],
                [
                    -0.1467430740594864,
                    0.9887126088142395,
                    -0.03022962063550949
                ],
                [
                    0.031409744173288345,
                    0.03520246595144272,
                    0.9988864660263062
                ]
            ]
        ],
        [
            0.001610529661178589,
            0.3493037109375,
            0.5496433715820312,
            null,
            null,
            null,
            [
                [
                    0.989902913570404,
                    0.1415008008480072,
                    -0.008349400945007801
                ],
                [
                    -0.14139136672019958,
                    0.9898748993873596,
                    0.012498664669692516
                ],
                [
                    0.010033433325588703,
                    -0.011191931553184986,
                    0.9998870491981506
