{
    "amplitude": 0.05828496018466197,
    "frequency": 0.015961441267128416,
    "seed": 1762039213,
    "time_interval": 0.05,
    "pid_gains": {
        "pid_rate": {
            "roll_kp": "50.0",
            "roll_ki": "0.0",
            "roll_kd": "0.0",
            "pitch_kp": "50.0",
            "pitch_ki": "0.0",
            "pitch_kd": "0.0",
            "yaw_kp": "80.0",
            "yaw_ki": "0.0",
            "yaw_kd": "0.0"
        },
        "pid_attitude": {
            "roll_kp": "8.0",
            "roll_ki": "0.0",
            "roll_kd": "0.20000000298023224",
            "pitch_kp": "8.0",
            "pitch_ki": "0.0",
            "pitch_kd": "1.0",
            "yaw_kp": "10.0",
            "yaw_ki": "0.0",
            "yaw_kd": "0.3499999940395355"
        },
        "velCtlPid": {
            "vxKp": "15.0",
            "vxKi": "1.0",
            "vxKd": "0.0",
            "vyKp": "10.0",
            "vyKi": "1.0",
            "vyKd": "0.0",
            "vzKp": "12.5",
            "vzKi": "0.5",
            "vzKd": "0.0"
        },
        "posCtlPid": {
            "xKp": "1.5",
            "xKi": "0.0",
            "xKd": "0.0",
            "yKp": "1.5",
            "yKi": "0.0",
            "yKd": "0.0",
            "zKp": "5.0",
            "zKi": "0.5",
            "zKd": "0.0"
        }
    },
    "pose": [
        [
            0.04873708724975586,
            -0.0033369081020355224,
            0.26176272583007815,
            -0.0023711005703873633,
            0.025052301763986984,
            1.4987706292310623,
            [
                [
                    0.07194086164236069,
                    -0.9974087476730347,
                    -0.0005622942699119449
                ],
                [
                    0.9970942735671997,
                    0.07190399616956711,
                    0.02515529654920101
                ],
                [
                    -0.025049680843949318,
                    -0.0023703540209680796,
                    0.9996833801269531
                ]
            ]
        ],
        [
            0.048757953643798826,
            -0.0033898789882659914,
            0.2616788024902344,
            -0.002063471709523479,
            0.02341601561061002,
            1.4989513246814128,
            [
                [
                    0.0717635527253151,
                    -0.9974216222763062,
                    -0.0003774272045120597
                ],
                [
                    0.9971468448638916,
                    0.07173489034175873,
                    0.023501547053456306
                ],
                [
                    -0.023413876071572304,
                    -0.002062904881313443,
                    0.9997237324714661
                ]
            ]
        ],
        [
            0.048486320495605466,
            -0.0040822806358337405,
            0.2617589416503906,
            -0.005495279388346375,
            0.020965591707535536,
            1.4860492220860895,
            [
                [
                    0.08462710678577423,
                    -0.996405839920044,
                    -0.0037010395899415016
                ],
                [
                    0.9961921572685242,
                    0.08452964574098587,
                    0.021353652700781822
                ],
                [
                    -0.020964056253433228,
                    -0.005494044162333012,
                    0.999765157699585
                ]
            ]
        ],
        [
            0.0495111083984375,
            -0.003656452655792236,
            0.2618617248535156,
            0.0029058081535279223,
            0.020228148545382352,
            1.6308594762209396,
            [
                [
                    -0.0600147470831871,
                    -0.9981960654258728,
                    0.001686416449956596
                ],
                [
                    0.9979925155639648,
                    -0.05996810272336006,
                    0.020364636555314064
                ],
                [
                    -0.020226769149303436,
                    0.0029052095487713814,
                    0.9997912049293518
                ]
            ]
        ],
        [
            0.048153053283691405,
            -0.0032655394077301027,
            0.2617875366210938,
            -0.0035743034165266474,
            0.021567069715437093,
            1.6658166634813836,
            [
                [
                    -0.09485534578561783,
                    -0.9954752922058105,
                    -0.005604227539151907
                ],
                [
                    0.9952574372291565,
                    -0.09495353698730469,
                    0.021128857508301735
                ],
                [
                    -0.021565398201346397,
                    -0.003573463764041662,
                    0.9997610449790955
                ]
            ]
        ],
        [
            0.04703850936889648,
            -0.003016429901123047,
            0.265012451171875,
            -0.0012484563130613635,
            0.025452591792352264,
            1.6776042401173399,
            [
                [
                    -0.10657040029764175,
                    -0.9942972660064697,
                    -0.0039544180035591125
                ],
                [
                    0.9939793944358826,
                    -0.10663643479347229,
                    0.025171704590320587
                ],
                [
                    -0.0254498440772295,
                    -0.0012480512959882617,
                    0.9996753334999084
                ]
            ]
        ],
        [
            0.0417872314453125,
            -0.010060771942138672,
            0.2752959594726562,
            0.015478061586649772,
            -0.046342798954054576,
            1.4885276108169112,
            [
                [
                    0.08208770304918289,
                    -0.996557354927063,
                    0.011618652381002903
                ],
                [
                    0.9955478310585022,
                    0.08145149797201157,
                    -0.04743587225675583
                ],
                [
                    0.04632621258497238,
                    0.015460826456546783,
                    0.9988067150115967
                ]
            ]
        ],
        [
            0.03822534942626953,
            -0.014323086738586425,
            0.296365478515625,
            0.06855607544602371,
            -0.08375139850337354,
            1.2729545586221305,
            [
                [
                    0.2924290895462036,
                    -0.9554080963134766,
                    0.040995266288518906
                ],
                [
                    0.9526212811470032,
                    0.28729015588760376,
                    -0.09988512843847275
                ],
                [
                    0.083653524518013,
                    0.06826227903366089,
                    0.9941540956497192
                ]
            ]
        ],
        [
            0.02887763214111328,
            -0.023708284378051756,
            0.31990475463867185,
            0.04245920910314005,
            -0.13555018482628722,
            1.0973973004208677,
            [
                [
                    0.4517320990562439,
                    -0.8918367624282837,
                    -0.02377629093825817
                ],
                [
                    0.8818597197532654,
                    0.4503980576992035,
                    -0.13951732218265533
                ],
                [
                    0.1351354718208313,
                    0.0420570969581604,
                    0.9899341464042664
                ]
            ]
        ],
        [
            0.02181178092956543,
            -0.03773736190795898,
            0.339147705078125,
            0.11180315575918348,
            -0.1966351600539995,
            0.9212402229227956,
            [
                [
                    0.5931775569915771,
                    -0.8045642375946045,
                    -0.028579378500580788
                ],
                [
                    0.7810062766075134,
                    0.5836981534957886,
                    -0.22209377586841583
                ],
                [
                    0.19537045061588287,
                    0.10942036658525467,
                    0.9746063947677612
                ]
            ]
        ],
        [
            0.00858318042755127,
            -0.05017645645141602,
            0.35867947387695315,
            0.0563723122763406,
            -0.21163765638030796,
            0.7450526929531667,
            [
                [
                    0.7186518311500549,
                    -0.68563312292099,
                    -0.11595995724201202
                ],
                [
                    0.662882924079895,
                    0.725860059261322,
                    -0.1836121827363968
                ],
                [
                    0.21006129682064056,
                    0.055085357278585434,
                    0.9761351346969604
                ]
            ]
        ],
        [
            -0.005238330364227295,
            -0.0654629669189453,
            0.37294635009765625,
            -0.001998533164784766,
            -0.27793349246529986,
            0.7092700577767297,
            [
                [
                    0.7297166585922241,
                    -0.6508626341819763,
                    -0.2095026820898056
                ],
                [
                    0.6262868046760559,
                    0.7591930627822876,
                    -0.1771741509437561
                ],
                [
                    0.2743690311908722,
                    -0.0019218361703678966,
                    0.9616225361824036
                ]
            ]
        ],
        [
            -0.01968744659423828,
            -0.08140669250488282,
            0.38548095703125,
            -0.004837196316426207,
            -0.21509197582888007,
            0.6501259042350511,
            [
                [
                    0.7776650190353394,
                    -0.6044577360153198,
                    -0.17282359302043915
                ],
                [
                    0.5913388729095459,
                    0.7966232299804688,
                    -0.12533879280090332
                ],
                [
                    0.2134372889995575,
                    -0.004725710488855839,
                    0.9769453406333923
                ]
            ]
        ],
        [
            -0.039106723785400394,
            -0.09764301300048828,
            0.3942701416015625,
            -0.023324005944348858,
            -0.19369268565919806,
            0.606797514837579,
            [
                [
                    0.8061168789863586,
                    -0.5663968324661255,
                    -0.17137737572193146
                ],
                [
                    0.5595762133598328,
                    0.8238148093223572,
                    -0.09057362377643585
                ],
                [
                    0.1924838274717331,
                    -0.022885777056217194,
                    0.9810332655906677
                ]
            ]
        ],
        [
            -0.0579023208618164,
            -0.11648678588867188,
            0.39939654541015623,
            -0.0793349083858923,
            -0.19163036836000003,
            0.6363114206727661,
            [
                [
                    0.7895705103874207,
                    -0.5802235007286072,
                    -0.19979754090309143
                ],
                [
                    0.5833553671836853,
                    0.8107327818870544,
                    -0.04907979443669319
                ],
                [
                    0.19045966863632202,
                    -0.07780101150274277,
                    0.9786072373390198
                ]
            ]
        ],
        [
            -0.07680755615234375,
            -0.12859756469726563,
            0.4038841247558594,
            -0.07550170372506326,
            -0.14072747176310285,
            0.6023878356974547,
            [
                [
                    0.8158392906188965,
                    -0.5562795996665955,
                    -0.15798521041870117
                ],
                [
                    0.5610102415084839,
                    0.8276323676109314,
                    -0.01709529384970665
                ],
                [
                    0.14026343822479248,
                    -0.07468430697917938,
                    0.9872934818267822
                ]
            ]
        ],
        [
            -0.10005055236816406,
            -0.14080491638183593,
            0.4057746887207031,
            -0.08918398387625331,
            -0.10164613753460006,
            0.6030307537149064,
            [
                [
                    0.819369375705719,
                    -0.5574437379837036,
                    -0.13375450670719147
                ],
                [
                    0.5642139315605164,
                    0.8254728317260742,
                    0.016036637127399445
                ],
                [
                    0.1014711931347847,
                    -0.0886060893535614,
                    0.9908847212791443
                ]
            ]
        ],
        [
            -0.12076995086669921,
            -0.15566357421875,
            0.40661691284179685,
            -0.10714262844980985,
            -0.07557134938840182,
            0.5945105274391428,
            [
                [
                    0.8260583281517029,
                    -0.5502030849456787,
                    -0.12208299338817596
                ],
                [
                    0.5585047006607056,
                    0.8281944990158081,
                    0.046544671058654785
                ],
                [
                    0.07549943774938583,
                    -0.1066325381398201,
                    0.9914278984069824
                ]
            ]
        ],
        [
            -0.13936940002441406,
            -0.16271607971191407,
            0.408037109375,
            -0.08257026785469226,
            -0.03694104278863786,
            0.5772285146233256,
            [
                [
                    0.837406575679779,
                    -0.5412918329238892,
                    -0.07585101574659348
                ],
                [
                    0.5453312993049622,
                    0.8367855548858643,
                    0.049027882516384125
                ],
                [
                    0.03693264350295067,
                    -0.08242020756006241,
                    0.9959130883216858
                ]
            ]
        ],
        [
            -0.16142196655273439,
            -0.16843954467773437,
            0.40926412963867187,
            -0.15529649138653734,
            0.00797536150854361,
            0.560133226375256,
            [
                [
                    0.8471574187278748,
                    -0.5259503126144409,
                    -0.0755024179816246
                ],
                [
                    0.5312821865081787,
                    0.836333692073822,
                    0.13522283732891083
                ],
                [
                    -0.007975277490913868,
                    -0.15466810762882233,
                    0.9879342913627625
                ]
            ]
        ],
        [
            -0.17644065856933594,
            -0.17603250122070313,
            0.409142333984375,
            -0.09915555645426499,
            0.03996192003950849,
            0.5512065845477012,
            [
                [
                    0.8512130975723267,
                    -0.5245122313499451,
                    -0.017977191135287285
                ],
                [
                    0.5232973694801331,
                    0.8456376194953918,
                    0.1051519364118576
                ],
                [
                    -0.03995128348469734,
                    -0.09891412407159805,
                    0.9942936897277832
                ]
            ]
        ],
        [
            -0.1898180389404297,
            -0.17573262023925781,
            0.40893557739257813,
            -0.08689225820504301,
            0.08968254108261697,
            0.5480476384263973,
            [
                [
                    0.8501131534576416,
                    -0.5256902575492859,
                    0.03094114549458027
                ],
                [
                    0.5189279317855835,
                    0.8462735414505005,
                    0.1205609142780304
                ],
                [
                    -0.08956237137317657,
                    -0.08643419295549393,
                    0.9922236204147339
                ]
            ]
        ],
        [
            -0.20086532592773437,
            -0.17527241516113282,
            0.40925003051757813,
            -0.12626510884723866,
            0.1255263652890113,
            0.5432846319728298,
            [
                [
                    0.8492801189422607,
                    -0.5263310670852661,
                    0.04121784865856171
                ],
                [
                    0.5128830671310425,
                    0.8410504460334778,
                    0.17200329899787903
                ],
                [
                    -0.12519697844982147,
                    -0.12493904680013657,
                    0.9842336773872375
                ]
            ]
        ],
        [
            -0.2088362579345703,
            -0.17477528381347657,
            0.40790960693359374,
            -0.0842464257394733,
            0.15720570641271903,
            0.547279698708005,
            [
                [
                    0.8434129357337952,
                    -0.5297704339027405,
                    0.08943117409944534
                ],
                [
                    0.5139493346214294,
                    0.8440593481063843,
                    0.15303565561771393
                ],
                [
                    -0.15655899047851562,
                    -0.08310916274785995,
                    0.9841657280921936
                ]
            ]
        ],
        [
            -0.21357046508789063,
            -0.1672438201904297,
            0.40584954833984377,
            -0.05567142929767485,
            0.1830632286049485,
            0.5460595964100982,
            [
                [
                    0.840298056602478,
                    -0.5271756052970886,
                    0.12643180787563324
                ],
                [
                    0.5106463432312012,
                    0.8479931354522705,
                    0.14194351434707642
                ],
                [
                    -0.1820424646139145,
                    -0.054712925106287,
                    0.9817672967910767
                ]
            ]
        ],
        [
            -0.21552186584472657,
            -0.16032955932617188,
            0.404135498046875,
            -0.09759650173679829,
            0.19055581799236654,
            0.5931183019878794,
            [
                [
                    0.8141924738883972,
                    -0.5715932250022888,
                    0.10184235870838165
                ],
                [
                    0.5488319396972656,
                    0.8149398565292358,
                    0.18616262078285217
                ],
                [
                    -0.1894046813249588,
                    -0.09567786008119583,
                    0.9772264957427979
                ]
            ]
        ],
        [
            -0.214658203125,
            -0.15116891479492187,
            0.4011894836425781,
            -0.051032353477214076,
            0.20908387129726735,
            0.5685042984073707,
            [
                [
                    0.8243542313575745,
                    -0.5465937852859497,
                    0.14722532033920288
                ],
                [
                    0.5266472697257996,
                    0.8359098434448242,
                    0.1545877754688263
                ],
                [
                    -0.20756380259990692,
                    -0.049899276345968246,
                    0.9769479632377625
                ]
            ]
        ],
        [
            -0.21489697265625,
            -0.13785108947753907,
            0.39816305541992186,
            -0.08702945935697093,
            0.20889007169435203,
            0.5351928656387519,
            [
                [
                    0.8414716124534607,
                    -0.5235812067985535,
                    0.13337242603302002
                ],
                [
                    0.4989202618598938,
                    0.8477219939231873,
                    0.18012771010398865
                ],
                [
                    -0.2073742300271988,
                    -0.08503015339374542,
                    0.9745593070983887
                ]
            ]
        ],
        [
            -0.21140606689453126,
            -0.12550698852539063,
            0.3970786437988281,
            -0.10083456109074707,
            0.18971903127465772,
            0.549881497006328,
            [
                [
                    0.8372887372970581,
                    -0.5361167788505554,
                    0.10736110061407089
                ],
                [
                    0.5132095813751221,
                    0.8383352756500244,
                    0.18387484550476074
                ],
                [
                    -0.18858297169208527,
                    -0.0988575890660286,
                    0.9770689010620117
                ]
            ]
        ],
        [
            -0.20601643371582032,
            -0.1142326431274414,
            0.39658770751953126,
            -0.041422401908855766,
            0.17684392493331735,
            0.5586185054139854,
            [
                [
                    0.8347627520561218,
                    -0.5357382297515869,
                    0.12710493803024292
                ],
                [
                    0.5217490196228027,
                    0.8433995246887207,
                    0.12827786803245544
                ],
                [
                    -0.17592360079288483,
                    -0.0407647080719471,
                    0.9835594296455383
                ]
            ]
        ],
        [
            -0.2027427215576172,
            -0.09893080139160157,
            0.397195068359375,
            -0.042546337412629615,
            0.15996623848138092,
            0.5165941376399993,
            [
                [
                    0.8584051728248596,
                    -0.4993654787540436,
                    0.11736568063497543
                ],
                [
                    0.48761552572250366,
                    0.8653733134269714,
                    0.11558619886636734
                ],
                [
                    -0.15928487479686737,
                    -0.04199046269059181,
                    0.986339271068573
                ]
            ]
        ],
        [
            -0.19785357666015624,
            -0.08489643859863281,
            0.4007761535644531,
            -0.06426388949316231,
            0.12736655681036013,
            0.5393145566563555,
            [
                [
                    0.8511104583740234,
                    -0.5194873809814453,
                    0.07578815519809723
                ],
                [
                    0.5093881487846375,
                    0.8521004915237427,
                    0.12020186334848404
                ],
                [
                    -0.12702247500419617,
                    -0.06369947642087936,
                    0.9898523688316345
                ]
            ]
        ],
        [
            -0.19217918395996095,
            -0.07370960998535156,
            0.4045345458984375,
            -0.003363639980017208,
            0.09856094419957473,
            0.5338140725879186,
            [
                [
                    0.8566946983337402,
                    -0.5091025233268738,
                    0.08299914747476578
                ],
                [
                    0.5063510537147522,
                    0.8606993556022644,
                    0.052964046597480774
                ],
                [
                    -0.09840144962072372,
                    -0.0033473095390945673,
                    0.9951411485671997
                ]
            ]
        ],
        [
            -0.1879263916015625,
            -0.05548793411254883,
            0.41056576538085937,
            -0.028917541649617795,
            0.09255276221061193,
            0.5084265684803064,
            [
                [
                    0.8697729706764221,
                    -0.48893412947654724,
                    0.06662158668041229
                ],
                [
                    0.4847199320793152,
                    0.8718454837799072,
                    0.07022818177938461
                ],
                [
                    -0.09242068231105804,
                    -0.028789764270186424,
                    0.995303750038147
                ]
            ]
        ],
        [
            -0.185994384765625,
            -0.047597640991210936,
            0.41544146728515624,
            -0.028972135150736322,
            0.06108120394372807,
            0.5105782170633919,
            [
                [
                    0.8708350658416748,
                    -0.4900195002555847,
                    0.03907937929034233
                ],
                [
                    0.4877704679965973,
                    0.8712317943572998,
                    0.055091749876737595
                ],
                [
                    -0.06104322895407677,
                    -0.028914060443639755,
                    0.9977162480354309
                ]
            ]
        ],
        [
            -0.1814152069091797,
            -0.03915052032470703,
            0.42050927734375,
            0.022534879247852246,
            0.0477322306663599,
            0.52344456828652,
            [
                [
                    0.8651160597801208,
                    -0.498808354139328,
                    0.05257829278707504
                ],
                [
                    0.4992971122264862,
                    0.8664200305938721,
                    0.004328762646764517
                ],
                [
                    -0.04771410673856735,
                    0.022507308050990105,
                    0.9986073970794678
                ]
            ]
        ],
        [
            -0.18003897094726562,
            -0.02735331153869629,
            0.42543203735351565,
            -0.0034009388112507255,
            0.04121019650496027,
            0.4940263375615197,
            [
                [
                    0.8796833157539368,
                    -0.4742952585220337,
                    0.03465961292386055
                ],
                [
                    0.4737720489501953,
                    0.8803592920303345,
                    0.022529471665620804
                ],
                [
                    -0.04119853302836418,
                    -0.0033980451989918947,
                    0.9991452097892761
                ]
            ]
        ],
        [
            -0.17959246826171876,
            -0.021504657745361328,
            0.4304095458984375,
            0.006601572855464616,
            0.02858179544229511,
            0.49100346246108817,
            [
                [
                    0.8815000057220459,
                    -0.47133439779281616,
                    0.028313858434557915
                ],
                [
                    0.47131845355033875,
                    0.881929874420166,
                    0.007652882020920515
                ],
                [
                    -0.028577903285622597,
                    0.006598828826099634,
                    0.9995697736740112
                ]
            ]
        ],
        [
            -0.17668023681640624,
            -0.014785369873046876,
            0.43470608520507814,
            0.01673762613710461,
            0.03253446681949179,
            0.5182482679957255,
            [
                [
                    0.868228554725647,
                    -0.4948168694972992,
                    0.03654411435127258
                ],
                [
                    0.4950970411300659,
                    0.8688362240791321,
                    0.0015720470109954476
                ],
                [
                    -0.03252872824668884,
                    0.016727987676858902,
                    0.9993308186531067
                ]
            ]
        ],
        [
            -0.17720375061035157,
            -0.005848996639251709,
            0.4369195556640625,
            -0.004584453144299644,
            0.03990259075352598,
            0.5000201789205729,
            [
                [
                    0.8768743276596069,
                    -0.4795987010002136,
                    0.0328097939491272
                ],
                [
                    0.4790616035461426,
                    0.8774759769439697,
                    0.023148927837610245
                ],
                [
                    -0.03989200294017792,
                    -0.0045807878486812115,
                    0.9991934895515442
                ]
            ]
        ],
        [
            -0.17765379333496092,
            -0.002597520589828491,
            0.43959530639648436,
            -0.022943709542253832,
            0.04751523404100477,
            0.49000428542093594,
            [
                [
                    0.8813350200653076,
                    -0.4714672565460205,
                    0.031100308522582054
                ],
                [
                    0.47009849548339844,
                    0.8815857768058777,
                    0.0425899475812912
                ],
                [
                    -0.04749735817313194,
                    -0.022915804758667946,
                    0.9986084699630737
                ]
            ]
        ],
        [
            -0.17580662536621094,
            0.0053813886642456055,
            0.4404051513671875,
            0.017167207475716234,
            0.07163344003919736,
            0.5127425243943547,
            [
                [
                    0.8691676259040833,
                    -0.48942601680755615,
                    0.07078027725219727
                ],
                [
                    0.4893108308315277,
                    0.8718767166137695,
                    0.020147111266851425
                ],
                [
                    -0.0715721920132637,
                    0.017122341319918633,
                    0.9972884654998779
                ]
            ]
        ],
        [
            -0.1751217498779297,
            0.012461207389831542,
            0.43957742309570313,
            -0.040674967581783766,
            0.08334601740620795,
            0.47235752904211226,
            [
                [
                    0.8874069452285767,
                    -0.457625150680542,
                    0.055570781230926514
                ],
                [
                    0.45340752601623535,
                    0.8882213234901428,
                    0.07405712455511093
                ],
                [
                    -0.08324955403804779,
                    -0.04052259773015976,
                    0.9957044720649719
                ]
            ]
        ],
        [
            -0.17373809814453126,
            0.015970849990844728,
            0.4389186401367188,
            -0.01534174866404417,
            0.0989180226610955,
            0.47258079767774475,
            [
                [
                    0.886043906211853,
                    -0.4564811587333679,
                    0.08093927800655365
                ],
                [
                    0.4529606103897095,
                    0.8896021246910095,
                    0.05860709398984909
                ],
                [
                    -0.09875679016113281,
                    -0.01526615396142006,
                    0.9949945211410522
                ]
            ]
        ],
        [
            -0.1713860321044922,
            0.025260452270507813,
            0.436739013671875,
            -0.014230258466521678,
            0.11858468222407326,
            0.4697220556438545,
            [
                [
                    0.8854318261146545,
                    -0.4540937840938568,
                    0.09904198348522186
                ],
                [
                    0.44945961236953735,
                    0.8908418416976929,
                    0.06623346358537674
                ],
                [
                    -0.1183069497346878,
                    -0.01412984263151884,
                    0.9928765296936035
                ]
            ]
        ],
        [
            -0.16673052978515626,
            0.03354528427124023,
            0.43393463134765625,
            -0.046060592538187756,
            0.1369853455155421,
            0.4926452823254338,
            [
                [
                    0.8728309869766235,
                    -0.4779966175556183,
                    0.09841394424438477
                ],
                [
                    0.4685276746749878,
                    0.8771765232086182,
                    0.10508635640144348
                ],
                [
                    -0.13655732572078705,
                    -0.04561297222971916,
                    0.9895815253257751
                ]
            ]
        ],
        [
            -0.1622310791015625,
            0.039173934936523436,
            0.4313612060546875,
            -0.04004978610502932,
            0.14926386136819692,
            0.4592753772355861,
            [
                [
                    0.8864070177078247,
                    -0.4482804238796234,
                    0.11544380336999893
                ],
                [
                    0.4383695721626282,
                    0.8930156826972961,
                    0.10176017135381699
                ],
                [
                    -0.1487102210521698,
                    -0.039593879133462906,
                    0.9880878329277039
                ]
            ]
        ],
        [
            -0.15662007141113282,
            0.04970001220703125,
            0.4283131103515625,
            -0.014877901222088652,
            0.15381807553735105,
            0.45332010952208446,
            [
                [
                    0.8883838057518005,
                    -0.43995341658592224,
                    0.131206676363945
                ],
                [
                    0.4327819347381592,
                    0.8979002237319946,
                    0.08046700060367584
                ],
                [
                    -0.15321223437786102,
                    -0.01470169797539711,
                    0.9880839586257935
                ]
            ]
        ],
        [
            -0.14867637634277345,
            0.059127952575683596,
            0.426242919921875,
            -0.06911954482553845,
            0.14941361975827028,
            0.47483563839580406,
            [
                [
                    0.879459023475647,
                    -0.46524402499198914,
                    0.10049791634082794
                ],
                [
                    0.4520984888076782,
                    0.8825439214706421,
                    0.12931813299655914
                ],
                [
                    -0.14885830879211426,
                    -0.06829503923654556,
                    0.9864973425865173
                ]
            ]
        ],
        [
            -0.14034967041015625,
            0.06619191741943359,
            0.4242489013671875,
            -0.005346536719528505,
            0.15475815306203078,
            0.4342421895568404,
            [
                [
                    0.896347165107727,
                    -0.4214646518230438,
                    0.13758377730846405
                ],
                [
                    0.415694922208786,
                    0.9068294167518616,
                    0.06970009952783585
                ],
                [
                    -0.1541411429643631,
                    -0.005282617174088955,
                    0.988034725189209
                ]
            ]
        ],
        [
            -0.13198733520507813,
            0.07772598266601563,
            0.42289324951171875,
            -0.005212178032160314,
            0.15217627340511175,
            0.43531025527311773,
            [
                [
                    0.8962605595588684,
                    -0.42240244150161743,
                    0.1352524608373642
                ],
                [
                    0.4168184697628021,
                    0.9063937664031982,
                    0.0686492845416069
                ],
                [
                    -0.15158961713314056,
                    -0.005151920951902866,
                    0.9884300827980042
                ]
            ]
        ],
        [
            -0.12200009918212891,
            0.08704559326171875,
            0.42254547119140623,
            -0.0367116673544407,
            0.14245994459644873,
            0.45166049475195347,
            [
                [
                    0.8906091451644897,
                    -0.44085457921028137,
                    0.11163581907749176
                ],
                [
                    0.43203866481781006,
                    0.8968429565429688,
                    0.0949491634964943
                ],
                [
                    -0.14197856187820435,
                    -0.03633160516619682,
                    0.9892027378082275
                ]
            ]
        ],
        [
            -0.11105831146240235,
            0.09489904022216797,
            0.4229635314941406,
            0.013148982191950848,
            0.136298723705792,
            0.42033381345470666,
            [
                [
                    0.9044857621192932,
                    -0.40639886260032654,
                    0.12940414249897003
                ],
                [
                    0.40428072214126587,
                    0.913602888584137,
                    0.04343787580728531
                ],
                [
                    -0.1358771026134491,
                    0.013026660308241844,
                    0.9906400442123413
                ]
            ]
        ],
        [
            -0.10146344757080078,
            0.10565999603271484,
            0.42416650390625,
            0.009147099498196254,
            0.12205107193297371,
            0.4334847027703154,
            [
                [
                    0.9007565975189209,
