{
    "amplitude": 0.05556442668905079,
    "frequency": 0.0225966459301324,
    "seed": 1762038412,
    "time_interval": 0.05,
    "pid_gains": {
        "pid_rate": {
            "roll_kp": "50.0",
            "roll_ki": "0.0",
            "roll_kd": "0.0",
            "pitch_kp": "50.0",
            "pitch_ki": "0.0",
            "pitch_kd": "0.0",
            "yaw_kp": "80.0",
            "yaw_ki": "0.0",
            "yaw_kd": "0.0"
        },
        "pid_attitude": {
            "roll_kp": "6.0",
            "roll_ki": "0.0",
            "roll_kd": "0.20000000298023224",
            "pitch_kp": "6.0",
            "pitch_ki": "0.0",
            "pitch_kd": "1.0",
            "yaw_kp": "10.0",
            "yaw_ki": "0.0",
            "yaw_kd": "0.3499999940395355"
        },
        "velCtlPid": {
            "vxKp": "15.0",
            "vxKi": "1.0",
            "vxKd": "0.0",
            "vyKp": "10.0",
            "vyKi": "1.0",
            "vyKd": "0.0",
            "vzKp": "12.5",
            "vzKi": "0.5",
            "vzKd": "0.0"
        },
        "posCtlPid": {
            "xKp": "1.5",
            "xKi": "0.0",
            "xKd": "0.0",
            "yKp": "1.5",
            "yKi": "0.0",
            "yKd": "0.0",
            "zKp": "5.0",
            "zKi": "0.5",
            "zKd": "0.0"
        }
    },
    "pose": [
        [
            -0.0025651543140411378,
            0.0045452542304992676,
            0.26215945434570315,
            0.02666107185467126,
            0.02605724527195008,
            1.5948873110689563,
            [
                [
                    -0.024080494418740273,
                    -0.9993712902069092,
                    0.026022788137197495
                ],
                [
                    0.9993704557418823,
                    -0.023385757580399513,
                    0.02667963318526745
                ],
                [
                    -0.026054296642541885,
                    0.026648864150047302,
                    0.999305248260498
                ]
            ]
        ],
        [
            -0.002609910249710083,
            0.004529545307159424,
            0.2622019653320313,
            0.027131467056623393,
            0.026405765562363515,
            1.5936391336221183,
            [
                [
                    -0.022832870483398438,
                    -0.9993875622749329,
                    0.02651822380721569
                ],
                [
                    0.9993906021118164,
                    -0.02211635746061802,
                    0.027005724608898163
                ],
                [
                    -0.02640269696712494,
                    0.027118680998682976,
                    0.999283492565155
                ]
            ]
        ],
        [
            -0.002540545701980591,
            0.0038424241542816162,
            0.26207196044921877,
            0.025519329638190036,
            0.02396824827337718,
            1.6008510606146311,
            [
                [
                    -0.030041581019759178,
                    -0.999241292476654,
                    0.024785088375210762
                ],
                [
                    0.9992613196372986,
                    -0.029429176822304726,
                    0.024714108556509018
                ],
                [
                    -0.023965952917933464,
                    0.02550923079252243,
                    0.999387264251709
                ]
            ]
        ],
        [
            -0.0013451815843582152,
            0.004403786659240723,
            0.26228445434570313,
            0.032829835056305656,
            0.025867809672085462,
            1.740073274046581,
            [
                [
                    -0.16841331124305725,
                    -0.9853187203407288,
                    0.027999673038721085
                ],
                [
                    0.9853770732879639,
                    -0.16754204034805298,
                    0.03101133368909359
                ],
                [
                    -0.025864925235509872,
                    0.03281295672059059,
                    0.9991267919540405
                ]
            ]
        ],
        [
            -0.003738008260726929,
            0.0051441798210144045,
            0.2622998046875,
            0.025954185759138215,
            0.029047520047400965,
            1.8039103366897926,
            [
                [
                    -0.23091095685958862,
                    -0.9727981686592102,
                    0.018542317673563957
                ],
                [
                    0.972541332244873,
                    -0.23019728064537048,
                    0.03424330800771713
                ],
                [
                    -0.02904343605041504,
                    0.025940323248505592,
                    0.9992415308952332
                ]
            ]
        ],
        [
            -0.004206923007965088,
            0.004177167415618897,
            0.26572918701171877,
            0.01968964619842839,
            0.0006258196747022104,
            1.7783880845180775,
            [
                [
                    -0.20610392093658447,
                    -0.9783429503440857,
                    0.019136708229780197
                ],
                [
                    0.9785299301147461,
                    -0.20605194568634033,
                    0.004670117050409317
                ],
                [
                    -0.0006258201319724321,
                    0.01968836970627308,
                    0.9998059868812561
                ]
            ]
        ],
        [
            -0.006277522563934326,
            0.005311799049377441,
            0.2773929748535156,
            0.025558087724561585,
            0.012336944084279544,
            1.5611953301409651,
            [
                [
                    0.009600129909813404,
                    -0.9996243119239807,
                    0.025672530755400658
                ],
                [
                    0.9998778104782104,
                    0.009912976995110512,
                    0.012086681090295315
                ],
                [
                    -0.012336631305515766,
                    0.02555336058139801,
                    0.9995973110198975
                ]
            ]
        ],
        [
            -0.013263613700866698,
            0.0027493033409118654,
            0.2962837219238281,
            -0.01570515983064813,
            -0.028515313314708912,
            1.3352355855627553,
            [
                [
                    0.23329341411590576,
                    -0.972159206867218,
                    -0.021924229338765144
                ],
                [
                    0.971988320350647,
                    0.2337948977947235,
                    -0.024055397137999535
                ],
                [
                    0.028511449694633484,
                    -0.015698129311203957,
                    0.9994701743125916
                ]
            ]
        ],
        [
            -0.02285855484008789,
            -0.0006890265345573425,
            0.3179605712890625,
            -0.039230171587292806,
            -0.07223250907324563,
            1.184649480959341,
            [
                [
                    0.3756397068500519,
                    -0.9245883226394653,
                    -0.06349199265241623
                ],
                [
                    0.9239515066146851,
                    0.37895411252975464,
                    -0.052033063024282455
                ],
                [
                    0.0721697136759758,
                    -0.03911783918738365,
                    0.9966249465942383
                ]
            ]
        ],
        [
            -0.033808162689208984,
            0.0014283047914505004,
            0.33611392211914065,
            -0.024621405249327877,
            -0.0725178028190927,
            0.9799378203884217,
            [
                [
                    0.5556100606918335,
                    -0.8292173743247986,
                    -0.06079525873064995
                ],
                [
                    0.8282800316810608,
                    0.5583866834640503,
                    -0.046437762677669525
                ],
                [
                    0.07245425879955292,
                    -0.024554213508963585,
                    0.9970694184303284
                ]
            ]
        ],
        [
            -0.04421453094482422,
            -0.002505786180496216,
            0.35074542236328127,
            0.002565297291457269,
            -0.089351627883828,
            0.7933479267001706,
            [
                [
                    0.6986649036407471,
                    -0.7128639221191406,
                    -0.06076500564813614
                ],
                [
                    0.7098625898361206,
                    0.7012977004051208,
                    -0.06539596617221832
                ],
                [
                    0.08923278003931046,
                    0.0025550583377480507,
                    0.99600750207901
                ]
            ]
        ],
        [
            -0.054750286102294925,
            -0.003726422309875488,
            0.362092041015625,
            -0.02071326826675779,
            -0.09440716919498926,
            0.7699550193399495,
            [
                [
                    0.7147449851036072,
                    -0.6945518851280212,
                    -0.08208125084638596
                ],
                [
                    0.6930031776428223,
                    0.7191470861434937,
                    -0.05073559284210205
                ],
                [
                    0.09426699578762054,
                    -0.020619554445147514,
                    0.9953333735466003
                ]
            ]
        ],
        [
            -0.06820623779296875,
            -0.00952308464050293,
            0.3728431396484375,
            -0.003368284440021907,
            -0.10835474692186953,
            0.6488470926478381,
            [
                [
                    0.7921081781387329,
                    -0.6039745211601257,
                    -0.08820101618766785
                ],
                [
                    0.6007243990898132,
                    0.7969965934753418,
                    -0.06266313046216965
                ],
                [
                    0.10814284533262253,
                    -0.003348524449393153,
                    0.9941297173500061
                ]
            ]
        ],
        [
            -0.082078857421875,
            -0.014265318870544434,
            0.38086090087890623,
            -0.0070003274252363745,
            -0.08081685898068569,
            0.6045482614385745,
            [
                [
                    0.8200735449790955,
                    -0.5679115653038025,
                    -0.07039769738912582
                ],
                [
                    0.5665352940559387,
                    0.8230599761009216,
                    -0.040124885737895966
                ],
                [
                    0.0807289108633995,
                    -0.006977422628551722,
                    0.9967116713523865
                ]
            ]
        ],
        [
            -0.09442322540283203,
            -0.01869715690612793,
            0.3848971252441406,
            0.017178281553733243,
            -0.0651583203704642,
            0.5863435234852462,
            [
                [
                    0.8312018513679504,
                    -0.5541689991950989,
                    -0.044723886996507645
                ],
                [
                    0.5521448254585266,
                    0.8322276473045349,
                    -0.05033079534769058
                ],
                [
                    0.06511222571134567,
                    0.017140984535217285,
                    0.9977307319641113
                ]
            ]
        ],
        [
            -0.10402515411376953,
            -0.02498687171936035,
            0.38679464721679685,
            0.025213745977631985,
            -0.03907063324426607,
            0.5717276859970526,
            [
                [
                    0.8403255939483643,
                    -0.5417419672012329,
                    -0.019196975976228714
                ],
                [
                    0.5406728386878967,
                    0.8401672840118408,
                    -0.04233016073703766
                ],
                [
                    0.039060693234205246,
                    0.025191834196448326,
                    0.9989192485809326
                ]
            ]
        ],
        [
            -0.11335611724853516,
            -0.028556074142456055,
            0.389208251953125,
            0.015884275484741972,
            -0.023157959839521736,
            0.5384968855818679,
            [
                [
                    0.8582503199577332,
                    -0.5130972266197205,
                    -0.011730524711310863
                ],
                [
                    0.5127086639404297,
                    0.8581835627555847,
                    -0.025509679690003395
                ],
                [
                    0.02315589040517807,
                    0.015879347920417786,
                    0.9996057748794556
                ]
            ]
        ],
        [
            -0.1231976547241211,
            -0.03129526329040527,
            0.3883598937988281,
            0.022167247270063528,
            -0.018414172907669224,
            0.578093079467098,
            [
                [
                    0.8373641967773438,
                    -0.5466354489326477,
                    -0.00330551341176033
                ],
                [
                    0.5463352203369141,
                    0.8370773792266846,
                    -0.028622662648558617
                ],
                [
                    0.018413132056593895,
                    0.02216167375445366,
                    0.9995847940444946
                ]
            ]
        ],
        [
            -0.12998683166503905,
            -0.0360491828918457,
            0.38800912475585936,
            0.02126354384146234,
            -0.002011133392361586,
            0.5372736924682284,
            [
                [
                    0.8591054677963257,
                    -0.5117167234420776,
                    0.009154383093118668
                ],
                [
                    0.5117946863174438,
                    0.8588910698890686,
                    -0.0192953422665596
                ],
                [
                    0.0020111321937292814,
                    0.021261898800730705,
                    0.9997718930244446
                ]
            ]
        ],
        [
            -0.1350470275878906,
            -0.03929512023925781,
            0.38989666748046875,
            0.02597513652015515,
            0.0001970496525096621,
            0.5253681143595355,
            [
                [
                    0.865139365196228,
                    -0.501357913017273,
                    0.013196302577853203
                ],
                [
                    0.5015314817428589,
                    0.8648501038551331,
                    -0.02237079292535782
                ],
                [
                    -0.00019704947771970183,
                    0.025972215458750725,
                    0.9996626377105713
                ]
            ]
        ],
        [
            -0.14005995178222655,
            -0.04168606948852539,
            0.3893757019042969,
            0.015264332596099273,
            0.018458195985011416,
            0.5364052399565812,
            [
                [
                    0.8594049215316772,
                    -0.5107477307319641,
                    0.023663543164730072
                ],
                [
                    0.5109623670578003,
                    0.8595951795578003,
                    -0.0036885521840304136
                ],
                [
                    -0.01845714822411537,
                    0.01526113972067833,
                    0.9997131824493408
                ]
            ]
        ],
        [
            -0.141756591796875,
            -0.04465801239013672,
            0.3892861328125,
            0.03352225342779619,
            0.03233508560464493,
            0.5201333452795374,
            [
                [
                    0.8672993183135986,
                    -0.49577638506889343,
                    0.04469551518559456
                ],
                [
                    0.4967360496520996,
                    0.8678039312362671,
                    -0.013025010004639626
                ],
                [
                    -0.03232945129275322,
                    0.033498454838991165,
                    0.9989157319068909
                ]
            ]
        ],
        [
            -0.1428765563964844,
            -0.044577266693115236,
            0.3909955749511719,
            0.016927583494851017,
            0.04503346105307293,
            0.4963415845481648,
            [
                [
                    0.8784391283988953,
                    -0.4754734933376312,
                    0.047640975564718246
                ],
                [
                    0.47572895884513855,
                    0.8795675039291382,
                    0.00655091367661953
                ],
                [
                    -0.04501824080944061,
                    0.016909614205360413,
                    0.9988430142402649
                ]
            ]
        ],
        [
            -0.14245668029785155,
            -0.04509356689453125,
            0.3912029113769531,
            0.01641439868342265,
            0.05002453795889705,
            0.5144678896076522,
            [
                [
                    0.8694656491279602,
                    -0.4912908971309662,
                    0.05160176753997803
                ],
                [
                    0.49145612120628357,
                    0.8708412647247314,
                    0.01031308900564909
                ],
                [
                    -0.05000367760658264,
                    0.016393128782510757,
                    0.998614490032196
                ]
            ]
        ],
        [
            -0.14218037414550783,
            -0.04486150741577148,
            0.38865533447265627,
            -0.013843702448594536,
            0.06445856063290134,
            0.49027139495597594,
            [
                [
                    0.8803730010986328,
                    -0.47160688042640686,
                    0.05030254274606705
                ],
                [
                    0.46988746523857117,
                    0.8817006945610046,
                    0.04253997653722763
                ],
                [
                    -0.06441393494606018,
                    -0.013814511708915234,
                    0.9978276491165161
                ]
            ]
        ],
        [
            -0.1422139434814453,
            -0.039517669677734374,
            0.3900617980957031,
            -0.06365505677039224,
            0.06369533200688382,
            0.48077499256398276,
            [
                [
                    0.8848388195037842,
                    -0.465119868516922,
                    0.02690369449555874
                ],
                [
                    0.46152862906455994,
                    0.882968544960022,
                    0.08577822893857956
                ],
                [
                    -0.06365226954221725,
                    -0.06348308175802231,
                    0.9959509372711182
                ]
            ]
        ],
        [
            -0.1394335174560547,
            -0.03589706802368164,
            0.3893355712890625,
            -0.06559215404110091,
            0.07901393243300148,
            0.49408272927347846,
            [
                [
                    0.8776572346687317,
                    -0.47775936126708984,
                    0.038259297609329224
                ],
                [
                    0.4727447032928467,
                    0.8760573863983154,
                    0.09505705535411835
                ],
                [
                    -0.07893174141645432,
                    -0.06534063071012497,
                    0.9947363138198853
                ]
            ]
        ],
        [
            -0.1391296844482422,
            -0.02943382453918457,
            0.3896602783203125,
            -0.08748375403165137,
            0.06918177831631978,
            0.47538238750005196,
            [
                [
                    0.8869909048080444,
                    -0.46129822731018066,
                    0.02123827114701271
                ],
                [
                    0.4565836489200592,
                    0.8829532861709595,
                    0.10920094698667526
                ],
                [
                    -0.06912660598754883,
                    -0.08716320246458054,
                    0.9937927722930908
                ]
            ]
        ],
        [
            -0.1360087127685547,
            -0.02114645576477051,
            0.3926293029785156,
            -0.08742438096634952,
            0.07178127962704983,
            0.48198704573819784,
            [
                [
                    0.883793830871582,
                    -0.467319130897522,
                    0.022833172231912613
                ],
                [
                    0.4623470604419708,
                    0.879788875579834,
                    0.11048398911952972
                ],
                [
                    -0.07171965390443802,
                    -0.0870882123708725,
                    0.9936155676841736
                ]
            ]
        ],
        [
            -0.1339147186279297,
            -0.012929389953613282,
            0.3931557922363281,
            -0.077688274724556,
            0.07212090931029991,
            0.47403819850933626,
            [
                [
                    0.8874192237854004,
                    -0.4600818455219269,
                    0.02849159575998783
                ],
                [
                    0.45529624819755554,
                    0.8844956755638123,
                    0.10184646397829056
                ],
                [
                    -0.07205840200185776,
                    -0.07740839570760727,
                    0.9943920373916626
                ]
            ]
        ],
        [
            -0.13069371032714844,
            -0.006301869869232177,
            0.39464923095703125,
            -0.045095638135347366,
            0.05815675185584168,
            0.46845954515564003,
            [
                [
                    0.890756368637085,
                    -0.45339125394821167,
                    0.03145492076873779
                ],
                [
                    0.4507489800453186,
                    0.8901746869087219,
                    0.0664406269788742
                ],
                [
                    -0.05812397226691246,
                    -0.045004140585660934,
                    0.9972944259643555
                ]
            ]
        ],
        [
            -0.127500244140625,
            0.0021203615665435793,
            0.39905108642578124,
            -0.0027831368160976533,
            0.050279284544456404,
            0.43689115769618514,
            [
                [
                    0.9049264192581177,
                    -0.4232497811317444,
                    0.04435964301228523
                ],
                [
                    0.4225899577140808,
                    0.906008780002594,
                    0.023787079378962517
                ],
                [
                    -0.050258103758096695,
                    -0.0027796155773103237,
                    0.9987323880195618
                ]
            ]
        ],
        [
            -0.1234420166015625,
            0.00812583827972412,
            0.401064697265625,
            0.027906462590062603,
            0.02978447167801046,
            0.44538310100069833,
            [
                [
                    0.9020454287528992,
                    -0.42988601326942444,
                    0.038885075598955154
                ],
                [
                    0.43061256408691406,
                    0.902452290058136,
                    -0.012356432154774666
                ],
                [
                    -0.0297800675034523,
                    0.027890464290976524,
                    0.999167263507843
                ]
            ]
        ],
        [
            -0.12031317901611328,
            0.013220990180969238,
            0.4027945251464844,
            0.05213534919129989,
            0.0031455902920225487,
            0.44328542972187057,
            [
                [
                    0.9033429026603699,
                    -0.4281787872314453,
                    0.02518892101943493
                ],
                [
                    0.4289075434207916,
                    0.9021902680397034,
                    -0.04572765901684761
                ],
                [
                    -0.0031455850694328547,
                    0.05211147665977478,
                    0.9986363053321838
                ]
            ]
        ],
        [
            -0.11744429779052734,
            0.017902931213378905,
            0.4070218505859375,
            0.06911079936085474,
            -0.0021922609323836717,
            0.43243122980166515,
            [
                [
                    0.9079473614692688,
                    -0.4182164967060089,
                    0.026954157277941704
                ],
                [
                    0.4190784692764282,
                    0.9057186841964722,
                    -0.06361571699380875
                ],
                [
                    0.0021922586020082235,
                    0.06905563175678253,
                    0.9976103901863098
                ]
            ]
        ],
        [
            -0.114470458984375,
            0.020925392150878908,
            0.40948162841796876,
            0.04499781407960518,
            -0.011928118575633695,
            0.447863634103105,
            [
                [
                    0.90131014585495,
                    -0.4330861568450928,
                    0.008738755248486996
                ],
                [
                    0.4330100417137146,
                    0.9002295732498169,
                    -0.04570619761943817
                ],
                [
                    0.011927835643291473,
                    0.04497943073511124,
                    0.9989166855812073
                ]
            ]
        ],
        [
            -0.11195732879638672,
            0.022550945281982423,
            0.41197915649414063,
            0.06350080197807917,
            -0.019349931039209123,
            0.4256624487095509,
            [
                [
                    0.9105948805809021,
                    -0.4132102429866791,
                    0.008616769686341286
                ],
                [
                    0.4128468930721283,
                    0.9084227681159973,
                    -0.06576892733573914
                ],
                [
                    0.01934872381389141,
                    0.06344625353813171,
                    0.9977976679801941
                ]
            ]
        ],
        [
            -0.10989969635009765,
            0.02377635192871094,
            0.4149622497558594,
            0.05207155129305799,
            -0.014361473852005258,
            0.42119624693442137,
            [
                [
                    0.9125064015388489,
                    -0.4089803993701935,
                    0.00819188728928566
                ],
                [
                    0.4088102877140045,
                    0.9110579490661621,
                    -0.053362615406513214
                ],
                [
                    0.01436098013073206,
                    0.052042655646800995,
                    0.9985415935516357
                ]
            ]
        ],
        [
            -0.10575193786621094,
            0.021015661239624023,
            0.4161090087890625,
            0.0370213833171234,
            -0.011350538186747583,
            0.42499315285733275,
            [
                [
                    0.9109828472137451,
                    -0.4124147593975067,
                    0.0049274638295173645
                ],
                [
                    0.41228798031806946,
                    0.9102441072463989,
                    -0.03839699923992157
                ],
                [
                    0.011350294575095177,
                    0.037010543048381805,
                    0.9992504119873047
                ]
            ]
        ],
        [
            -0.10328561401367188,
            0.02048921012878418,
            0.41742401123046874,
            0.03042339869243657,
            -0.009634910916288764,
            0.4319529586842924,
            [
                [
                    0.9081077575683594,
                    -0.418717622756958,
                    0.003988885786384344
                ],
                [
                    0.41862574219703674,
                    0.9076069593429565,
                    -0.031656425446271896
                ],
                [
                    0.009634762071073055,
                    0.030417293310165405,
                    0.9994908571243286
                ]
            ]
        ],
        [
            -0.10109666442871093,
            0.019478462219238282,
            0.41924362182617186,
            0.03668603135374718,
            0.001896369639975859,
            0.39501388827808936,
            [
                [
                    0.922989547252655,
                    -0.38449788093566895,
                    0.01586354337632656
                ],
                [
                    0.3848203122615814,
                    0.9223969578742981,
                    -0.03312401846051216
                ],
                [
                    -0.0018963678739964962,
                    0.03667773678898811,
                    0.9993253350257874
                ]
            ]
        ],
        [
            -0.09805604553222656,
            0.017519647598266602,
            0.42013748168945314,
            -0.003450123423775736,
            0.002576236658903497,
            0.4136786655155663,
            [
                [
                    0.9156452417373657,
                    -0.40198615193367004,
                    0.0009720306843519211
                ],
                [
                    0.4019790589809418,
                    0.9156392216682434,
                    0.004194682464003563
                ],
                [
                    -0.002576233819127083,
                    -0.0034501051995903254,
                    0.999990701675415
                ]
            ]
        ],
        [
            -0.09517100524902344,
            0.016010210037231444,
            0.42065191650390626,
            0.008664860351942999,
            0.009981201618253221,
            0.41807287305870067,
            [
                [
                    0.9138275384902954,
                    -0.4059057831764221,
                    0.012638946995139122
                ],
                [
                    0.40597984194755554,
                    0.9138738512992859,
                    -0.003866334445774555
                ],
                [
                    -0.009981036186218262,
                    0.008664320223033428,
                    0.999912679195404
                ]
            ]
        ],
        [
            -0.0924388198852539,
            0.015490440368652344,
            0.4220401306152344,
            0.015413542475380154,
            0.020272561664321787,
            0.3959131944905687,
            [
                [
                    0.9224551916122437,
                    -0.3853168189525604,
                    0.0246448814868927
                ],
                [
                    0.3855716586112976,
                    0.9226556420326233,
                    -0.0064039938151836395
                ],
                [
                    -0.020271172747015953,
                    0.01540976483374834,
                    0.9996757507324219
                ]
            ]
        ],
        [
            -0.08833890533447265,
            0.013254627227783203,
            0.42272686767578127,
            -0.013301325469602499,
            0.02870335002533242,
            0.3961464986436362,
            [
                [
                    0.9221747517585754,
                    -0.3861841857433319,
                    0.02134205400943756
                ],
                [
                    0.38570719957351685,
                    0.922325849533081,
                    0.023343989625573158
                ],
                [
                    -0.02869940921664238,
                    -0.013295454904437065,
                    0.9994996786117554
                ]
            ]
        ],
        [
            -0.08421644592285156,
            0.013432917594909667,
            0.4232689208984375,
            0.029860376991460824,
            0.04603424433681291,
            0.4003927325107631,
            [
                [
                    0.9199323654174805,
                    -0.3883410394191742,
                    0.05399668961763382
                ],
                [
                    0.38936710357666016,
                    0.9210329651832581,
                    -0.009565675631165504
                ],
                [
                    -0.04601798579096794,
                    0.029824310913681984,
                    0.9984952807426453
                ]
            ]
        ],
        [
            -0.07875218963623047,
            0.015633712768554686,
            0.4226811218261719,
            0.01080786160498809,
            0.050919099370075216,
            0.37684115170265814,
            [
                [
                    0.928626537322998,
                    -0.36745214462280273,
                    0.05130002647638321
                ],
                [
                    0.3675081729888916,
                    0.9299798011779785,
                    0.008678983896970749
                ],
                [
                    -0.05089709907770157,
                    0.010793643072247505,
                    0.9986456036567688
                ]
            ]
        ],
        [
            -0.07275780487060547,
            0.015886571884155272,
            0.422539794921875,
            -0.03389731392013401,
            0.05293949428682487,
            0.40102116721940917,
            [
                [
                    0.9193730354309082,
                    -0.39178550243377686,
                    0.03545910120010376
                ],
                [
                    0.38981181383132935,
                    0.9194339513778687,
                    0.05184589698910713
                ],
                [
                    -0.05291476845741272,
                    -0.03384334221482277,
                    0.9980253577232361
                ]
            ]
        ],
        [
            -0.06759680938720704,
            0.01742279052734375,
            0.42172085571289064,
            -0.00709732883098832,
            0.050211291322655116,
            0.37963845310403566,
            [
                [
                    0.9276280999183655,
                    -0.37090620398521423,
                    0.0439852736890316
                ],
                [
                    0.3701176345348358,
                    0.9286432862281799,
                    0.025191184133291245
                ],
                [
                    -0.05019019544124603,
                    -0.0070883240550756454,
                    0.9987145066261292
                ]
            ]
        ],
        [
            -0.06170477676391602,
            0.02257522773742676,
            0.42095050048828125,
            -0.013322451175924122,
            0.05770561989796019,
            0.38503764667268287,
            [
                [
                    0.9252416491508484,
                    -0.3762727677822113,
                    0.04844255745410919
                ],
                [
                    0.37496885657310486,
                    0.9264134764671326,
                    0.03400661051273346
                ],
                [
                    -0.05767359957098961,
                    -0.013299882411956787,
                    0.9982469081878662
                ]
            ]
        ],
        [
            -0.055636363983154295,
            0.025672801971435545,
            0.42061505126953125,
            -0.057255392421337065,
            0.05018603572791558,
            0.3877607705373296,
            [
                [
                    0.9245924949645996,
                    -0.3801543116569519,
                    0.024727152660489082
                ],
                [
                    0.3776403069496155,
                    0.923155665397644,
                    0.07191280275583267
                ],
                [
                    -0.05016497150063515,
                    -0.05715206637978554,
                    0.9971043467521667
                ]
            ]
        ],
        [
            -0.04989288711547851,
            0.028927930831909178,
            0.41954388427734374,
            -0.018312582166149366,
            0.0387062992516789,
            0.38056794643201197,
            [
                [
                    0.9277583956718445,
                    -0.3720434606075287,
                    0.029120225459337234
                ],
                [
                    0.3711696267127991,
                    0.9280349612236023,
                    0.031372807919979095
                ],
                [
                    -0.03869663551449776,
                    -0.018297843635082245,
                    0.9990834593772888
                ]
            ]
        ],
        [
            -0.04466572189331055,
            0.03565340805053711,
            0.41970660400390625,
            -0.031545850255563196,
            0.03874966144918379,
            0.36575764912644493,
            [
                [
                    0.9331520199775696,
                    -0.3586200475692749,
                    0.024878714233636856
                ],
                [
                    0.357388436794281,
                    0.9329513907432556,
                    0.043303024023771286
                ],
                [
                    -0.03873996436595917,
                    -0.031516943126916885,
                    0.9987521767616272
                ]
            ]
        ],
        [
            -0.03973246383666992,
            0.03967485809326172,
            0.4208231201171875,
            -0.04678222311550992,
