{
    "amplitude": 0.0724883015825728,
    "frequency": 0.01658311753966587,
    "seed": 1762036337,
    "time_interval": 0.05,
    "pid_gains": {
        "pid_rate": {
            "roll_kp": "50.0",
            "roll_ki": "0.0",
            "roll_kd": "0.0",
            "pitch_kp": "50.0",
            "pitch_ki": "0.0",
            "pitch_kd": "0.0",
            "yaw_kp": "80.0",
            "yaw_ki": "0.0",
            "yaw_kd": "0.0"
        },
        "pid_attitude": {
            "roll_kp": "6.0",
            "roll_ki": "0.0",
            "roll_kd": "0.20000000298023224",
            "pitch_kp": "6.0",
            "pitch_ki": "0.0",
            "pitch_kd": "1.0",
            "yaw_kp": "10.0",
            "yaw_ki": "0.0",
            "yaw_kd": "0.3499999940395355"
        },
        "velCtlPid": {
            "vxKp": "15.0",
            "vxKi": "1.0",
            "vxKd": "0.0",
            "vyKp": "10.0",
            "vyKi": "1.0",
            "vyKd": "0.0",
            "vzKp": "12.5",
            "vzKi": "0.5",
            "vzKd": "0.0"
        },
        "posCtlPid": {
            "xKp": "1.5",
            "xKi": "0.0",
            "xKd": "0.0",
            "yKp": "1.5",
            "yKi": "0.0",
            "yKd": "0.0",
            "zKp": "5.0",
            "zKi": "0.5",
            "zKd": "0.0"
        }
    },
    "pose": [
        [
            0.006028495311737061,
            0.034414058685302736,
            0.2628603515625,
            -0.004004867378477606,
            0.025983893799973012,
            0.4157772025411601,
            [
                [
                    0.9144938588142395,
                    -0.40399298071861267,
                    0.0221497043967247
                ],
                [
                    0.4037646949291229,
                    0.9147533178329468,
                    0.014157310128211975
                ],
                [
                    -0.02598096989095211,
                    -0.004003504756838083,
                    0.9996544122695923
                ]
            ]
        ],
        [
            0.006022984981536865,
            0.0343920783996582,
            0.2628416748046875,
            -0.004276316914463202,
            0.026239334801910097,
            0.415914118166934,
            [
                [
                    0.9144324660301208,
                    -0.4041252136230469,
                    0.022271649911999702
                ],
                [
                    0.40388721227645874,
                    0.9146937131881714,
                    0.014511805027723312
                ],
                [
                    -0.02623632363975048,
                    -0.004274832084774971,
                    0.9996466040611267
                ]
            ]
        ],
        [
            0.0055974702835083,
            0.034207599639892575,
            0.2628825378417969,
            -0.005186384762994045,
            0.02478767320246522,
            0.42154281002882554,
            [
                [
                    0.9121784567832947,
                    -0.4092804789543152,
                    0.02049301192164421
                ],
                [
                    0.40904298424720764,
                    0.9123938679695129,
                    0.01487350556999445
                ],
                [
                    -0.024785134941339493,
                    -0.005184768233448267,
                    0.9996793270111084
                ]
            ]
        ],
        [
            0.006012513637542725,
            0.03406621932983398,
            0.262817138671875,
            0.0028940675625905854,
            0.024775442452237506,
            0.5265150171378269,
            [
                [
                    0.8642982840538025,
                    -0.5024593472480774,
                    0.022871999070048332
                ],
                [
                    0.5023691654205322,
                    0.8645960092544556,
                    0.009946811944246292
                ],
                [
                    -0.02477290853857994,
                    0.002893175231292844,
                    0.9996889233589172
                ]
            ]
        ],
        [
            0.006218929767608642,
            0.034813331604003905,
            0.26285745239257813,
            -0.0016965641595569347,
            0.029785775402984216,
            0.6383253165888585,
            [
                [
                    0.8027385473251343,
                    -0.5958910584449768,
                    0.022906329482793808
                ],
                [
                    0.5955870747566223,
                    0.8030635118484497,
                    0.019107745960354805
                ],
                [
                    -0.029781371355056763,
                    -0.0016958109335973859,
                    0.9995549917221069
                ]
            ]
        ],
        [
            0.004141268730163575,
            0.0368795166015625,
            0.26595095825195314,
            -0.01273505096790023,
            0.028978708272499265,
            0.6367799198782986,
            [
                [
                    0.8036770224571228,
                    -0.5948579907417297,
                    0.01572197675704956
                ],
                [
                    0.5943598747253418,
                    0.8037300109863281,
                    0.027466097846627235
                ],
                [
                    -0.02897465229034424,
                    -0.012729359790682793,
                    0.9994990825653076
                ]
            ]
        ],
        [
            0.0009356012344360351,
            0.03630600357055664,
            0.28233599853515623,
            0.07240694312138571,
            -0.0034857947494444375,
            0.4165281049005435,
            [
                [
                    0.9144935607910156,
                    -0.40375834703445435,
                    0.026089981198310852
                ],
                [
                    0.4045853912830353,
                    0.9120008945465088,
                    -0.06756485253572464
                ],
                [
                    0.003485787659883499,
                    0.07234325259923935,
                    0.9973737001419067
                ]
            ]
        ],
        [
            -0.002778249502182007,
            0.036708831787109375,
            0.29956802368164065,
            0.020247524113236617,
            -0.021843124283238424,
            0.24850019163850462,
            [
                [
                    0.96905118227005,
                    -0.2463287115097046,
                    -0.016186583787202835
                ],
                [
                    0.24589182436466217,
                    0.9689749479293823,
                    -0.024995027109980583
                ],
                [
                    0.021841388195753098,
                    0.020241310819983482,
                    0.9995565414428711
                ]
            ]
        ],
        [
            -0.006967671394348144,
            0.03506671142578125,
            0.32663650512695314,
            -0.019585232443446635,
            -0.04169363796612813,
            0.2473189198887914,
            [
                [
                    0.9687296152114868,
                    -0.2439669370651245,
                    -0.04519979655742645
                ],
                [
                    0.2445925921201706,
                    0.9695861339569092,
                    0.008786172606050968
                ],
                [
                    0.04168155789375305,
                    -0.019566960632801056,
                    0.9989393353462219
                ]
            ]
        ],
        [
            -0.013295034408569335,
            0.03153010940551758,
            0.3453394775390625,
            0.020696004968817322,
            -0.06414162843080895,
            0.21643659670387508,
            [
                [
                    0.9746605157852173,
                    -0.2160002589225769,
                    -0.05814461410045624
                ],
                [
                    0.21430912613868713,
                    0.9761748909950256,
                    -0.03397377207875252
                ],
                [
                    0.06409765779972076,
                    0.02065197192132473,
                    0.9977298974990845
                ]
            ]
        ],
        [
            -0.020741418838500978,
            0.02833958625793457,
            0.36051058959960935,
            0.036691440634616684,
            -0.12302529765491332,
            0.17879587001541308,
            [
                [
                    0.9766209721565247,
                    -0.18215489387512207,
                    -0.11415374279022217
                ],
                [
                    0.176500603556633,
                    0.9825956225395203,
                    -0.057907991111278534
                ],
                [
                    0.12271519750356674,
                    0.036405954509973526,
                    0.9917739629745483
                ]
            ]
        ],
        [
            -0.03158540153503418,
            0.023284318923950196,
            0.3772709655761719,
            0.003415485333185836,
            -0.11769040667675812,
            0.1931799669289391,
            [
                [
                    0.9746098518371582,
                    -0.1923731416463852,
                    -0.11457838118076324
                ],
                [
                    0.19065263867378235,
                    0.9813159704208374,
                    -0.02589397504925728
                ],
                [
                    0.11741890758275986,
                    0.0033918526023626328,
                    0.9930766820907593
                ]
            ]
        ],
        [
            -0.04260827255249024,
            0.016846796035766602,
            0.38805270385742185,
            0.01619167377082606,
            -0.1268668110277451,
            0.17280193831064367,
            [
                [
                    0.9771897196769714,
                    -0.17393876612186432,
                    -0.12184211611747742
                ],
                [
                    0.17056135833263397,
                    0.984625518321991,
                    -0.037702400237321854
                ],
                [
                    0.12652675807476044,
                    0.0160608422011137,
                    0.9918331503868103
                ]
            ]
        ],
        [
            -0.05601151275634766,
            0.01123482608795166,
            0.39675567626953123,
            0.009240663597253201,
            -0.12702233406191787,
            0.1598200141565788,
            [
                [
                    0.9793021082878113,
                    -0.16028940677642822,
                    -0.12359072268009186
                ],
                [
                    0.15785840153694153,
                    0.9870275259017944,
                    -0.029281994327902794
                ],
                [
                    0.12668102979660034,
                    0.009166086092591286,
                    0.991901159286499
                ]
            ]
        ],
        [
            -0.06910113525390625,
            0.0007760320901870727,
            0.40073095703125,
            -0.006950754976666501,
            -0.12932395086742754,
            0.17910335736521854,
            [
                [
                    0.9757866859436035,
                    -0.17726099491119385,
                    -0.1281360238790512
                ],
                [
                    0.1766596883535385,
                    0.9841397404670715,
                    -0.016134483739733696
                ],
                [
                    0.12896376848220825,
                    -0.006892655976116657,
                    0.9916253685951233
                ]
            ]
        ],
        [
            -0.08643245697021484,
            -0.006217032432556152,
            0.4032686462402344,
            0.01650391675420422,
            -0.1293440295823005,
            0.15965022457993622,
            [
                [
                    0.9790359139442444,
                    -0.16105280816555023,
                    -0.12470249086618423
                ],
                [
                    0.15764494240283966,
                    0.9868100881576538,
                    -0.03679541125893593
                ],
                [
                    0.12898367643356323,
                    0.016365312039852142,
                    0.9915116429328918
                ]
            ]
        ],
        [
            -0.10559942626953125,
            -0.013427929878234863,
            0.40496072387695314,
            -0.0006690234119186567,
            -0.10787932818944723,
            0.1449255888650586,
            [
                [
                    0.9837642908096313,
                    -0.14434748888015747,
                    -0.10663805156946182
                ],
                [
                    0.14357924461364746,
                    0.9895268082618713,
                    -0.01488758809864521
                ],
                [
                    0.10767020285129547,
                    -0.000665134284645319,
                    0.9941864609718323
                ]
            ]
        ],
        [
            -0.11840763092041015,
            -0.02022839164733887,
            0.4055758056640625,
            -0.03917409566022049,
            -0.10229150472642301,
            0.14782040283065476,
            [
                [
                    0.9839242100715637,
                    -0.14321410655975342,
                    -0.10669030994176865
                ],
                [
                    0.14651277661323547,
                    0.9889246225357056,
                    0.023709004744887352
                ],
                [
                    0.10211320966482162,
                    -0.038959357887506485,
                    0.9940096139907837
                ]
            ]
        ],
        [
            -0.1326800537109375,
            -0.024873403549194335,
            0.40610714721679686,
            -0.005663680798492346,
            -0.08450510536205602,
            0.15393712172553314,
            [
                [
                    0.9846488237380981,
                    -0.1528550386428833,
                    -0.0842735543847084
                ],
                [
                    0.15278272330760956,
                    0.9882324934005737,
                    -0.007344855461269617
                ],
                [
                    0.08440456539392471,
                    -0.005643439944833517,
                    0.9964156150817871
                ]
            ]
        ],
        [
            -0.1493495330810547,
            -0.027681325912475584,
            0.40666885375976564,
            -0.05750462541392056,
            -0.06689487977414488,
            0.14771199123767567,
            [
                [
                    0.9868981242179871,
                    -0.14313220977783203,
                    -0.07446639984846115
                ],
                [
                    0.1468462496995926,
                    0.9880408644676208,
                    0.0470254011452198
                ],
                [
                    0.06684499979019165,
                    -0.05734439194202423,
                    0.9961141347885132
                ]
            ]
        ],
        [
            -0.1659197998046875,
            -0.035955867767333984,
            0.4063623962402344,
            -0.034441624369802346,
            -0.04147857131472188,
            0.17240078435105854,
            [
                [
                    0.9843283891677856,
                    -0.170039564371109,
                    -0.04673496261239052
                ],
                [
                    0.17140048742294312,
                    0.9848364591598511,
                    0.026815036311745644
                ],
                [
                    0.04146667942404747,
                    -0.03440519794821739,
                    0.9985473155975342
                ]
            ]
        ],
        [
            -0.17832015991210937,
            -0.03779326248168945,
            0.40633004760742186,
            -0.012838875046006365,
            -0.030092519362027836,
            0.14235492200451774,
            [
                [
                    0.9894364476203918,
                    -0.14148053526878357,
                    -0.031602632254362106
                ],
                [
                    0.1418103724718094,
                    0.9898578524589539,
                    0.008440287783741951
                ],
                [
                    0.030087977647781372,
                    -0.012832709588110447,
                    0.9994648694992065
                ]
            ]
        ],
        [
            -0.19100863647460936,
            -0.04086555480957031,
            0.40611248779296877,
            -0.0531170654548999,
            -0.013051409518757051,
            0.1600140284662196,
            [
                [
                    0.987140953540802,
                    -0.1584232747554779,
                    -0.02132541313767433
                ],
                [
                    0.1593184918165207,
                    0.985943078994751,
                    0.050337325781583786
                ],
                [
                    0.013051038607954979,
                    -0.053087569773197174,
                    0.9985045790672302
                ]
            ]
        ],
        [
            -0.2026770477294922,
            -0.04523977661132812,
            0.40487423706054687,
            -0.021390302986917208,
            0.003958047835394218,
            0.14252263508062743,
            [
                [
                    0.9898530840873718,
                    -0.14209192991256714,
                    0.000878949707839638
                ],
                [
                    0.14203950762748718,
                    0.9896223545074463,
                    0.021733881905674934
                ],
                [
                    -0.003958037588745356,
                    -0.021388504654169083,
                    0.9997634291648865
                ]
            ]
        ],
        [
            -0.2116688232421875,
            -0.04625310134887695,
            0.40433892822265627,
            -0.005553093784065967,
            0.03539209101018437,
            0.12466103163555664,
            [
                [
                    0.9916185140609741,
                    -0.12453145533800125,
                    0.03441911190748215
                ],
                [
                    0.12426053732633591,
                    0.9922001361846924,
                    0.009909582324326038
                ],
                [
                    -0.03538470342755318,
                    -0.0055495877750217915,
                    0.9993583559989929
                ]
            ]
        ],
        [
            -0.21882209777832032,
            -0.050899391174316404,
            0.40283975219726564,
            -0.032589347749326786,
            0.05301120958358507,
            0.13689875542961596,
            [
                [
                    0.9892523884773254,
                    -0.13810941576957703,
                    0.04801604151725769
                ],
                [
                    0.13627983629703522,
                    0.9898823499679565,
                    0.03950602188706398
                ],
                [
                    -0.05298638343811035,
                    -0.032537806779146194,
                    0.9980649948120117
                ]
            ]
        ],
        [
            -0.22447618103027345,
            -0.05355306243896484,
            0.40054400634765625,
            -0.0008209188784168153,
            0.061916919803971515,
            0.13689383150956558,
            [
                [
                    0.9887463450431824,
                    -0.13651694357395172,
                    0.06118643283843994
                ],
                [
                    0.13620516657829285,
                    0.9906374216079712,
                    0.00925743393599987
                ],
                [
                    -0.06187736615538597,
                    -0.0008193457033485174,
                    0.9980834126472473
                ]
            ]
        ],
        [
            -0.22717967224121094,
            -0.05222974395751953,
            0.39819955444335936,
            -0.00999243292339759,
            0.08528036009709661,
            0.1343521081857928,
            [
                [
                    0.9873868823051453,
                    -0.13478504121303558,
                    0.08306677639484406
                ],
                [
                    0.13346149027347565,
                    0.990824818611145,
                    0.021310966461896896
                ],
                [
                    -0.08517702668905258,
                    -0.009955952875316143,
                    0.9963160753250122
                ]
            ]
        ],
        [
            -0.22789068603515625,
            -0.054165157318115234,
            0.39607135009765626,
            -0.038834910089144435,
            0.09771182476172902,
            0.14077889056089202,
            [
                [
                    0.9853841662406921,
                    -0.14395871758460999,
                    0.0910707339644432
                ],
                [
                    0.1396450400352478,
                    0.9888290166854858,
                    0.05211929604411125
                ],
                [
                    -0.09755641222000122,
                    -0.03863995149731636,
                    0.9944795966148376
                ]
            ]
        ],
        [
            -0.22653498840332031,
            -0.05354920959472656,
            0.3939688720703125,
            -0.014237414604078645,
            0.11088991034964302,
            0.12120885004775467,
            [
                [
                    0.9865662455558777,
                    -0.12246396392583847,
                    0.10811832547187805
                ],
                [
                    0.12016963213682175,
                    0.9923720955848694,
                    0.027511613443493843
                ],
                [
                    -0.1106627881526947,
                    -0.014149490743875504,
                    0.9937573075294495
                ]
            ]
        ],
        [
            -0.22274737548828125,
            -0.050290733337402346,
            0.39174078369140625,
            -0.031166528771805604,
            0.12271269938087315,
            0.13747230725787135,
            [
                [
                    0.9831167459487915,
                    -0.14075149595737457,
                    0.11692088842391968
                ],
                [
                    0.13600920140743256,
                    0.9895617961883545,
                    0.047633685171604156
                ],
                [
                    -0.12240495532751083,
                    -0.030927157029509544,
                    0.9919982552528381
                ]
            ]
        ],
        [
            -0.21765676879882812,
            -0.05003914642333984,
            0.39041217041015625,
            -0.049648034874554034,
            0.13020445703518568,
            0.13981546336420414,
            [
                [
                    0.9818596839904785,
                    -0.14556927978992462,
                    0.1214953362941742
                ],
                [
                    0.13818074762821198,
                    0.9881235957145691,
                    0.06721518188714981
                ],
                [
                    -0.12983687222003937,
                    -0.04920756071805954,
                    0.9903135895729065
                ]
            ]
        ],
        [
            -0.2102408447265625,
            -0.04645933151245117,
            0.38933966064453124,
            -0.02502259582829363,
            0.12691400605851855,
            0.13061428449094215,
            [
                [
                    0.9835078120231628,
                    -0.13334234058856964,
                    0.1221974641084671
                ],
                [
                    0.1291957050561905,
                    0.9907592535018921,
                    0.04128705710172653
                ],
                [
                    -0.1265735775232315,
                    -0.024818753823637962,
                    0.9916467070579529
                ]
            ]
        ],
        [
            -0.20278840637207032,
            -0.041750713348388674,
            0.388466552734375,
            -0.03741703298955473,
            0.12278368821461938,
            0.12262288115599748,
            [
                [
                    0.985019326210022,
                    -0.12677739560604095,
                    0.11689506471157074
                ],
                [
                    0.12139496207237244,
                    0.99123615026474,
                    0.05209760740399361
                ],
                [
                    -0.12247540801763535,
                    -0.03712667524814606,
                    0.9917768836021423
                ]
            ]
        ],
        [
            -0.19370170593261718,
            -0.04013162612915039,
            0.388915771484375,
            -0.04190223977504221,
            0.11447924656091368,
            0.12287720145167114,
            [
                [
                    0.9859638214111328,
                    -0.1272096186876297,
                    0.1081341877579689
                ],
                [
                    0.12176593393087387,
                    0.9910024404525757,
                    0.05556273087859154
                ],
                [
                    -0.11422935873270035,
                    -0.04161578416824341,
                    0.992582380771637
                ]
            ]
        ],
        [
            -0.18388021850585937,
            -0.03628196716308594,
            0.3903796691894531,
            -0.012527439107988633,
            0.10086729526105431,
            0.11855409208449398,
            [
                [
                    0.9879335761070251,
                    -0.11951987445354462,
                    0.09850001335144043
                ],
                [
                    0.11767539381980896,
                    0.9927535653114319,
                    0.024348262697458267
                ],
                [
                    -0.10069634020328522,
                    -0.012463439255952835,
                    0.9948391318321228
                ]
            ]
        ],
        [
            -0.17519873046875,
            -0.030277196884155273,
            0.3917069396972656,
            -0.0306202863455678,
            0.08817579382121155,
            0.09721551394746153,
            [
                [
                    0.9914116859436035,
                    -0.09970027953386307,
                    0.08463307470083237
                ],
                [
                    0.09668537229299545,
                    0.9945500493049622,
                    0.039014410227537155
                ],
                [
                    -0.08806157857179642,
                    -0.030496561899781227,
                    0.9956480860710144
                ]
            ]
        ],
        [
            -0.16533877563476562,
            -0.026221704483032227,
            0.39481185913085937,
            -0.04162147163437576,
            0.07378427584542568,
            0.10421349425670243,
            [
                [
                    0.9918686151504517,
                    -0.10698556900024414,
                    0.06892548501491547
                ],
                [
                    0.10374192893505096,
                    0.9933942556381226,
                    0.049045514315366745
                ],
                [
                    -0.07371734827756882,
                    -0.041496243327856064,
                    0.9964154958724976
                ]
            ]
        ],
        [
            -0.15661370849609374,
            -0.02081913948059082,
            0.3982123107910156,
            -0.020962678442661475,
            0.045129134046163255,
            0.10761832189026344,
            [
                [
                    0.9932025074958801,
                    -0.10832727700471878,
                    0.04259151592850685
                ],
                [
                    0.10730134695768356,
                    0.9938946962356567,
                    0.025684520602226257
                ],
                [
                    -0.04511381685733795,
                    -0.020939800888299942,
                    0.9987623691558838
                ]
            ]
        ],
        [
            -0.1484281768798828,
            -0.013125683784484863,
            0.40117367553710936,
            -0.037470643694275184,
            0.04180040300150023,
            0.10962083580951312,
            [
                [
                    0.9931293725967407,
                    -0.11088069528341293,
                    0.037409864366054535
                ],
                [
                    0.10930585861206055,
                    0.9931286573410034,
                    0.04180549830198288
                ],
                [
                    -0.04178823158144951,
                    -0.03742915391921997,
                    0.9984251856803894
                ]
            ]
        ],
        [
            -0.1404762420654297,
            -0.006768373489379883,
            0.40605255126953127,
            -0.056761944679192905,
            0.023212324922027516,
            0.11776987882187942,
            [
                [
                    0.9928056001663208,
                    -0.11861622333526611,
                    0.01634651981294155
                ],
                [
                    0.11746617406606674,
                    0.9913190603256226,
                    0.059061259031295776
                ],
                [
                    -0.02321024052798748,
                    -0.0567161850631237,
                    0.9981204867362976
                ]
            ]
        ],
        [
            -0.1350822296142578,
            -0.003139606475830078,
            0.408399658203125,
            -0.014844467750963111,
            0.005729171291835478,
            0.11477966879623501,
            [
                [
                    0.9934037327766418,
                    -0.11459967494010925,
                    0.00399077357724309
                ],
                [
                    0.1145259290933609,
                    0.9933008551597595,
                    0.015402323566377163
                ],
                [
                    -0.005729139782488346,
                    -0.014843679033219814,
                    0.9998733997344971
                ]
            ]
        ],
        [
            -0.1299040985107422,
            0.004835664749145508,
            0.4105238342285156,
            -0.010949550219937473,
            -0.007252214374656063,
            0.11128646464844143,
            [
                [
                    0.993787944316864,
                    -0.11097132414579391,
                    -0.008422856219112873
                ],
                [
                    0.11105398088693619,
                    0.993763267993927,
                    0.010076246224343777
                ],
                [
                    0.007252150680869818,
                    -0.010949043557047844,
                    0.99991375207901
                ]
            ]
        ],
        [
            -0.1272499008178711,
            0.007307454586029053,
            0.41216842651367186,
            -0.020318095245593262,
            -0.018742964716474297,
            0.10917400229958064,
            [
                [
                    0.993871808052063,
                    -0.10855626314878464,
                    -0.02084009349346161
                ],
                [
                    0.10893812030553818,
                    0.9938827753067017,
                    0.018154099583625793
                ],
                [
                    0.018741866573691368,
                    -0.02031312882900238,
                    0.9996179938316345
                ]
            ]
        ],
        [
            -0.12448832702636718,
            0.013684685707092286,
            0.414107177734375,
            0.011209225239035253,
            -0.03291239057183426,
            0.10032006189089725,
            [
                [
                    0.9944333434104919,
                    -0.10051257908344269,
                    -0.031616341322660446
                ],
                [
                    0.10009763389825821,
                    0.9948726892471313,
                    -0.014448069036006927
                ],
                [
                    0.03290645033121109,
                    0.011202920228242874,
                    0.9993956685066223
                ]
            ]
        ],
        [
            -0.1229159927368164,
            0.023113662719726563,
            0.41523123168945314,
            -0.007475045503744948,
            -0.040240940101217815,
            0.09643621800795167,
            [
                [
                    0.9945478439331055,
                    -0.0959848016500473,
                    -0.04076177999377251
                ],
                [
                    0.09620886296033859,
                    0.9953547716140747,
                    0.003566726576536894
                ],
                [
                    0.04023008048534393,
                    -0.007468924392014742,
                    0.9991625547409058
                ]
            ]
        ],
        [
            -0.12273960876464844,
            0.02719285011291504,
            0.4167669677734375,
            -0.03631633211756367,
            -0.03375768245107569,
            0.08585021618611557,
            [
                [
                    0.9957494735717773,
                    -0.0844673216342926,
                    -0.03671804815530777
                ],
                [
                    0.08569594472646713,
                    0.9957652688026428,
                    0.03328254446387291
                ],
                [
                    0.03375127166509628,
                    -0.036287661641836166,
                    0.9987712502479553
                ]
            ]
        ],
        [
            -0.1223626480102539,
            0.03156640625,
            0.4172780456542969,
            -0.011234850482710342,
            -0.04508833744169016,
            0.10689251982369596,
            [
                [
                    0.993281900882721,
                    -0.10617885738611221,
                    -0.046011585742235184
                ],
                [
                    0.10658064484596252,
                    0.9942837357521057,
                    0.006361992098391056
                ],
                [
                    0.04507306218147278,
                    -0.011223196052014828,
                    0.9989206194877625
                ]
            ]
        ],
        [
            -0.12286973571777343,
            0.037796520233154295,
            0.4171552734375,
            -0.03603750418470244,
            -0.03938454709305783,
            0.10137775881198091,
            [
                [
                    0.99409419298172,
                    -0.09972712397575378,
                    -0.04279312863945961
                ],
                [
                    0.10112571716308594,
                    0.9943633079528809,
                    0.03186245262622833
                ],
                [
                    0.03937436640262604,
                    -0.03600176423788071,
                    0.998575747013092
                ]
            ]
        ],
        [
            -0.12489334869384766,
            0.04126437759399414,
            0.41792874145507813,
            -0.022683194465618423,
            -0.033787401619300494,
            0.08061791604507625,
            [
                [
                    0.9961832761764526,
                    -0.07974619418382645,
                    -0.03548913076519966
                ],
                [
                    0.08048465847969055,
                    0.9965574145317078,
                    0.019887881353497505
                ],
                [
                    0.03378097340464592,
                    -0.022668303921818733,
                    0.9991721510887146
                ]
            ]
        ],
        [
            -0.1260270767211914,
            0.0484824104309082,
            0.4183900146484375,
            0.006957946578245042,
            -0.0299196701730311,
            0.08491217511282931,
            [
                [
                    0.9959511756896973,
                    -0.08501552045345306,
                    -0.029216604307293892
                ],
                [
                    0.08477221429347992,
                    0.9963553547859192,
                    -0.009469874203205109
                ],
                [
                    0.029915206134319305,
                    0.006954776588827372,
                    0.9995282292366028
                ]
            ]
        ],
        [
            -0.12637545776367187,
            0.05577481460571289,
            0.41885870361328126,
            0.0015890219598701447,
            -0.006700581610177947,
            0.08540890825397798,
            [
                [
                    0.9963325262069702,
                    -0.08531560748815536,
                    -0.006540547125041485
                ],
                [
                    0.08530319482088089,
                    0.9963527321815491,
                    -0.0021548180375248194
                ],
                [
                    0.006700531579554081,
                    0.0015889855567365885,
                    0.9999762773513794
                ]
            ]
        ],
        [
            -0.1278954849243164,
            0.05788144302368164,
            0.41991543579101565,
            -0.009322290716565065,
            0.0060060947802842435,
            0.06788059584722002,
            [
                [
                    0.9976789951324463,
                    -0.06788139045238495,
                    0.005359658505767584
                ],
                [
                    0.0678272545337677,
                    0.9976498484611511,
                    0.009708050638437271
                ],
                [
                    -0.006006058771163225,
                    -0.009321987628936768,
                    0.9999384880065918
                ]
            ]
        ],
        [
            -0.12747438049316406,
            0.06439299774169922,
            0.42015762329101564,
