{"amplitude": 0.08384126158534666, "frequency": 0.016280177405460505, "seed": 1762493040, "time_interval": 0.05, "pid_gains": {"pid_rate": {"roll_kp": "50.0", "roll_ki": "0.0", "roll_kd": "0.0", "pitch_kp": "50.0", "pitch_ki": "0.0", "pitch_kd": "0.0", "yaw_kp": "80.0", "yaw_ki": "0.0", "yaw_kd": "0.0"}, "pid_attitude": {"roll_kp": "8.0", "roll_ki": "0.0", "roll_kd": "0.20000000298023224", "pitch_kp": "8.0", "pitch_ki": "0.0", "pitch_kd": "1.0", "yaw_kp": "10.0", "yaw_ki": "0.0", "yaw_kd": "0.3499999940395355"}, "velCtlPid": {"vxKp": "15.0", "vxKi": "1.0", "vxKd": "0.0", "vyKp": "10.0", "vyKi": "1.0", "vyKd": "0.0", "vzKp": "12.5", "vzKi": "0.5", "vzKd": "0.0"}, "posCtlPid": {"xKp": "1.5", "xKi": "0.0", "xKd": "0.0", "yKp": "1.5", "yKi": "0.0", "yKd": "0.0", "zKp": "5.0", "zKi": "0.5", "zKd": "0.0"}}, "mocap_pose": [[0.009784304618835449, 0.02016079330444336, 0.26077630615234376, 0.019991575896524505, 0.05114729760521164, 0.6330509687066224, [[0.8051719665527344, -0.5906651020050049, 0.05303645506501198], [0.5908336043357849, 0.8066697716712952, 0.014123218134045601], [-0.05112500116229057, 0.019964102655649185, 0.9984927177429199]]], [0.00973904800415039, 0.020143131256103515, 0.26077932739257814, 0.019804904611702145, 0.050523802683220875, 0.6323624069380066, [[0.8056041598320007, -0.5901293754577637, 0.05243382602930069], [0.5902977585792542, 0.8070663809776306, 0.013869383372366428], [-0.05050231143832207, 0.019778339192271233, 0.9985280632972717]]], [0.00909529972076416, 0.020014163970947265, 0.26070309448242185, 0.01827854649577554, 0.048633064023651196, 0.62557621285595, [[0.8096674084663391, -0.5847463607788086, 0.050103768706321716], [0.5848721265792847, 0.8110107183456421, 0.013645576313138008], [-0.04861389473080635, 0.018255917355418205, 0.9986507892608643]]], [0.008597151756286621, 0.019714731216430664, 0.2608831787109375, 0.020783677143232204, 0.044744869612807214, 0.7312847012987111, [[0.7435721158981323, -0.6669902801513672, 0.04716495797038078], [0.6671580076217651, 0.7447771430015564, 0.014396851882338524], [-0.044729940593242645, 0.020761379972100258, 0.9987833499908447]]], [0.010042943954467774, 0.021083816528320313, 0.2607308044433594, 0.026214474142287947, 0.05383148435861784, 0.8346490148250355, [[0.6704652309417725, -0.7398593425750732, 0.055538926273584366], [0.7399874329566956, 0.6722522974014282, 0.022260069847106934], [-0.05380548909306526, 0.026173502206802368, 0.9982083439826965]]], [0.00978637981414795, 0.021726146697998047, 0.26270791625976564, 0.011864159119348738, 0.05228083345593171, 0.8648690519101081, [[0.6478533744812012, -0.7605545520782471, 0.04292735829949379], [0.7599705457687378, 0.6491659283638, 0.03206876292824745], [-0.05225702002644539, 0.011847672052681446, 0.9985634088516235]]], [0.007109161853790283, 0.022295425415039063, 0.27509716796875, 0.0037613620461767194, 0.013269193233772292, 0.7188223653508615, [[0.752515435218811, -0.6584566235542297, 0.012462635524570942], [0.658440887928009, 0.7526092529296875, 0.005906704813241959], [-0.013268803246319294, 0.0037610221188515425, 0.9999048709869385]]], [0.005086266040802002, 0.02924443817138672, 0.29495849609375, -0.03511929644898776, -0.026062844560863274, 0.5298844153187419, [[0.862572431564331, -0.504332423210144, -0.04021914303302765], [0.5052619576454163, 0.8627959489822388, 0.017133574932813644], [0.026059893891215324, -0.03510015457868576, 0.9990440011024475]]], [0.0015743826627731324, 0.03351018524169922, 0.316546630859375, 0.01633097694720531, -0.052460106349567104, 0.41066823117389917, [[0.9155929088592529, -0.3999539315700531, -0.0415504053235054], [0.398672878742218, 0.9163901209831238, -0.03590329736471176], [0.05243604630231857, 0.016307784244418144, 0.998491108417511]]], [-0.0025380425453186035, 0.04304044723510742, 0.3332744445800781, -0.02942627597022157, -0.06408978684841093, 0.38137101317953115, [[0.9262496829032898, -0.37028321623802185, -0.07036950439214706], [0.3714292049407959, 0.9284547567367554, 0.003481065621599555], [0.06404592096805573, -0.029361624270677567, 0.9975149035453796]]], [-0.0060964288711547856, 0.05006510543823242, 0.3520113220214844, 0.014351015776349979, -0.050189623223393376, 0.32555010768458736, [[0.9462818503379822, -0.32047924399375916, -0.042938824743032455], [0.3194273114204407, 0.9471471309661865, -0.029640519991517067], [0.05016855522990227, 0.014332452788949013, 0.9986379146575928]]], [-0.0120960693359375, 0.05763522720336914, 0.3691357116699219, 0.012682409303593212, -0.043390826904412316, 0.3037049073035867, [[0.9533368945121765, -0.29955849051475525, -0.03759605810046196], [0.29877611994743347, 0.9539937973022461, -0.025072917342185974], [0.043377213180065155, 0.012670132331550121, 0.9989784359931946]]], [-0.01828560256958008, 0.07109600067138672, 0.3826140441894531, 0.008011154380734825, -0.03298150995234228, 0.29832313712224134, [[0.9553108811378479, -0.2941609025001526, -0.029163416475057602], [0.29375797510147095, 0.9557223916053772, -0.017349010333418846], [0.03297553211450577, 0.008006712421774864, 0.9994240999221802]]], [-0.023305856704711914, 0.07876738739013672, 0.39263592529296876, -0.026207818044572215, -0.014674850230640635, 0.2483404914551386, [[0.9692173004150391, -0.2453385591506958, -0.020660286769270897], [0.24576923251152039, 0.969083309173584, 0.021795250475406647], [0.014674323610961437, -0.026201996952295303, 0.9995489716529846]]], [-0.0273697566986084, 0.08805170440673828, 0.3993312072753906, 0.03567046910605999, 0.01191884856098957, 0.2237808953598835, [[0.9749960899353027, -0.22136220335960388, 0.0195282232016325], [0.2219020575284958, 0.9745394587516785, -0.0321304053068161], [-0.011918566189706326, 0.03566037118434906, 0.9992929100990295]]], [-0.030518436431884767, 0.09651563262939453, 0.4022390441894531, 0.040943465172555565, 0.026475327312584618, 0.21151440857923756, [[0.9773714542388916, -0.20870544016361237, 0.03445388749241829], [0.2098672240972519, 0.9771221876144409, -0.03446687385439873], [-0.02647223509848118, 0.04091768339276314, 0.9988117814064026]]], [-0.03136375045776367, 0.10245059967041016, 0.4036839904785156, 0.049923493861239523, 0.036163679473306454, 0.2128011661895458, [[0.9768040776252747, -0.20917199552059174, 0.04583560302853584], [0.21106061339378357, 0.9766063690185547, -0.041150566190481186], [-0.03615579754114151, 0.04987012967467308, 0.9981010556221008]]], [-0.030089094161987306, 0.10917388916015625, 0.4024603271484375, 0.10147924449323847, 0.06007680985760544, 0.19595155637176892, [[0.9790933132171631, -0.1877322793006897, 0.07831280678510666], [0.19434872269630432, 0.9770009517669678, -0.08773668855428696], [-0.0600406788289547, 0.1011224016547203, 0.9930605888366699]]], [-0.027590686798095704, 0.11619696807861328, 0.3995572204589844, 0.062430025277940046, 0.0706625777656249, 0.20401935396046922, [[0.9768163561820984, -0.19789867103099823, 0.08164532482624054], [0.20210133492946625, 0.9782449007034302, -0.046818580478429794], [-0.07060378789901733, 0.062233783304691315, 0.9955611824989319]]], [-0.024429540634155273, 0.11845602416992188, 0.3967522888183594, 0.11433106009967195, 0.08377042822027803, 0.20192331929839444, [[0.9762471914291382, -0.1898929923772812, 0.10431693494319916], [0.1998506635427475, 0.9752010107040405, -0.0950930044054985], [-0.08367248624563217, 0.1136820912361145, 0.9899875521659851]]], [-0.014818976402282715, 0.12853984069824217, 0.39063018798828125, 0.07469051163187913, 0.10753188481457698, 0.17122705235430252, [[0.9796848893165588, -0.16202494502067566, 0.11817525327205658], [0.1694074124097824, 0.9839937686920166, -0.05529360845685005], [-0.10732477158308029, 0.07419007271528244, 0.9914520978927612]]], [-0.009362252235412597, 0.13509498596191405, 0.3883190612792969, 0.03866762579325253, 0.10300678620002146, 0.18687489484297976, [[0.9773814082145691, -0.18174444139003754, 0.1081412211060524], [0.18480433523654938, 0.9825936555862427, -0.018895506858825684], [-0.10282472521066666, 0.038453083485364914, 0.9939559698104858]]], [0.0009831109642982484, 0.13873828125, 0.385547119140625, 0.03981747925597649, 0.11095271640382154, 0.15961354555844814, [[0.9812179803848267, -0.15445908904075623, 0.11555789411067963], [0.15795938670635223, 0.987206757068634, -0.021716615185141563], [-0.11072520911693573, 0.03956218808889389, 0.9930633306503296]]], [0.007789453029632568, 0.14314675903320312, 0.38482794189453123, 0.07348223109120111, 0.10330732912625606, 0.15677134268628212, [[0.9824704527854919, -0.14823053777217865, 0.11304659396409988], [0.15529756247997284, 0.9862530827522278, -0.05645853653550148], [-0.10312367230653763, 0.0730247050523758, 0.9919843077659607]]], [0.018539499282836915, 0.1469495086669922, 0.38506280517578123, 0.060697450460795783, 0.09144787589273573, 0.1568322603519697, [[0.983599841594696, -0.15043097734451294, 0.09950811415910721], [0.15553750097751617, 0.9867733120918274, -0.04567861557006836], [-0.0913204699754715, 0.060406722128391266, 0.9939877390861511]]], [0.031118328094482423, 0.14860299682617187, 0.3849773864746094, 0.09137492712612472, 0.08131377846850585, 0.17916824125008968, [[0.980741024017334, -0.17017483711242676, 0.09585194289684296], [0.17762236297130585, 0.981208086013794, -0.07537247985601425], [-0.08122420310974121, 0.09094633162021637, 0.9925378561019897]]], [0.04008926010131836, 0.14983842468261718, 0.38629486083984377, 0.11229193629128115, 0.04599434028026139, 0.18282382754401771, [[0.9822943210601807, -0.17559576034545898, 0.06529970467090607], [0.18161478638648987, 0.97807776927948, -0.10188209265470505], [-0.0459781251847744, 0.11193758994340897, 0.9926509857177734]]], [0.05434609985351563, 0.15226325988769532, 0.38929263305664064, 0.12784441432454943, 0.024726835137241165, 0.1761720290773435, [[0.9842208623886108, -0.17072837054729462, 0.04648827761411667], [0.17520856857299805, 0.977039635181427, -0.12122516334056854], [-0.024724315851926804, 0.12745746970176697, 0.9915358424186707]]], [0.062012496948242186, 0.1498625946044922, 0.39156045532226563, 0.0934625514994153, 0.00937574126950902, 0.17246831040809202, [[0.9851208925247192, -0.17000354826450348, 0.02521239034831524], [0.17160701751708984, 0.981014609336853, -0.09033999592065811], [-0.00937560386955738, 0.09332244098186493, 0.9955918192863464]]], [0.06719430541992187, 0.14886888122558595, 0.3945873107910156, 0.11799697691500659, 0.005705923780205291, 0.15307734284918995, [[0.9882904291152954, -0.15075606107711792, 0.02355043962597847], [0.15247772634029388, 0.9815366864204407, -0.11548276990652084], [-0.005705892574042082, 0.11772143095731735, 0.9930302500724792]]], [0.07282131195068359, 0.1484794921875, 0.3984813537597656, 0.09719059993828595, -0.04412072849848969, 0.1625171507534448, [[0.9858627915382385, -0.16526269912719727, -0.02761886641383171], [0.16164523363113403, 0.9814735054969788, -0.10286186635494232], [0.044106416404247284, 0.09694322943687439, 0.9943121671676636]]], [0.0776660385131836, 0.14139617919921876, 0.40142178344726565, 0.10987378570052686, -0.05621490960842901, 0.14685998349644735, [[0.9876728057861328, -0.15154480934143066, -0.039199553430080414], [0.14610148966312408, 0.9823687672615051, -0.11664465069770813], [0.05618530511856079, 0.1094796359539032, 0.9923998117446899]]], [0.07945612335205078, 0.1359354248046875, 0.40574575805664065, 0.11115826131929102, -0.06929697242588095, 0.14529956005846528, [[0.9870877861976624, -0.15149523317813873, -0.052027709782123566], [0.14444133639335632, 0.9822437763214111, -0.1197241023182869], [0.06924152374267578, 0.11066325008869171, 0.9914430379867554]]], [0.07969943237304687, 0.13351885986328124, 0.4092226867675781, 0.10284918953205777, -0.07361743672536081, 0.13580305669468679, [[0.9881093502044678, -0.14215239882469177, -0.05858887359499931], [0.13501931726932526, 0.9845349192619324, -0.11162784695625305], [0.07355096191167831, 0.1023898795247078, 0.9920214414596558]]], [0.07944720458984375, 0.12617888641357422, 0.41379116821289064, 0.08034386938208288, -0.07016813466524074, 0.1329012991600474, [[0.9887425303459167, -0.13766023516654968, -0.058633189648389816], [0.13218432664871216, 0.9872385859489441, -0.08881013095378876], [0.07011056691408157, 0.0800599604845047, 0.994321346282959]]], [0.07775810241699219, 0.11846358489990234, 0.4144128723144531, 0.10680637881273822, -0.06691242919908347, 0.1519498613339972, [[0.9862657785415649, -0.1575489193201065, -0.049579374492168427], [0.15102708339691162, 0.9817661643028259, -0.11543814837932587], [0.06686250865459442, 0.10636486858129501, 0.992076575756073]]], [0.07508759307861328, 0.11028694152832032, 0.41716546630859375, 0.12243767611462886, -0.05682713122693328, 0.1711794082469391, [[0.9837939143180847, -0.17590470612049103, -0.034742940217256546], [0.17006966471672058, 0.9768261909484863, -0.12994953989982605], [0.05679655075073242, 0.12193484604358673, 0.9909117221832275]]], [0.07228045654296875, 0.10578082275390625, 0.417798095703125, 0.06137600557245061, -0.049681334983316505, 0.1664894767177541, [[0.9849557876586914, -0.16841331124305725, -0.03871707245707512], [0.1655169129371643, 0.9838109016418457, -0.06870371848344803], [0.04966089874505997, 0.061261795461177826, 0.9968855381011963]]], [0.06942659759521484, 0.09911701965332032, 0.4179112548828125, 0.08239160074918966, -0.02744406893894058, 0.15570381451340848, [[0.9875306487083435, -0.15678037703037262, -0.014254242181777954], [0.15501704812049866, 0.984201192855835, -0.08554375171661377], [0.027440624311566353, 0.08226742595434189, 0.9962324500083923]]], [0.06682312774658203, 0.09164097595214844, 0.41875619506835937, 0.10147162600412704, -0.013957389227503336, 0.1500399571026644, [[0.9886687994003296, -0.15010666847229004, 0.0014125776942819357], [0.14946308732032776, 0.9834677577018738, -0.10223503410816193], [0.013956936076283455, 0.10128771513700485, 0.9947592616081238]]], [0.06381875228881836, 0.08791438293457031, 0.41898904418945315, 0.04814665370005258, -0.009434330481211006, 0.15351492120985508, [[0.9881957173347473, -0.15318416059017181, -0.001953048980794847], [0.15290585160255432, 0.9870250821113586, -0.0490029901266098], [0.009434190578758717, 0.04812591150403023, 0.9987967014312744]]], [0.061052833557128906, 0.07906761932373046, 0.4188275146484375, 0.06031402548982107, 0.005393145860427939, 0.1618539570827825, [[0.9869158864021301, -0.1605343520641327, 0.015026560053229332], [0.1611458659172058, 0.9851880073547363, -0.05862214043736458], [-0.005393119528889656, 0.060276586562395096, 0.9981671571731567]]], [0.05997238540649414, 0.07667708587646484, 0.41896524047851563, 0.08281834327801632, 0.020250865681783248, 0.15852301346244874, [[0.987259030342102, -0.15566474199295044, 0.032985806465148926], [0.15782754123210907, 0.9843414425849915, -0.07850084453821182], [-0.02024948038160801, 0.0827067419886589, 0.9963681697845459]]], [0.05860059356689453, 0.07441551971435546, 0.421123291015625, 0.07083032016497351, 0.03140447449106443, 0.1377391503387233, [[0.9900405406951904, -0.13475863635540009, 0.040741100907325745], [0.1372363269329071, 0.9883503913879395, -0.06580039113759995], [-0.03139931336045265, 0.07073621451854706, 0.9970007538795471]]], [0.05782413101196289, 0.07556843566894532, 0.4242909545898437, 0.019801531505760278, 0.03321633270971658, 0.15639618661094407, [[0.9872501492500305, -0.15507932007312775, 0.03588253632187843], [0.15567347407341003, 0.987703800201416, -0.014386785216629505], [-0.03321022540330887, 0.01978931576013565, 0.999252438545227]]], [0.059061328887939454, 0.07124464416503906, 0.4264691162109375, 0.013490089067867708, 0.033694836391206406, 0.1643481375888904, [[0.9859652519226074, -0.16314607858657837, 0.03543853014707565], [0.16351641714572906, 0.9865097999572754, -0.007796665653586388], [-0.03368845954537392, 0.013482023030519485, 0.9993414282798767]]], [0.061307430267333984, 0.07282283020019531, 0.43083990478515627, 0.02533156467448948, 0.04741814954060852, 0.1641617336712125, [[0.9854467511177063, -0.16218850016593933, 0.050887491554021835], [0.1632416993379593, 0.9864354133605957, -0.017244385555386543], [-0.04740038141608238, 0.025300385430455208, 0.9985554814338684]]], [0.06464474487304687, 0.07442671203613281, 0.4369290771484375, 0.014561736708975218, 0.05658191782071231, 0.1703524464354348, [[0.9839479327201843, -0.1687001883983612, 0.058195799589157104], [0.16925840079784393, 0.9855601787567139, -0.004764267709106207], [-0.0565517321228981, 0.01453791931271553, 0.9982938170433044]]], [0.06772806549072266, 0.07614747619628906, 0.44176654052734377, 0.017046034858592837, 0.05296128045750392, 0.15378475372797945, [[0.9868128299713135, -0.15226538479328156, 0.0549151636660099], [0.1529645323753357, 0.9881930351257324, -0.008736446499824524], [-0.05293652415275574, 0.017021309584379196, 0.9984527826309204]]], [0.07386167907714844, 0.08027952575683593, 0.4493702392578125, 0.003731804477678888, 0.04774238185702906, 0.14363205095731174, [[0.9885749220848083, -0.14296144247055054, 0.04776664823293686], [0.1429755985736847, 0.9897212386131287, 0.0031377708073705435], [-0.047724246978759766, 0.0037275434006005526, 0.9988535642623901]]], [0.0769770278930664, 0.08220720672607422, 0.4550257568359375, 0.04304579515046984, 0.04205318258302437, 0.15154413738247247, [[0.9876651763916016, -0.14903652667999268, 0.04801686108112335], [0.15083128213882446, 0.9878965616226196, -0.03619851544499397], [-0.042040787637233734, 0.042994458228349686, 0.9981904029846191]]], [0.07927858734130859, 0.08553858184814453, 0.45741644287109373, 0.03637226728148676, 0.03302448910325295, 0.119493392523456, [[0.9923278093338013, -0.11793825030326843, 0.037096306681632996], [0.11914423108100891, 0.9923555850982666, -0.03217143565416336], [-0.03301848843693733, 0.03634442016482353, 0.9987937211990356]]], [0.08367890167236328, 0.09089586639404297, 0.46059713745117187, 0.036212093577978284, 0.011464420336162462, 0.15780389179377602, [[0.9875099062919617, -0.15663684904575348, 0.017003780230879784], [0.15713943541049957, 0.9869925379753113, -0.03395392373204231], [-0.01146416924893856, 0.036201801151037216, 0.999278724193573]]], [0.08573188018798829, 0.09244969177246094, 0.46155953979492187, 0.0971340778898051, -0.015293069914930957, 0.13700929968291795, [[0.9905130863189697, -0.13740642368793488, -0.0018319332739338279], [0.13656508922576904, 0.9857566952705383, -0.09815140068531036], [0.015292474068701267, 0.09697006642818451, 0.9951698184013367]]], [0.08575712585449219, 0.10060245513916016, 0.4606449890136719, 0.09062676124444072, -0.035749382463636126, 0.13043322768715948, [[0.9908721446990967, -0.1327372044324875, -0.023521609604358673], [0.12998059391975403, 0.987015962600708, -0.09436362236738205], [0.03574176877737045, 0.09044492989778519, 0.9952598810195923]]], [0.08623260498046875, 0.10149040222167968, 0.45968743896484376, 0.08434467951718944, -0.054533214872802604, 0.15075626752473584, [[0.9871881008148193, -0.1541917473077774, -0.04104403778910637], [0.14996260404586792, 0.984453558921814, -0.09144614636898041], [0.05450619012117386, 0.08411947637796402, 0.9949638247489929]]], [0.08505188751220703, 0.10223252868652344, 0.45833868408203127, 0.10046432795383975, -0.05904335539335914, 0.15634987025442149, [[0.9860809445381165, -0.16077463328838348, -0.04237800091505051], [0.15544231235980988, 0.9818998575210571, -0.10821422189474106], [0.05900905653834343, 0.10012064129114151, 0.9932239651679993]]], [0.08142517852783203, 0.10515862274169922, 0.456764892578125, 0.08549281333062582, -0.0809384834884308, 0.12641314130448317, [[0.9887728691101074, -0.13246485590934753, -0.0691465362906456], [0.12566398084163666, 0.9875269532203674, -0.09486343711614609], [0.08085013926029205, 0.0851091668009758, 0.9930859208106995]]], [0.07901229095458985, 0.10475662231445312, 0.4571797790527344, 0.058614077923293505, -0.056775701761044406, 0.17526885097643313, [[0.9830930829048157, -0.17734666168689728, -0.04556503891944885], [0.1740919053554535, 0.9824090600013733, -0.06756088137626648], [0.05674520507454872, 0.058486130088567734, 0.996674120426178]]], [0.07536367034912109, 0.10428000640869141, 0.4567816467285156, 0.11595462476073626, -0.048986731537646655, 0.16817824918321966, [[0.9847086668014526, -0.171847864985466, -0.028586313128471375], [0.16718578338623047, 0.9783225655555725, -0.12220405787229538], [0.0489671416580677, 0.11555616557598114, 0.9920932650566101]]], [0.06955872344970702, 0.10075263977050782, 0.4600758361816406, 0.12528087942794244, -0.0324778987720018, 0.15541677410825724, [[0.9874261021614075, -0.15758730471134186, -0.012487603351473808], [0.15471023321151733, 0.9795761108398438, -0.12843440473079681], [0.032472189515829086, 0.12488751858472824, 0.9916393756866455]]], [0.0661905517578125, 0.09829150390625, 0.4623602600097656, 0.08373303356900966, -0.03595833004950144, 0.14681335702622283, [[0.9886027574539185, -0.14874838292598724, -0.02320452779531479], [0.14619195461273193, 0.9853365421295166, -0.08797615766525269], [0.03595058247447014, 0.08358115702867508, 0.9958522915840149]]], [0.06220544052124023, 0.08833451843261719, 0.466207275390625, 0.13551677243354335, -0.010587134565033685, 0.1547868413592958, [[0.987989068031311, -0.1541692316532135, 0.010464203543961048], [0.15416085720062256, 0.9787651896476746, -0.13510435819625854], [0.010586936958134174, 0.1350947916507721, 0.9907761216163635]]], [0.06076237487792969, 0.08466600799560547, 0.46864584350585936, 0.14881712381784098, -0.008380720037413969, 0.15683880481917986, [[0.9876912832260132, -0.1556975096464157, 0.014972759410738945], [0.15619111061096191, 0.9766147136688232, -0.1477431356906891], [0.008380621671676636, 0.14826323091983795, 0.9889124035835266]]], [0.05942154312133789, 0.07761048889160156, 0.4711868896484375, 0.1236297585493614, 0.010928311192845097, 0.17471198276856356, [[0.984717845916748, -0.17117072641849518, 0.032114773988723755], [0.17381413280963898, 0.9774946570396423, -0.11955272406339645], [-0.010928094387054443, 0.12330770492553711, 0.9923083186149597]]], [0.05844650650024414, 0.0702437515258789, 0.4740123291015625, 0.12495632368120654, 0.002846810896531382, 0.16843721616859117, [[0.9858439564704895, -0.16598501801490784, 0.02367807924747467], [0.16764120757579803, 0.9782208800315857, -0.12239408493041992], [-0.0028468070086091757, 0.1246308907866478, 0.9921990633010864]]], [0.05825230407714844, 0.05946721267700195, 0.4778304138183594, 0.1231142490693098, 0.019827811317471244, 0.16824328300631003, [[0.9856866598129272, -0.16378287971019745, 0.039962150156497955], [0.16741777956485748, 0.9788260459899902, -0.11777471005916595], [-0.019826512783765793, 0.12277933955192566, 0.9922359585762024]]], [0.05828895950317383, 0.05408760452270508, 0.4801893310546875, 0.06989892620293436, 0.016737912923693976, 0.15669228605930732, [[0.9876105189323425, -0.15451617538928986, 0.02739069052040577], [0.15603001415729523, 0.9855192303657532, -0.06638089567422867], [-0.016737131401896477, 0.06983223557472229, 0.9974183440208435]]], [0.05923732757568359, 0.046092376708984376, 0.4814234008789062, 0.10068865923167206, 0.021411766896345386, 0.1591011096705173, [[0.9871437549591064, -0.15550337731838226, 0.036957889795303345], [0.15839441120624542, 0.9827101826667786, -0.09587422758340836], [-0.021410131826996803, 0.10049556940793991, 0.9947071075439453]]], [0.06053849792480469, 0.039256145477294925, 0.48392587280273436, 0.08373387997430638, 0.026379592380110894, 0.1438235601855723, [[0.9893308877944946, -0.14064280688762665, 0.03800015151500702], [0.14327837526798248, 0.9865239262580872, -0.07900528609752655], [-0.02637653239071369, 0.08360696583986282, 0.9961496591567993]]], [0.06187515640258789, 0.029119632720947267, 0.4850220031738281, 0.05880572514790625, 0.01758526688575035, 0.15701827548438782, [[0.9875452518463135, -0.1550828069448471, 0.02652839384973049], [0.15634968876838684, 0.9861522316932678, -0.05530384182929993], [-0.017584361135959625, 0.05876275151968002, 0.9981170892715454]]], [0.06368414688110352, 0.020976150512695312, 0.4866070861816406, 0.07656738154918809, 0.014836495604613198, 0.1495843796761802, [[0.9887242913246155, -0.14746837317943573, 0.0260267723351717], [0.1490107625722885, 0.9861050844192505, -0.07343392074108124], [-0.014835950918495655, 0.07648417353630066, 0.9969604015350342]]], [0.06466584014892578, 0.01575786876678467, 0.4884582214355469, 0.06566685253171442, 0.002321877617403434, 0.15598418683947105, [[0.9878564476966858, -0.15486706793308258, 0.012482916004955769], [0.15535199642181396, 0.9857536554336548, -0.0644630566239357], [-0.0023218756541609764, 0.06561949104070663, 0.997842013835907]]], [0.064555419921875, 0.00845588493347168, 0.4900117492675781, 0.056913729646080796, -0.01046639807133043, 0.15229799442676392, [[0.9883708953857422, -0.15205274522304535, -0.0016985940746963024], [0.15170161426067352, 0.9867343306541443, -0.057809848338365555], [0.010466206818819046, 0.05687989294528961, 0.9983261823654175]]], [0.06408794403076172, -0.003132368564605713, 0.49205712890625, 0.07395618080057584, -0.03814864312575894, 0.12736440885452718, [[0.9911784529685974, -0.1294683814048767, -0.02834167703986168], [0.1269279271364212, 0.9888308048248291, -0.07812152802944183], [0.03813939169049263, 0.07383502274751663, 0.996540904045105]]], [0.0631693992614746, -0.007205525875091553, 0.49330499267578126, 0.07909923498583919, -0.041772182662000557, 0.12364394102197311, [[0.9915001392364502, -0.12621808052062988, -0.03156658634543419], [0.12322155386209488, 0.9888560175895691, -0.0835476741194725], [0.04176003485918045, 0.07894784957170486, 0.9960036873817444]]], [0.060377544403076175, -0.011502355575561523, 0.49662710571289065, 0.04770078151554386, -0.05860525600201982, 0.12387451444438771, [[0.9906337261199951, -0.12618885934352875, -0.052165210247039795], [0.12334582954645157, 0.9908635020256042, -0.054546087980270386], [0.0585717149078846, 0.04760083183646202, 0.9971476793289185]]], [0.05580505752563476, -0.02173588180541992, 0.4990929260253906, 0.051994305829663905, -0.06961184679809485, 0.1333492940149235, [[0.9887217283248901, -0.13635754585266113, -0.06193521246314049], [0.13263243436813354, 0.9893021583557129, -0.06074472516775131], [0.06955564022064209, 0.051845014095306396, 0.9962299466133118]]], [0.0527105827331543, -0.02773937225341797, 0.5009269714355469, 0.09700235918408447, -0.06879141635895292, 0.15299642811581304, [[0.985981285572052, -0.15826325118541718, -0.05285487323999405], [0.1520397812128067, 0.9826581478118896, -0.10614529997110367], [0.06873717159032822, 0.09662123769521713, 0.9929448962211609]]], [0.04685214996337891, -0.03326054763793945, 0.5033579406738281, 0.07733706404917384, -0.06722612557832042, 0.11388269640639923, [[0.9912781715393066, -0.11845339089632034, -0.0577613040804863], [0.11338000744581223, 0.9899629354476929, -0.08437031507492065], [0.0671755000948906, 0.077085480093956, 0.9947589039802551]]], [0.04204446029663086, -0.041882286071777346, 0.5037000427246093, 0.09184185901989902, -0.06940370345324176, 0.12606159000828562, [[0.9896764159202576, -0.1315077245235443, -0.05697689205408096], [0.1254252791404724, 0.9870840311050415, -0.0996672734618187], [0.06934799998998642, 0.09149200469255447, 0.9933881759643555]]], [0.03394662094116211, -0.04794572830200195, 0.5050707092285156, 0.08168561125118651, -0.06485470158987994, 0.1263158816723232, [[0.9899471998214722, -0.13080613315105438, -0.053799182176589966], [0.12571538984775543, 0.9880586862564087, -0.08908217400312424], [0.06480924785137177, 0.08142326027154922, 0.994570255279541]]], [0.02591554832458496, -0.052604690551757816, 0.5058089904785156, 0.08306725516613711, -0.060984388778683396, 0.10435339724511414, [[0.9927112460136414, -0.10883427411317825, -0.05176336690783501], [0.103970468044281, 0.990604043006897, -0.08884695917367935], [0.060946594923734665, 0.08281751722097397, 0.9946993589401245]]], [0.01950129508972168, -0.061956298828125, 0.5059454956054688, 0.06567779797865742, -0.06546595745362738, 0.11575046625946048, [[0.9911805987358093, -0.11950793117284775, -0.057261526584625244], [0.11524476855993271, 0.990670919418335, -0.07273053377866745], [0.06541920453310013, 0.0654899999499321, 0.9957064986228943]]], [0.01230880069732666, -0.06592528533935547, 0.5066041259765625, 0.0895294383897327, -0.04646616072060317, 0.09362164288222814, [[0.9945460557937622, -0.09724537283182144, -0.03770232945680618], [0.0933840349316597, 0.991244912147522, -0.09334325790405273], [0.0464494414627552, 0.08931338042020798, 0.9949198961257935]]], [0.0032137374877929687, -0.07449530792236328, 0.5073865356445313, 0.10282931334558966, -0.03356331303734961, 0.08678480845927104, [[0.9956755042076111, -0.08964966982603073, -0.024357005953788757], [0.08662709593772888, 0.9906756281852722, -0.1051551029086113], [0.03355701267719269, 0.10259038209915161, 0.9941574931144714]]], [-0.00306328558921814, -0.07824518585205079, 0.5083223571777343, 0.0622799052610295, -0.021666914096727607, 0.09336993147823164, [[0.9954105019569397, -0.09439612925052643, -0.015726156532764435], [0.09321244060993195, 0.9935881495475769, -0.06398457288742065], [0.021665219217538834, 0.06222504377365112, 0.9978269934654236]]], [-0.007212796688079834, -0.08597030639648437, 0.5082694702148437, 0.08822937075608585, 0.007006409048342377, 0.08983428290693095, [[0.9959431886672974, -0.08874966949224472, 0.014856057241559029], [0.08971130102872849, 0.9921489953994751, -0.0871335119009018], [-0.007006351836025715, 0.08811278641223907, 0.9960858821868896]]], [-0.010703805923461915, -0.08904878234863281, 0.5097562866210937, 0.08730822145536439, 0.02324690815328445, 0.07293424021092014, [[0.9970719814300537, -0.07057054340839386, 0.029448749497532845], [0.07284990698099136, 0.9936903715133667, -0.08527813851833344], [-0.023244814947247505, 0.08717378228902817, 0.9959219098091125]]], [-0.01335387134552002, -0.09686625671386719, 0.5101968383789063, 0.0626973823818845, 0.043422622393733956, 0.0874440995421797, [[0.9952402114868164, -0.08445165306329727, 0.04863009974360466], [0.08725038170814514, 0.9944593906402588, -0.05863334238529205], [-0.04340897873044014, 0.06259725242853165, 0.9970943927764893]]], [-0.01345735263824463, -0.10314688110351562, 0.5108674011230468, 0.0814130356374973, 0.06608030216632188, 0.09130206133417959, [[0.9936614632606506, -0.08552569150924683, 0.07295404374599457], [0.0909762755036354, 0.993026077747345, -0.07498384267091751], [-0.06603222340345383, 0.08114564418792725, 0.9945124983787537]]], [-0.01163347625732422, -0.10809600067138672, 0.5118540954589844, 0.08549835136260822, 0.082663156093574, 0.08474013569364322, [[0.9930093288421631, -0.07730396836996078, 0.08919990062713623], [0.08434974402189255, 0.9933688044548035, -0.07812479138374329], [-0.08256904780864716, 0.0851026326417923, 0.9929450750350952]]], [-0.008586454391479491, -0.11359693908691407, 0.5129063110351563, 0.05483173682346585, 0.09724832363759561, 0.10150412133685308, [[0.9901522994041443, -0.09588378667831421, 0.10200349241495132], [0.1008511334657669, 0.9938969016075134, -0.0446983277797699], [-0.09709510952234268, 0.0545453205704689, 0.9937793016433716]]], [-0.0029585144519805907, -0.12070001983642578, 0.5132667846679687, 0.07245263736217665, 0.09792159991677774, 0.11850232189855274, [[0.9882299304008484, -0.11088748276233673, 0.10538308322429657], [0.11765880882740021, 0.9912183880805969, -0.0603536032140255], [-0.09776518493890762, 0.07204248756170273, 0.9925985336303711]]], [0.006808345794677735, -0.12650810241699217, 0.5155980224609376, 0.06671471179080626, 0.09859069390821662, 0.12184591567557937, [[0.9877658486366272, -0.11476097255945206, 0.10558673739433289], [0.12095440924167633, 0.9911754131317139, -0.05423382297158241], [-0.0984310507774353, 0.06634149700403214, 0.9929300546646118]]], [0.013517157554626465, -0.1290716094970703, 0.5185653076171876, 0.05374986934263792, 0.09957286393034326, 0.12807485598946977, [[0.9868969321250916, -0.12224367260932922, 0.1053137257695198], [0.12709234654903412, 0.991059422492981, -0.040605369955301285], [-0.09940840303897858, 0.05345788225531578, 0.9936096668243408]]], [0.02183558464050293, -0.13805813598632813, 0.5213026733398437, 0.04700569556800484, 0.07805299814295252, 0.11238146332199588, [[0.9906664490699768, -0.10838043689727783, 0.0826658308506012], [0.11180362105369568, 0.9930051565170288, -0.03795726224780083], [-0.07797376811504364, 0.04684532806277275, 0.9958541989326477]]], [0.03043328857421875, -0.14019139099121095, 0.5246767578125, 0.08564382336520965, 0.07011535585003781, 0.11781443379649609, [[0.9906278848648071, -0.11116010695695877, 0.07937172800302505], [0.11725326627492905, 0.9901325106620789, -0.07674162834882736], [-0.07005792111158371, 0.08532898873090744, 0.9938867688179016]]], [0.042859695434570313, -0.14656346130371095, 0.5290426635742187, 0.069389210522424, 0.05040094673564477, 0.12344075410077923, [[0.9911306500434875, -0.11936478316783905, 0.058412816375494], [0.12297114729881287, 0.9904327988624573, -0.06261778622865677], [-0.05037961155176163, 0.06924549490213394, 0.996326744556427]]], [0.048966968536376956, -0.1510319061279297, 0.53270751953125, 0.06074306470770799, 0.03725406612871329, 0.10234961061046036, [[0.9940766096115112, -0.0997333973646164, 0.04318457096815109], [0.10210011899471283, 0.9931632280349731, -0.05658964812755585], [-0.03724544867873192, 0.06066359579563141, 0.9974631071090698]]], [0.057594047546386716, -0.15467738342285156, 0.5372152099609375, 0.04902139067286486, 0.007690816686490409, 0.11167602668276012, [[0.9937413334846497, -0.11093565076589584, 0.013094605877995491], [0.1114407479763031, 0.9926188588142395, -0.04784045368432999], [-0.007690740749239922, 0.04900031164288521, 0.9987691640853882]]], [0.0658521728515625, -0.15979904174804688, 0.5423845825195313, 0.05698705828431658, -0.011309956595954018, 0.10983373222297418, [[0.9939107894897461, -0.11007537692785263, -0.004980173893272877], [0.10960602760314941, 0.992290198802948, -0.05785069987177849], [0.011309715919196606, 0.0569525770843029, 0.9983128309249878]]], [0.07003793334960938, -0.16416539001464844, 0.5464408569335938, 0.03642375370215839, -0.020722473571612277, 0.0824451075637261, [[0.9963893294334412, -0.08304912596940994, -0.017638014629483223], [0.08233405649662018, 0.9958801865577698, -0.0379972867667675], [0.020720990374684334, 0.03640788048505783, 0.999122142791748]]], [0.07464178466796875, -0.1695520782470703, 0.5503882446289062, 0.05442563743420099, -0.0329727854287718, 0.08072602007934127, [[0.9962016344070435, -0.08230648189783096, -0.02842416800558567], [0.08059453964233398, 0.9951229095458984, -0.05687607079744339], [0.03296681120991707, 0.05436920374631882, 0.997976541519165]]], [0.07769973754882813, -0.1707078399658203, 0.5537360229492188, 0.061438901194996814, -0.040382100402881704, 0.05709475720014012, [[0.9975566267967224, -0.05943083390593529, -0.036725565791130066], [0.05701722204685211, 0.9963454008102417, -0.0635995864868164], [0.0403711274266243, 0.061350200325250626, 0.9972994923591614]]], [0.08003598785400391, -0.17660578918457032, 0.5572889404296875, 0.027905214337859568, -0.043303507348692705, 0.0751323180740401, [[0.9962440729141235, -0.07623688131570816, -0.04105670377612114], [0.07499128580093384, 0.9966999888420105, -0.031071031466126442], [0.043289974331855774, 0.02787543646991253, 0.9986736178398132]]], [0.08160309600830078, -0.18221951293945313, 0.5613020629882812, 0.05307989640659664, -0.051262896510642086, 0.07563786139057714, [[0.9958308935165405, -0.07817012071609497, -0.04701283946633339], [0.07546649128198624, 0.9955310225486755, -0.056769851595163345], [0.05124044790863991, 0.05298527702689171, 0.9972797632217407]]], [0.08212710571289063, -0.18272735595703124, 0.5648668212890625, 0.048676197734690355, -0.03805742295905379, 0.08225125745460558, [[0.995897650718689, -0.08390628546476364, -0.03387710452079773], [0.0820990577340126, 0.9952867031097412, -0.05161476880311966], [0.038048237562179565, 0.04862174391746521, 0.9980922937393188]]], [0.08267371368408204, -0.18957052612304687, 0.5698758544921875, 0.05478391352699197, -0.030520253683659737, 0.08059254260272947, [[0.9962899684906006, -0.08205004781484604, -0.025962643325328827], [0.0804678350687027, 0.9951242804527283, -0.05703175812959671], [0.0305155161768198, 0.054731015115976334, 0.9980347156524658]]], [0.08301372528076172, -0.1946919860839844, 0.5712031860351563, 0.06365203969027494, -0.03133260906981161, 0.08282363265155632, [[0.9960829615592957, -0.08454731851816177, -0.025894558057188988], [0.08268836885690689, 0.9943890571594238, -0.06597746163606644], [0.03132748231291771, 0.06357784569263458, 0.9974850416183472]]], [0.083047607421875, -0.19827383422851563, 0.5747006225585938, 0.07494453081818452, -0.017778832452453264, 0.08276813485171448, [[0.9964191913604736, -0.08376815170049667, -0.01147716399282217], [0.08266060054302216, 0.9936692118644714, -0.0760837122797966], [0.01777789555490017, 0.07486256211996078, 0.9970353841781616]]], [0.08260235595703125, -0.20042564392089843, 0.5769911499023438, 0.012956759856485565, -0.004619492417170523, 0.0724078988703427, [[0.9973690509796143, -0.07239826768636703, -0.0036696589086204767], [0.0723438709974289, 0.997291624546051, -0.013256614096462727], [0.004619475919753313, 0.012956258840858936, 0.9999054074287415]]], [0.08305831909179688, -0.2030391845703125, 0.578712890625, 0.036604590282343016, 0.001895853468475206, 0.07485687155528638, [[0.9971977472305298, -0.07466769218444824, 0.004626212175935507], [0.07478684931993484, 0.9965367317199707, -0.036352239549160004], [-0.0018958522705361247, 0.036596350371837616, 0.9993283152580261]]], [0.08419982147216797, -0.20299591064453126, 0.5811478271484375, 0.02991859870275197, 0.02463289052030415, 0.057707425941600915, [[0.9980325102806091, -0.05691402032971382, 0.02630370482802391], [0.05765790492296219, 0.9979311227798462, -0.028444407507777214], [-0.02463039942085743, 0.029905060306191444, 0.9992492198944092]]], [0.08543153381347657, -0.20827413940429687, 0.5809955444335938, 0.02327412748342446, 0.024803411803470343, 0.07829969882086923, [[0.9966294765472412, -0.07762313634157181, 0.026538517326116562], [0.07819565385580063, 0.9967113137245178, -0.02126133255660534], [-0.024800868704915047, 0.023264868184924126, 0.9994216561317444]]], [0.08727436065673828, -0.2084604797363281, 0.580576416015625, 0.07312895855105539, 0.04157479753389981, 0.06400596295009697, [[0.9970899820327759, -0.06076079607009888, 0.04604018107056618], [0.06390699744224548, 0.9954792857170105, -0.0702628344297409], [-0.041562821716070175, 0.07300066202878952, 0.9964654445648193]]], [0.09075044250488282, -0.20939012145996094, 0.5773399658203126, 0.043219632690482485, 0.04311258781571281, 0.06596738544615845, [[0.9968977570533752, -0.06399989128112793, 0.045813463628292084], [0.06585829704999924, 0.9970158934593201, -0.04027377441525459], [-0.04309923201799393, 0.04316603019833565, 0.9981378316879272]]], [0.09302313232421874, -0.21199276733398437, 0.5752736206054687, 0.025137818068292333, 0.05131104604720571, 0.07972967503676402, [[0.9955113530158997, -0.07833501696586609, 0.053111348301172256], [0.07954040914773941, 0.9966109991073608, -0.02097172662615776], [-0.051288533955812454, 0.02510209009051323, 0.9983683824539185]]], [0.09654885864257813, -0.21175247192382812, 0.573695556640625, 0.06656078724087594, 0.05441163251197967, 0.08809601155038702, [[0.9946478605270386, -0.08418408781290054, 0.0599057637155056], [0.08785189688205719, 0.994234561920166, -0.06147943064570427], [-0.05438478663563728, 0.06641321629285812, 0.9963089823722839]]], [0.10106340026855469, -0.21314889526367187, 0.5708187866210938, 0.07029568506762743, 0.049072849458268175, 0.07052081166391552, [[0.9963135719299316, -0.06685152649879456, 0.053759507834911346], [0.07037755101919174, 0.9952936172485352, -0.06661535799503326], [-0.04905315488576889, 0.07015325129032135, 0.9963294267654419]]], [0.10383465576171876, -0.2135360870361328, 0.5705421142578125, 0.03396133934318949, 0.04813451359564258, 0.06363558379707862