{
    "amplitude": 0.0926883603721179,
    "frequency": 0.029451165284457334,
    "seed": 1762038844,
    "time_interval": 0.05,
    "pid_gains": {
        "pid_rate": {
            "roll_kp": "50.0",
            "roll_ki": "0.0",
            "roll_kd": "0.0",
            "pitch_kp": "50.0",
            "pitch_ki": "0.0",
            "pitch_kd": "0.0",
            "yaw_kp": "80.0",
            "yaw_ki": "0.0",
            "yaw_kd": "0.0"
        },
        "pid_attitude": {
            "roll_kp": "8.0",
            "roll_ki": "0.0",
            "roll_kd": "0.20000000298023224",
            "pitch_kp": "8.0",
            "pitch_ki": "0.0",
            "pitch_kd": "1.0",
            "yaw_kp": "10.0",
            "yaw_ki": "0.0",
            "yaw_kd": "0.3499999940395355"
        },
        "velCtlPid": {
            "vxKp": "15.0",
            "vxKi": "1.0",
            "vxKd": "0.0",
            "vyKp": "10.0",
            "vyKi": "1.0",
            "vyKd": "0.0",
            "vzKp": "12.5",
            "vzKi": "0.5",
            "vzKd": "0.0"
        },
        "posCtlPid": {
            "xKp": "1.5",
            "xKi": "0.0",
            "xKd": "0.0",
            "yKp": "1.5",
            "yKi": "0.0",
            "yKd": "0.0",
            "zKp": "5.0",
            "zKi": "0.5",
            "zKd": "0.0"
        }
    },
    "pose": [
        [
            0.019524757385253905,
            0.004836464405059814,
            0.26195135498046873,
            -0.004958151022274426,
            0.02510970214658892,
            0.9896823042713159,
            [
                [
                    0.5487824082374573,
                    -0.8359096646308899,
                    0.009638228453695774
                ],
                [
                    0.8355881571769714,
                    0.5488446354866028,
                    0.023707315325737
                ],
                [
                    -0.025107063353061676,
                    -0.004956567194312811,
                    0.9996724724769592
                ]
            ]
        ],
        [
            0.019520069122314455,
            0.004840327262878418,
            0.261968017578125,
            -0.004887101243276126,
            0.02581069361160937,
            0.9897840420703656,
            [
                [
                    0.5486875772476196,
                    -0.8359667062759399,
                    0.010079835541546345
                ],
                [
                    0.8356290459632874,
                    0.5487583875656128,
                    0.024255072697997093
                ],
                [
                    -0.025807827711105347,
                    -0.004885454196482897,
                    0.99965500831604
                ]
            ]
        ],
        [
            0.01874143600463867,
            0.004215745449066162,
            0.2618815307617188,
            -0.0072179321392656925,
            0.02083842217698373,
            0.9794901312748873,
            [
                [
                    0.5573248863220215,
                    -0.8302754759788513,
                    0.005622779484838247
                ],
                [
                    0.830033004283905,
                    0.5573065280914307,
                    0.021322203800082207
                ],
                [
                    -0.02083691395819187,
                    -0.007216302212327719,
                    0.9997568726539612
                ]
            ]
        ],
        [
            0.020163759231567383,
            0.003845245361328125,
            0.262000244140625,
            -0.0005459858294287745,
            0.02005581021301106,
            1.1276223894375497,
            [
                [
                    0.42872270941734314,
                    -0.9033997654914856,
                    0.008106292225420475
                ],
                [
                    0.9032135009765625,
                    0.42879897356033325,
                    0.018351228907704353
                ],
                [
                    -0.020054465159773827,
                    -0.0005458759260363877,
                    0.9997987151145935
                ]
            ]
        ],
        [
            0.0195383358001709,
            0.0059102802276611325,
            0.26194802856445315,
            -0.0065102739834353995,
            0.02895405023012021,
            1.1593472112501053,
            [
                [
                    0.3997702896595001,
                    -0.9165982007980347,
                    0.005611060187220573
                ],
                [
                    0.9161580801010132,
                    0.3997567296028137,
                    0.029137026518583298
                ],
                [
                    -0.028950005769729614,
                    -0.006507500074803829,
                    0.9995597004890442
                ]
            ]
        ],
        [
            0.016490348815917967,
            0.005874135017395019,
            0.26621160888671874,
            -0.03210301111644198,
            0.007710865736083594,
            1.1447992156278937,
            [
                [
                    0.4132166802883148,
                    -0.9102602005004883,
                    -0.026044173166155815
                ],
                [
                    0.9106000661849976,
                    0.4127906560897827,
                    0.020281651988625526
                ],
                [
                    -0.007710790261626244,
                    -0.03209654241800308,
                    0.9994550347328186
                ]
            ]
        ],
        [
            0.014820581436157226,
            0.0075045104026794434,
            0.2797056884765625,
            -0.04057129137768928,
            -0.06645469644169388,
            0.9819098158089847,
            [
                [
                    0.5542094111442566,
                    -0.8293793201446533,
                    -0.07058197259902954
                ],
                [
                    0.8297241926193237,
                    0.5572181344032288,
                    -0.032646387815475464
                ],
                [
                    0.06640579551458359,
                    -0.040470633655786514,
                    0.996971607208252
                ]
            ]
        ],
        [
            0.011167753219604492,
            0.00701860761642456,
            0.3045906372070312,
            -0.03959537707612992,
            -0.04052242289143315,
            0.7559835541376804,
            [
                [
                    0.7269998788833618,
                    -0.6843001246452332,
                    -0.05660834535956383
                ],
                [
                    0.6854414939880371,
                    0.7281270027160645,
                    0.001032776664942503
                ],
                [
                    0.04051133245229721,
                    -0.039552535861730576,
                    0.9983959197998047
                ]
            ]
        ],
        [
            0.002830489635467529,
            0.006183168888092041,
            0.32921673583984373,
            -0.10719541776305191,
            -0.0684983822515648,
            0.6240403761942248,
            [
                [
                    0.8096210956573486,
                    -0.5750221014022827,
                    -0.11774222552776337
                ],
                [
                    0.5829485058784485,
                    0.8111450672149658,
                    0.04706113040447235
                ],
                [
                    0.06844482570886612,
                    -0.106739342212677,
                    0.9919284582138062
                ]
            ]
        ],
        [
            -0.006427835464477539,
            0.011938125610351562,
            0.35360919189453127,
            -0.06749288739898399,
            -0.0520272499888621,
            0.5393060210958677,
            [
                [
                    0.8569042086601257,
                    -0.509361982345581,
                    -0.0791550725698471
                ],
                [
                    0.5128457546234131,
                    0.8579127192497253,
                    0.031224090605974197
                ],
                [
                    0.052003782242536545,
                    -0.06735040247440338,
                    0.996373176574707
                ]
            ]
        ],
        [
            -0.01540107536315918,
            0.011488990783691406,
            0.3748904113769531,
            -0.06914788235036745,
            -0.03611653956891758,
            0.4841847582987708,
            [
                [
                    0.8844775557518005,
                    -0.4621664881706238,
                    -0.06404358893632889
                ],
                [
                    0.46518343687057495,
                    0.8841009736061096,
                    0.04438294470310211
                ],
                [
                    0.03610868752002716,
                    -0.06904773414134979,
                    0.9969596862792969
                ]
            ]
        ],
        [
            -0.022294673919677734,
            0.011776135444641114,
            0.39180105590820313,
            -0.027399647131443328,
            0.023586248892956352,
            0.4565177159126064,
            [
                [
                    0.8973433375358582,
                    -0.441239595413208,
                    0.009084002114832401
                ],
                [
                    0.44070249795913696,
                    0.8969712853431702,
                    0.03498319908976555
                ],
                [
                    -0.023584062233567238,
                    -0.027388598769903183,
                    0.9993466138839722
                ]
            ]
        ],
        [
            -0.03223168182373047,
            0.014714585304260255,
            0.4042261657714844,
            -0.06300430540671739,
            0.006194392977582286,
            0.4188083193440285,
            [
                [
                    0.913556694984436,
                    -0.406221479177475,
                    -0.019957369193434715
                ],
                [
                    0.40666425228118896,
                    0.9116029739379883,
                    0.060035109519958496
                ],
                [
                    -0.006194353569298983,
                    -0.06296142190694809,
                    0.9979967474937439
                ]
            ]
        ],
        [
            -0.038850440979003906,
            0.015084582328796387,
            0.41324267578125,
            -0.050639326823955166,
            0.0025747543578895637,
            0.4335015276696715,
            [
                [
                    0.9074974656105042,
                    -0.41963082551956177,
                    -0.018928417935967445
                ],
                [
                    0.42004960775375366,
                    0.9062824249267578,
                    0.0470157153904438
                ],
                [
                    -0.0025747520849108696,
                    -0.0506175197660923,
                    0.998714804649353
                ]
            ]
        ],
        [
            -0.046010189056396485,
            0.021512977600097655,
            0.4184079895019531,
            -0.036805788777566406,
            0.05258408626909428,
            0.39169922304463645,
            [
                [
                    0.9229841828346252,
                    -0.38328853249549866,
                    0.03449837490916252
                ],
                [
                    0.38123181462287903,
                    0.9228973984718323,
                    0.0540621355175972
                ],
                [
                    -0.052559856325387955,
                    -0.036746617406606674,
                    0.9979414343833923
                ]
            ]
        ],
        [
            -0.05103348159790039,
            0.02395265579223633,
            0.4211641845703125,
            -0.07366762938081414,
            0.06684414167762309,
            0.39569600377881586,
            [
                [
                    0.920667827129364,
                    -0.38894131779670715,
                    0.03309636190533638
                ],
                [
                    0.38458970189094543,
                    0.9183309078216553,
                    0.09358984977006912
                ],
                [
                    -0.06679437309503555,
                    -0.07343664765357971,
                    0.9950605630874634
                ]
            ]
        ],
        [
            -0.05325298309326172,
            0.025939525604248045,
            0.42249661254882814,
            -0.018133269301794847,
            0.08430500028866761,
            0.36832631173683605,
            [
                [
                    0.9296178817749023,
                    -0.3614197373390198,
                    0.07201611250638962
                ],
                [
                    0.3587757349014282,
                    0.932228147983551,
                    0.04722963273525238
                ],
                [
                    -0.08420517295598984,
                    -0.018067877739667892,
                    0.9962846040725708
                ]
            ]
        ],
        [
            -0.05576215744018555,
            0.03455739212036133,
            0.4217027587890625,
            -0.03558202556803314,
            0.09754707777426241,
            0.36782432595988684,
            [
                [
                    0.9286759495735168,
                    -0.3625914752483368,
                    0.07802842557430267
                ],
                [
                    0.3578766882419586,
                    0.9312754273414612,
                    0.06819381564855576
                ],
                [
                    -0.09739245474338531,
                    -0.03540539741516113,
                    0.9946160912513733
                ]
            ]
        ],
        [
            -0.0553245964050293,
            0.03936887359619141,
            0.42142657470703127,
            -0.05611336836603825,
            0.10968945400261543,
            0.3489913551439209,
            [
                [
                    0.9340705275535583,
                    -0.3471813201904297,
                    0.08353076875209808
                ],
                [
                    0.3398950695991516,
                    0.9361396431922913,
                    0.09007731825113297
                ],
                [
                    -0.10946962982416153,
                    -0.05574686825275421,
                    0.9924256801605225
                ]
            ]
        ],
        [
            -0.05295188903808594,
            0.044587722778320314,
            0.42004754638671876,
            -0.0018382072403191063,
            0.11480927655124429,
            0.35657432133822786,
            [
                [
                    0.9309288859367371,
                    -0.3492628335952759,
                    0.10670952498912811
                ],
                [
                    0.3467680811882019,
                    0.9370230436325073,
                    0.04171055555343628
                ],
                [
                    -0.11455722153186798,
                    -0.0018261037766933441,
                    0.9934149980545044
                ]
            ]
        ],
        [
            -0.050611019134521484,
            0.052230724334716795,
            0.41753836059570315,
            -0.036527964717266576,
            0.10831127087018677,
            0.3394149347779234,
            [
                [
                    0.9374240040779114,
                    -0.3364359438419342,
                    0.08970575034618378
                ],
                [
                    0.3309844732284546,
                    0.9410062432289124,
                    0.07040256261825562
                ],
                [
                    -0.10809962451457977,
                    -0.03630583733320236,
                    0.993476927280426
                ]
            ]
        ],
        [
            -0.044689891815185546,
            0.05831596374511719,
            0.41592181396484373,
            -0.05717988628249687,
            0.10343366552699584,
            0.3474553321370677,
            [
                [
                    0.9352171421051025,
                    -0.3454977869987488,
                    0.07746122032403946
                ],
                [
                    0.338686466217041,
                    0.9366964101791382,
                    0.08883324265480042
                ],
                [
                    -0.10324933379888535,
                    -0.05684330314397812,
                    0.9930298924446106
                ]
            ]
        ],
        [
            -0.03813280487060547,
            0.06367284774780274,
            0.4146519470214844,
            -0.01261194973169294,
            0.10967057769391153,
            0.3361055541134684,
            [
                [
                    0.9383746385574341,
                    -0.33108994364738464,
                    0.09915898740291595
                ],
                [
                    0.3278316259384155,
                    0.9435158967971802,
                    0.048001401126384735
                ],
                [
                    -0.10945086181163788,
                    -0.012535848654806614,
                    0.9939131736755371
                ]
            ]
        ],
        [
            -0.032629825592041015,
            0.07175830841064453,
            0.41261370849609375,
            -0.026647351287619192,
            0.09700336672824572,
            0.3293125632215355,
            [
                [
                    0.9418163299560547,
                    -0.3257196545600891,
                    0.08299791812896729
                ],
                [
                    0.3218722939491272,
                    0.9450944066047668,
                    0.056522347033023834
                ],
                [
                    -0.09685131162405014,
                    -0.026518939062952995,
                    0.9949455261230469
                ]
            ]
        ],
        [
            -0.02402410125732422,
            0.0773096923828125,
            0.4117545166015625,
            -0.0371384441881924,
            0.08444695672373581,
            0.3429760709920839,
            [
                [
                    0.9384020566940308,
                    -0.33900880813598633,
                    0.06689286977052689
                ],
                [
                    0.3350929319858551,
                    0.9400554299354553,
                    0.06331286579370499
                ],
                [
                    -0.08434662222862244,
                    -0.03699759393930435,
                    0.9957493543624878
                ]
            ]
        ],
        [
            -0.01572669315338135,
            0.08258743286132812,
            0.4112979736328125,
            -0.0184938391196601,
            0.08382907735715994,
            0.32251410650241263,
            [
                [
                    0.9451110363006592,
                    -0.3183664381504059,
                    0.07353898882865906
                ],
                [
                    0.315839022397995,
                    0.9477885961532593,
                    0.044073477387428284
                ],
                [
                    -0.08373092859983444,
                    -0.01842784509062767,
                    0.996317982673645
                ]
            ]
        ],
        [
            -0.009352283477783203,
            0.08900640106201171,
            0.4106929016113281,
            -0.017622131145448056,
            0.06354881426977821,
            0.32026523990312916,
            [
                [
                    0.9472360610961914,
                    -0.31583160161972046,
                    0.05472004786133766
                ],
                [
                    0.314182847738266,
                    0.9486522674560547,
                    0.03671497851610184
                ],
                [
                    -0.06350605189800262,
                    -0.017585650086402893,
                    0.9978265166282654
                ]
            ]
        ],
        [
            -0.0008667939901351928,
            0.09249583435058593,
            0.4110042724609375,
            -0.03900529845681397,
            0.044914805417861414,
            0.3364584829866991,
            [
                [
                    0.9429778456687927,
                    -0.3315478265285492,
                    0.029475746676325798
                ],
                [
                    0.32981327176094055,
                    0.9426338076591492,
                    0.05162112042307854
                ],
                [
                    -0.04489970579743385,
                    -0.03895608335733414,
                    0.9982316493988037
                ]
            ]
        ],
        [
            0.007897188186645508,
            0.09616136169433594,
            0.41217626953125,
            -0.005447054702513526,
            0.043392490316603194,
            0.309905507273177,
            [
                [
                    0.951465904712677,
                    -0.3051891624927521,
                    0.03965062275528908
                ],
                [
                    0.30468156933784485,
                    0.9522762298583984,
                    0.018416544422507286
                ],
                [
                    -0.04337887465953827,
                    -0.005441900808364153,
                    0.999043881893158
                ]
            ]
        ],
        [
            0.013160322189331055,
            0.10086544036865235,
            0.4132082824707031,
            -0.01940832494852454,
            0.03129516504136021,
            0.32341989868465304,
            [
                [
                    0.9476898312568665,
                    -0.3183269202709198,
                    0.0234944149851799
                ],
                [
                    0.31765538454055786,
                    0.9477825164794922,
                    0.028343379497528076
                ],
                [
                    -0.03129005804657936,
                    -0.01939760334789753,
                    0.9993221163749695
                ]
            ]
        ],
        [
            0.020457733154296876,
            0.10295360565185546,
            0.41533154296875,
            -0.0287525133694774,
            0.01935592501039629,
            0.3181138471906225,
            [
                [
                    0.9496491551399231,
                    -0.3131748139858246,
                    0.00938418973237276
                ],
                [
                    0.3127170205116272,
                    0.949260413646698,
                    0.03335733339190483
                ],
                [
                    -0.019354715943336487,
                    -0.028743166476488113,
                    0.9993994235992432
                ]
            ]
        ],
        [
            0.026825235366821288,
            0.10498295593261718,
            0.4174656372070312,
            -0.008605518883585656,
            0.018802007463727843,
            0.30466367767523905,
            [
                [
                    0.9537792801856995,
                    -0.30011558532714844,
                    0.015353028662502766
                ],
                [
                    0.29991933703422546,
                    0.9538640379905701,
                    0.013848656788468361
                ],
                [
                    -0.018800899386405945,
                    -0.008603891357779503,
                    0.9997861981391907
                ]
            ]
        ],
        [
            0.029688350677490233,
            0.10810684967041016,
            0.41911700439453126,
            -0.015509217464545116,
            0.011793482495253915,
            0.3034166983864809,
            [
                [
                    0.9542548656463623,
                    -0.2989211976528168,
                    0.006619458086788654
                ],
                [
                    0.298761785030365,
                    0.9541518092155457,
                    0.018323363736271858
                ],
                [
                    -0.011793209239840508,
                    -0.015507517382502556,
                    0.9998102188110352
                ]
            ]
        ],
        [
            0.03537532043457031,
            0.10799723052978516,
            0.4216893310546875,
            -0.03662637997989454,
            -0.0017488719785829776,
            0.31820154090519776,
            [
                [
                    0.9497981667518616,
                    -0.31258824467658997,
                    -0.013116289861500263
                ],
                [
                    0.3128584027290344,
                    0.9491826295852661,
                    0.03423316031694412
                ],
                [
                    0.0017488709418103099,
                    -0.03661813586950302,
                    0.9993277788162231
                ]
            ]
        ],
        [
            0.03954678726196289,
            0.10915888977050782,
            0.42414666748046875,
            0.0006790157029151755,
            0.001124855623519272,
            0.2952743452264021,
            [
                [
                    0.9567217230796814,
                    -0.2910015285015106,
                    0.001273769186809659
                ],
                [
                    0.29100215435028076,
                    0.9567223191261292,
                    -0.0003222939558327198
                ],
                [
                    -0.001124855363741517,
                    0.0006790152401663363,
                    0.9999991655349731
                ]
            ]
        ],
        [
            0.041520320892333984,
            0.11089180755615234,
            0.4259168701171875,
            -0.026815119124898534,
            0.008174726808578336,
            0.2900357089223499,
            [
                [
                    0.9582016468048096,
                    -0.28609365224838257,
                    0.0001625538570806384
                ],
                [
                    0.2859768867492676,
                    0.9578264951705933,
                    0.02802906557917595
                ],
                [
                    -0.008174635469913483,
                    -0.026811009272933006,
                    0.9996070861816406
                ]
            ]
        ],
        [
            0.04594137954711914,
            0.10971287536621094,
            0.4283527526855469,
            -0.04243147794084992,
            0.008451187573093488,
            0.3144438560324144,
            [
                [
                    0.9509345889091492,
                    -0.3093501627445221,
                    -0.005090110469609499
                ],
                [
                    0.30927661061286926,
                    0.9500017166137695,
                    0.042950358241796494
                ],
                [
                    -0.008451087400317192,
                    -0.04241723194718361,
                    0.9990642666816711
                ]
            ]
        ],
        [
            0.04987623977661133,
            0.11037986755371093,
            0.43032366943359374,
            0.018110672600603533,
            0.023635516911021615,
            0.30802137666645857,
            [
                [
                    0.9526691436767578,
                    -0.3027161657810211,
                    0.028007708489894867
                ],
                [
                    0.30308905243873596,
                    0.9529088139533997,
                    -0.010093530640006065
                ],
                [
                    -0.023633316159248352,
                    0.01810462400317192,
                    0.9995567202568054
                ]
            ]
        ],
        [
            0.05153518676757812,
            0.1121340789794922,
            0.43089849853515627,
            -0.05231734075315056,
            0.027169278188075685,
            0.2751591806287902,
            [
                [
                    0.9620267748832703,
                    -0.27269554138183594,
                    0.011900089681148529
                ],
                [
                    0.2715998589992523,
                    0.9606792330741882,
                    0.05769718810915947
                ],
                [
                    -0.027165936306118965,
                    -0.052274178713560104,
                    0.9982631802558899
                ]
            ]
        ],
        [
            0.05624220657348633,
            0.11067733764648438,
            0.43237445068359376,
            -0.03439437870793563,
            0.03694008216943345,
            0.3022133802274405,
            [
                [
                    0.9540287852287292,
                    -0.2986704111099243,
                    0.025002168491482735
                ],
                [
                    0.29743096232414246,
                    0.9537374377250671,
                    0.043814778327941895
                ],
                [
                    -0.036931682378053665,
                    -0.034364137798547745,
                    0.9987267851829529
                ]
            ]
        ],
        [
            0.06096718978881836,
            0.1115081558227539,
            0.433838134765625,
            -0.006112234829432073,
            0.0417013957110155,
            0.2847876690359902,
            [
                [
                    0.958886981010437,
                    -0.28119298815727234,
                    0.03829212859272957
                ],
                [
                    0.2807094156742096,
                    0.9596318006515503,
                    0.017578551545739174
                ],
                [
                    -0.04168931022286415,
                    -0.00610688328742981,
                    0.9991119503974915
                ]
            ]
        ],
        [
            0.06342504119873046,
            0.1134692611694336,
            0.43426385498046877,
            -0.038627007543080974,
            0.05021156005626781,
            0.2763273713869019,
            [
                [
                    0.9608513712882996,
                    -0.27448537945747375,
                    0.037714652717113495
                ],
                [
                    0.2724803388118744,
                    0.9608174562454224,
                    0.050835367292165756
                ],
                [
                    -0.05019046366214752,
                    -0.038568731397390366,
                    0.9979946613311768
                ]
            ]
        ],
        [
            0.069963623046875,
            0.1125114974975586,
            0.4353351135253906,
            -0.03725062652888528,
            0.04325416137846205,
            0.2903075061000576,
            [
                [
                    0.9572597146034241,
                    -0.28759127855300903,
                    0.030742157250642776
                ],
                [
                    0.28597915172576904,
                    0.9570302367210388,
                    0.048052575439214706
                ],
                [
                    -0.04324067384004593,
                    -0.03720717877149582,
                    0.9983716011047363
                ]
            ]
        ],
        [
            0.07551978302001953,
            0.11457262420654298,
            0.4366708679199219,
            -0.026973347549926086,
            0.057361119158188645,
            0.29263275511850323,
            [
                [
                    0.9559129476547241,
                    -0.28984957933425903,
                    0.047092318534851074
                ],
                [
                    0.28799960017204285,
                    0.9566934108734131,
                    0.042355623096227646
                ],
                [
                    -0.05732966959476471,
                    -0.026925720274448395,
                    0.9979921579360962
                ]
            ]
        ],
        [
            0.07957332611083984,
            0.11586913299560547,
            0.4377061157226563,
            -0.03289623878614127,
            0.04795395531069202,
            0.27505889966005515,
            [
                [
                    0.9613028168678284,
                    -0.27297401428222656,
                    0.037175554782152176
                ],
                [
                    0.2712914049625397,
                    0.961460292339325,
                    0.044666364789009094
                ],
                [
                    -0.04793557897210121,
                    -0.032852496951818466,
                    0.9983100295066833
                ]
            ]
        ],
        [
            0.08678246307373047,
            0.1142785873413086,
            0.4389271240234375,
            -0.03067890453305583,
            0.04462475053090964,
            0.28024331197457997,
            [
                [
                    0.9600315093994141,
                    -0.27777430415153503,
                    0.034365322440862656
                ],
                [
                    0.2763141393661499,
                    0.9601575136184692,
                    0.04181027412414551
                ],
                [
                    -0.04460994154214859,
                    -0.030643556267023087,
                    0.9985343813896179
                ]
            ]
        ],
        [
            0.09254894256591797,
            0.11773605346679687,
            0.44015396118164063,
            -0.004866600832035911,
            0.055629857464854604,
            0.2824272626418437,
            [
                [
                    0.9588961601257324,
                    -0.27894413471221924,
                    0.05204146355390549
                ],
                [
                    0.27825644612312317,
                    0.9602950215339661,
                    0.02016894705593586
                ],
                [
                    -0.05560116842389107,
                    -0.0048590535297989845,
                    0.998441219329834
                ]
            ]
        ],
        [
            0.09685125732421875,
            0.11841871643066407,
            0.4417054443359375,
            -0.04598230126512115,
            0.037877694047492305,
            0.2682908795568987,
            [
                [
                    0.9635337591171265,
                    -0.26648205518722534,
                    0.024290435016155243
                ],
                [
                    0.26489371061325073,
                    0.9627447724342346,
                    0.05434943363070488
                ],
                [
                    -0.03786863759160042,
                    -0.04593312740325928,
                    0.9982264637947083
                ]
            ]
        ],
        [
            0.1040168228149414,
            0.11759198760986328,
            0.4435072021484375,
            -0.041801476256817016,
            0.023171963328131318,
            0.2956690949197656,
            [
                [
                    0.956350564956665,
                    -0.29205167293548584,
                    0.009968559257686138
                ],
                [
                    0.29130175709724426,
                    0.9554896354675293,
                    0.04672130197286606
                ],
                [
                    -0.02316989004611969,
                    -0.0417780838906765,
                    0.9988582134246826
                ]
            ]
        ],
        [
            0.11019837188720703,
            0.12123371887207031,
            0.4455810241699219,
            -0.010855826964565801,
            0.03321652313352175,
            0.28061137376216083,
            [
                [
                    0.9603562355041504,
                    -0.2772732675075531,
                    0.028903163969516754
                ],
                [
                    0.2767903804779053,
                    0.9607298374176025,
                    0.01962786540389061
                ],
                [
                    -0.03321041539311409,
                    -0.010849625803530216,
                    0.9993894696235657
                ]
            ]
        ],
        [
            0.11338858795166015,
            0.12127653503417969,
            0.4480762023925781,
            -0.04892674301676744,
            0.021035415656802448,
            0.2695341738567333,
            [
                [
                    0.9636818170547485,
                    -0.2669553756713867,
                    0.007227039895951748
                ],
                [
                    0.2662235498428345,
                    0.9624676704406738,
                    0.05273567885160446
                ],
                [
                    -0.021033864468336105,
                    -0.04889640584588051,
                    0.9985823631286621
                ]
            ]
        ],
        [
            0.12019410705566407,
            0.12046807098388672,
            0.450361572265625,
            -0.023819544459686454,
            0.011004636123398637,
            0.2833909320321103,
            [
                [
                    0.9600546956062317,
                    -0.27978524565696716,
                    0.0039028585888445377
                ],
                [
                    0.2795960009098053,
                    0.9597671627998352,
                    0.025943391025066376
                ],
                [
                    -0.011004414409399033,
                    -0.023815849795937538,
                    0.9996557831764221
                ]
            ]
        ],
        [
            0.1249719467163086,
            0.12288031768798828,
            0.4520273742675781,
            -0.0029646040947419183,
            0.015034684150190047,
            0.27166717209924607,
            [
                [
                    0.9632160067558289,
                    -0.2683795988559723,
                    0.013687161728739738
                ],
                [
                    0.26830750703811646,
                    0.9633086919784546,
                    0.006890077609568834
                ],
                [
                    -0.015034117735922337,
                    -0.002964264713227749,
                    0.9998825788497925
                ]
            ]
        ],
        [
            0.12691563415527343,
            0.1218873748779297,
            0.45350909423828123,
            -0.057329833754990595,
            0.01596947634615531,
            0.24095960140720138,
            [
