{
    "amplitude": 0.09109538927354074,
    "frequency": 0.025802997663160486,
    "seed": 1762036995,
    "time_interval": 0.05,
    "pid_gains": {
        "pid_rate": {
            "roll_kp": "50.0",
            "roll_ki": "0.0",
            "roll_kd": "0.0",
            "pitch_kp": "50.0",
            "pitch_ki": "0.0",
            "pitch_kd": "0.0",
            "yaw_kp": "80.0",
            "yaw_ki": "0.0",
            "yaw_kd": "0.0"
        },
        "pid_attitude": {
            "roll_kp": "6.0",
            "roll_ki": "0.0",
            "roll_kd": "0.20000000298023224",
            "pitch_kp": "6.0",
            "pitch_ki": "0.0",
            "pitch_kd": "1.0",
            "yaw_kp": "10.0",
            "yaw_ki": "0.0",
            "yaw_kd": "0.3499999940395355"
        },
        "velCtlPid": {
            "vxKp": "15.0",
            "vxKi": "1.0",
            "vxKd": "0.0",
            "vyKp": "10.0",
            "vyKi": "1.0",
            "vyKd": "0.0",
            "vzKp": "12.5",
            "vzKi": "0.5",
            "vzKd": "0.0"
        },
        "posCtlPid": {
            "xKp": "1.5",
            "xKi": "0.0",
            "xKd": "0.0",
            "yKp": "1.5",
            "yKi": "0.0",
            "yKd": "0.0",
            "zKp": "5.0",
            "zKi": "0.5",
            "zKd": "0.0"
        }
    },
    "pose": [
        [
            -0.00843603229522705,
            0.0030191407203674315,
            0.2630537109375,
            0.00485283938841663,
            0.03167933706861348,
            1.179170199871383,
            [
                [
                    0.38150039315223694,
                    -0.9242200255393982,
                    0.01657499372959137
                ],
                [
                    0.9238258600234985,
                    0.38182950019836426,
                    0.027423357591032982
                ],
                [
                    -0.031674038618803024,
                    0.004850385710597038,
                    0.99948650598526
                ]
            ]
        ],
        [
            -0.008084053993225098,
            0.003821331262588501,
            0.2630213317871094,
            0.005436981807600216,
            0.035395688220751564,
            1.1843354871124467,
            [
                [
                    0.3766765594482422,
                    -0.926162600517273,
                    0.018374072387814522
                ],
                [
                    0.9256686568260193,
                    0.37708526849746704,
                    0.030728626996278763
                ],
                [
                    -0.03538829833269119,
                    0.005433549173176289,
                    0.9993588924407959
                ]
            ]
        ],
        [
            -0.00848025608062744,
            0.0028325908184051512,
            0.2630728759765625,
            0.004993249744367434,
            0.03146005699390897,
            1.1861720211786215,
            [
                [
                    0.3750252425670624,
                    -0.9268689751625061,
                    0.016430482268333435
                ],
                [
                    0.926480770111084,
                    0.37535181641578674,
                    0.02728288061916828
                ],
                [
                    -0.031454868614673615,
                    0.004990758374333382,
                    0.9994927048683167
                ]
            ]
        ],
        [
            -0.007823232650756837,
            0.0018431997299194335,
            0.26306442260742186,
            0.012421289094543542,
            0.030764250076115163,
            1.3354235271909372,
            [
                [
                    0.23309515416622162,
                    -0.9722633361816406,
                    0.019251199439167976
                ],
                [
                    0.971967339515686,
                    0.2335590422153473,
                    0.027012336999177933
                ],
                [
                    -0.030759397894144058,
                    0.012415092438459396,
                    0.9994497299194336
                ]
            ]
        ],
        [
            -0.009397618293762207,
            0.002838372468948364,
            0.2629972839355469,
            0.005821216351841407,
            0.03078547199073789,
            1.3924708532701378,
            [
                [
                    0.17729781568050385,
                    -0.9840936660766602,
                    0.011188700795173645
                ],
                [
                    0.9836757779121399,
                    0.17755520343780518,
                    0.02925940789282322
                ],
                [
                    -0.0307806096971035,
                    0.005818424746394157,
                    0.9995092153549194
                ]
            ]
        ],
        [
            -0.009596222877502442,
            0.004178719520568848,
            0.26509469604492186,
            0.02579471875283923,
            0.03595409714453157,
            1.3649061785009393,
            [
                [
                    0.2043064534664154,
                    -0.9783642292022705,
                    0.0325934961438179
                ],
                [
                    0.9782467484474182,
                    0.20527811348438263,
                    0.029902586713433266
                ],
                [
                    -0.035946350544691086,
                    0.025775190442800522,
                    0.9990212917327881
                ]
            ]
        ],
        [
            -0.014258262634277343,
            0.0017999659776687623,
            0.27378857421875,
            0.01722516210293812,
            -0.007315218238689303,
            1.1770638636222102,
            [
                [
                    0.38362768292427063,
                    -0.9233949184417725,
                    0.013100413605570793
                ],
                [
                    0.9234588742256165,
                    0.3834646940231323,
                    -0.013362320140004158
                ],
                [
                    0.007315152790397406,
                    0.017223849892616272,
                    0.9998248815536499
                ]
            ]
        ],
        [
            -0.01954252243041992,
            0.00012424636632204055,
            0.29374444580078124,
            -0.011613872868028119,
            -0.03545670744818952,
            0.97264854343762,
            [
                [
                    0.5627588629722595,
                    -0.8260924816131592,
                    -0.029557853937149048
                ],
                [
                    0.8258606195449829,
                    0.5634150505065918,
                    -0.022752827033400536
                ],
                [
                    0.035449277609586716,
                    -0.011606312356889248,
                    0.9993040561676025
                ]
            ]
        ],
        [
            -0.027594854354858398,
            -0.004198597431182861,
            0.32329660034179686,
            0.06683427531373126,
            -0.02638549121526812,
            0.7657984838775398,
            [
                [
                    0.7205782532691956,
                    -0.6928354501724243,
                    0.02731444500386715
                ],
                [
                    0.6928715109825134,
                    0.7179986238479614,
                    -0.0663854107260704
                ],
                [
                    0.026382429525256157,
                    0.06676128506660461,
                    0.9974201321601868
                ]
            ]
        ],
        [
            -0.033254112243652344,
            -0.01192457675933838,
            0.3363631591796875,
            0.07433948700898407,
            -0.09779968320417498,
            0.6234407590747235,
            [
                [
                    0.8079948425292969,
                    -0.5881074070930481,
                    -0.03569378703832626
                ],
                [
                    0.5810421705245972,
                    0.8053981065750122,
                    -0.11714892089366913
                ],
                [
                    0.09764385223388672,
                    0.07391612231731415,
                    0.9924727082252502
                ]
            ]
        ],
        [
            -0.038835639953613284,
            -0.016929904937744142,
            0.3553363037109375,
            0.0908879777119887,
            -0.05600599504138826,
            0.5986808597112856,
            [
                [
                    0.824784517288208,
                    -0.5654242038726807,
                    0.005099351052194834
                ],
                [
                    0.5626696348190308,
                    0.8198069334030151,
                    -0.10639305412769318
                ],
                [
                    0.05597672238945961,
                    0.09062058478593826,
                    0.9943110942840576
                ]
            ]
        ],
        [
            -0.04676957321166992,
            -0.02951746368408203,
            0.37117068481445314,
            0.06413257876867653,
            -0.11798944875725481,
            0.5288814596444213,
            [
                [
                    0.8573692440986633,
                    -0.5100441575050354,
                    -0.06908658891916275
                ],
                [
                    0.5010598301887512,
                    0.857790470123291,
                    -0.1146058738231659
                ],
                [
                    0.11771587282419205,
                    0.06364303827285767,
                    0.9910058379173279
                ]
            ]
        ],
        [
            -0.05578659057617188,
            -0.04341573333740235,
            0.3846474304199219,
            0.08217191717974279,
            -0.1691235303754679,
            0.46137930181364917,
            [
                [
                    0.8826637864112854,
                    -0.45605239272117615,
                    -0.11366996169090271
                ],
                [
                    0.43883204460144043,
                    0.8862674832344055,
                    -0.14817696809768677
                ],
                [
                    0.16831845045089722,
                    0.08090841770172119,
                    0.9824066162109375
                ]
            ]
        ],
        [
            -0.06554460906982422,
            -0.05402667236328125,
            0.3934933166503906,
            0.06339393243107944,
            -0.15057976517526805,
            0.44986573149405246,
            [
                [
                    0.8903156518936157,
                    -0.4425290524959564,
                    -0.10726665705442429
                ],
                [
                    0.42992404103279114,
                    0.8945640921592712,
                    -0.12214896082878113
                ],
                [
                    0.1500113606452942,
                    0.06263460963964462,
                    0.9866982698440552
                ]
            ]
        ],
        [
            -0.07592342376708984,
            -0.07110887145996093,
            0.39980502319335937,
            0.029498084513252615,
            -0.15681318366977104,
            0.4240506639638376,
            [
                [
                    0.9002465009689331,
                    -0.4154748320579529,
                    -0.13014183938503265
                ],
                [
                    0.4064071476459503,
                    0.909138023853302,
                    -0.09111114591360092
                ],
                [
                    0.1561712920665741,
                    0.029131919145584106,
                    0.9873002767562866
                ]
            ]
        ],
        [
            -0.09079147338867187,
            -0.08580143737792968,
            0.40501315307617186,
            0.04787573240976126,
            -0.15476214776579722,
            0.43937363738572266,
            [
                [
                    0.8942016959190369,
                    -0.43156158924102783,
                    -0.11898703128099442
                ],
                [
                    0.42028871178627014,
                    0.9008433222770691,
                    -0.10880584269762039
                ],
                [
                    0.15414509177207947,
                    0.04728546366095543,
                    0.9869160652160645
                ]
            ]
        ],
        [
            -0.1109898452758789,
            -0.10376003265380859,
            0.4075872802734375,
            -0.009172007998785647,
            -0.12838885464888317,
            0.42365484667214603,
            [
                [
                    0.904089629650116,
                    -0.410007119178772,
                    -0.12048265337944031
                ],
                [
                    0.407711386680603,
                    0.9120369553565979,
                    -0.04427189379930496
                ],
                [
                    0.12803642451763153,
                    -0.009096390567719936,
                    0.9917277693748474
                ]
            ]
        ],
        [
            -0.11957100677490234,
            -0.113665771484375,
            0.4088692932128906,
            -0.04080113573917543,
            -0.11192960079020309,
            0.42718483680832675,
            [
                [
                    0.9044404625892639,
                    -0.4098188281059265,
                    -0.118473581969738
                ],
                [
                    0.4117176830768585,
                    0.9112658500671387,
                    -0.009114031679928303
                ],
                [
                    0.1116960346698761,
                    -0.040534570813179016,
                    0.9929153919219971
                ]
            ]
        ],
        [
            -0.13746742248535157,
            -0.12335637664794921,
            0.4089115905761719,
            -0.06029342555392045,
            -0.08276253052494864,
            0.40726061906359956,
            [
                [
                    0.9150664210319519,
                    -0.3908018469810486,
                    -0.09963615983724594
                ],
                [
                    0.39473971724510193,
                    0.9185139536857605,
                    0.022643493488430977
                ],
                [
                    0.08266808092594147,
                    -0.06005065143108368,
                    0.9947662353515625
                ]
            ]
        ],
        [
            -0.15172427368164063,
            -0.13343130493164063,
            0.40936578369140625,
            -0.09646981030606155,
            -0.04764036467166499,
            0.4173817610931256,
            [
                [
                    0.9131162166595459,
                    -0.3992903530597687,
                    -0.08237689733505249
                ],
                [
                    0.4049084484577179,
                    0.9117624163627625,
                    0.06883665174245834
                ],
                [
                    0.04762234538793564,
                    -0.09621096402406693,
                    0.9942210912704468
                ]
            ]
        ],
        [
            -0.16864187622070312,
            -0.1433902130126953,
            0.40867965698242187,
            -0.10046732798646194,
            -0.01492044858009689,
            0.3956952947211746,
            [
                [
                    0.9226260781288147,
                    -0.3821253776550293,
                    -0.05235759913921356
                ],
                [
                    0.3854069411754608,
                    0.9186526536941528,
                    0.08682634681463242
                ],
                [
                    0.014919893816113472,
                    -0.10028723627328873,
                    0.9948466420173645
                ]
            ]
        ],
        [
            -0.17912107849121095,
            -0.14533712768554688,
            0.40762771606445314,
            -0.08896739749236535,
            0.012413650743773541,
            0.3806354241082619,
            [
                [
                    0.9283572435379028,
                    -0.3710651695728302,
                    -0.02152942307293415
                ],
                [
                    0.37148186564445496,
                    0.9243471026420593,
                    0.08708441257476807
                ],
                [
                    -0.012413332238793373,
                    -0.08884323388338089,
                    0.9959682822227478
                ]
            ]
        ],
        [
            -0.1896572723388672,
            -0.150724853515625,
            0.4070624084472656,
            -0.11081327782273545,
            0.052738494777182066,
            0.3986665934737774,
            [
                [
                    0.9202980995178223,
                    -0.39118120074272156,
                    0.005353613290935755
                ],
                [
                    0.38765013217926025,
                    0.9136639833450317,
                    0.12225191295146942
                ],
                [
                    -0.05271404981613159,
                    -0.11043287068605423,
                    0.9924846887588501
                ]
            ]
        ],
        [
            -0.1989425811767578,
            -0.15290403747558592,
            0.405072998046875,
            -0.06562388521629647,
            0.07027926280073649,
            0.3887739119705088,
            [
                [
                    0.9230901598930359,
                    -0.38249945640563965,
                    0.039984092116355896
                ],
                [
                    0.3781183958053589,
                    0.9216371774673462,
                    0.08724351972341537
                ],
                [
                    -0.0702214241027832,
                    -0.0654149129986763,
                    0.9953842759132385
                ]
            ]
        ],
        [
            -0.20486869812011718,
            -0.15062124633789062,
            0.40321835327148436,
            -0.06070155505377173,
            0.0961887964619983,
            0.38512611477385317,
            [
                [
                    0.9224671125411987,
                    -0.38038358092308044,
                    0.06605162471532822
                ],
                [
                    0.3739394247531891,
                    0.9228554368019104,
                    0.09223436564207077
                ],
                [
                    -0.09604053944349289,
                    -0.060383860021829605,
                    0.9935441613197327
                ]
            ]
        ],
        [
            -0.20781808471679689,
            -0.15095721435546874,
            0.4010704650878906,
            -0.06464306708498063,
            0.12427725354273611,
            0.40235627343189045,
            [
                [
                    0.913044273853302,
                    -0.3981375992298126,
                    0.08852443099021912
                ],
                [
                    0.38856741786003113,
                    0.9150834083557129,
                    0.107878178358078
                ],
                [
                    -0.12395758926868439,
                    -0.06409984081983566,
                    0.990215003490448
                ]
            ]
        ],
        [
            -0.20899249267578124,
            -0.14755352783203124,
            0.39909442138671875,
            -0.028390341196900704,
            0.14075201256228498,
            0.37753711649658034,
            [
                [
                    0.920382559299469,
                    -0.37218543887138367,
                    0.11989127844572067
                ],
                [
                    0.3649866580963135,
                    0.9277327656745911,
                    0.0780811458826065
                ],
                [
                    -0.14028772711753845,
                    -0.028105804696679115,
                    0.9897117614746094
                ]
            ]
        ],
        [
            -0.20796968078613282,
            -0.1422080078125,
            0.3960540161132812,
            -0.033346402121760516,
            0.1648099307455504,
            0.39343120495286654,
            [
                [
                    0.9110839366912842,
                    -0.3881986439228058,
                    0.1386646032333374
                ],
                [
                    0.37816503643989563,
                    0.9209886789321899,
                    0.09365388751029968
                ],
                [
                    -0.16406483948230743,
                    -0.032888446003198624,
                    0.9859011769294739
                ]
            ]
        ],
        [
            -0.20398924255371093,
            -0.138016357421875,
            0.394655029296875,
            -0.040250304682671156,
            0.16745530622831706,
            0.4028761470231642,
            [
                [
                    0.9070691466331482,
                    -0.397918164730072,
                    0.13742871582508087
                ],
                [
                    0.3865816593170166,
                    0.916562557220459,
                    0.10231192409992218
                ],
                [
                    -0.16667379438877106,
                    -0.03967657312750816,
                    0.9852134585380554
                ]
            ]
        ],
        [
            -0.19791300964355468,
            -0.13049729919433595,
            0.3933147583007813,
            -0.019748616779779987,
            0.17632808582611692,
            0.36233221992574816,
            [
                [
                    0.920573890209198,
                    -0.35762596130371094,
                    0.15699496865272522
                ],
                [
                    0.34895995259284973,
                    0.9336625337600708,
                    0.08063024282455444
                ],
                [
                    -0.1754157841205597,
                    -0.019441140815615654,
                    0.9843024611473083
                ]
            ]
        ],
        [
            -0.19158499145507812,
            -0.1212381362915039,
            0.3917822265625,
            -0.040234375886967155,
            0.18628636073142357,
            0.37296019640594585,
            [
                [
                    0.9151410460472107,
                    -0.3710165023803711,
                    0.15768209099769592
                ],
                [
                    0.35806962847709656,
                    0.9277846217155457,
                    0.10488959401845932
                ],
                [
                    -0.18521079421043396,
                    -0.03952760994434357,
                    0.9819035530090332
                ]
            ]
        ],
        [
            -0.1827458038330078,
            -0.11370301055908204,
            0.3926038818359375,
            -0.06393650920716604,
            0.1828820299789724,
            0.35369392404532973,
            [
                [
                    0.9224555492401123,
                    -0.35655829310417175,
                    0.14812792837619781
                ],
                [
                    0.340589314699173,
                    0.9321581721305847,
                    0.12280075997114182
                ],
                [
                    -0.18186429142951965,
                    -0.0628274530172348,
                    0.981314480304718
                ]
            ]
        ],
        [
            -0.17114103698730468,
            -0.10455361938476562,
            0.3942972106933594,
            -0.028495419088036045,
            0.1755501290901953,
            0.3614608665337745,
            [
                [
                    0.9210049510002136,
                    -0.35815200209617615,
                    0.15322206914424896
                ],
                [
                    0.3482058346271515,
                    0.9332417249679565,
                    0.08838875591754913
                ],
                [
                    -0.17464983463287354,
                    -0.028053663671016693,
                    0.9842308759689331
                ]
            ]
        ],
        [
            -0.1606612548828125,
            -0.09361966705322265,
            0.39617410278320314,
            -0.025642355406233525,
            0.176728541466868,
            0.32070086529277997,
            [
                [
                    0.9342329502105713,
                    -0.31940600275993347,
                    0.15870904922485352
                ],
                [
                    0.31032174825668335,
                    0.9472817778587341,
                    0.07973498851060867
                ],
                [
                    -0.17581000924110413,
                    -0.025240186601877213,
                    0.9841004610061646
                ]
            ]
        ],
        [
            -0.14773580932617186,
            -0.08350482940673828,
            0.4010360412597656,
            -0.046267193361645614,
            0.15670945412090043,
            0.34575693206721747,
            [
                [
                    0.9292905330657959,
                    -0.3453373312950134,
                    0.13100065290927887
                ],
                [
                    0.3347559869289398,
                    0.9373660683631897,
                    0.0963500514626503
                ],
                [
                    -0.1560688316822052,
                    -0.04568393900990486,
                    0.9866891503334045
                ]
            ]
        ],
        [
            -0.133455078125,
            -0.07548625946044922,
            0.40593157958984377,
            -0.020890889751813385,
            0.1515887884699587,
            0.35974678320687337,
            [
                [
                    0.9252524971961975,
                    -0.35491296648979187,
                    0.13395753502845764
                ],
                [
                    0.3480002284049988,
                    0.9346712827682495,
                    0.07270131260156631
                ],
                [
                    -0.15100888907909393,
                    -0.02064981870353222,
                    0.9883167147636414
                ]
            ]
        ],
        [
            -0.11900045776367188,
            -0.0627503547668457,
            0.4118680419921875,
            -0.006627844860183002,
            0.15216219505724826,
            0.3410548376726572,
            [
                [
                    0.9315135478973389,
                    -0.33542075753211975,
                    0.14062528312206268
                ],
                [
                    0.33061665296554565,
                    0.9420456290245056,
                    0.05694418400526047
                ],
                [
                    -0.1515756994485855,
                    -0.006551215425133705,
                    0.9884239435195923
                ]
            ]
        ],
        [
            -0.10550441741943359,
            -0.05370884323120117,
            0.4192080993652344,
            -0.029026501024145696,
            0.1362099055022874,
            0.33368081756987056,
            [
                [
                    0.9360918402671814,
                    -0.33110862970352173,
                    0.11873985826969147
                ],
                [
                    0.32448944449424744,
                    0.9431544542312622,
                    0.07187696546316147
                ],
                [
                    -0.13578911125659943,
                    -0.0287536159157753,
                    0.9903204441070557
                ]
            ]
        ],
        [
            -0.09103567504882812,
            -0.04609215927124023,
            0.425135986328125,
            0.0057826526675411605,
            0.15325161702533108,
            0.335335957870708,
            [
                [
                    0.9332325458526611,
                    -0.3282473683357239,
                    0.14605024456977844
                ],
                [
                    0.3252295255661011,
                    0.9445745348930359,
                    0.044774480164051056
                ],
                [
                    -0.15265244245529175,
                    0.00571484724059701,
                    0.9882634282112122
                ]
            ]
        ],
        [
            -0.07701060485839843,
            -0.034504909515380856,
            0.4299468078613281,
            -0.001998383162426648,
            0.12579963537096073,
            0.3244168421682502,
            [
                [
                    0.9403466582298279,
                    -0.31899312138557434,
                    0.11828603595495224
                ],
                [
                    0.3162371814250946,
                    0.947754979133606,
                    0.04188777878880501
                ],
                [
                    -0.12546809017658234,
                    -0.001982590416446328,
                    0.9920956492424011
                ]
            ]
        ],
        [
            -0.06439249420166016,
            -0.027506361007690428,
            0.434427001953125,
            -0.010930073954862007,
            0.11421409358205414,
            0.3099310244563566,
            [
                [
                    0.9461497068405151,
                    -0.3061610162258148,
                    0.10519597679376602
                ],
                [
                    0.30300581455230713,
                    0.951917827129364,
                    0.04516582936048508
                ],
                [
                    -0.11396593600511551,
                    -0.010858645662665367,
                    0.9934253096580505
                ]
            ]
        ],
        [
            -0.05007529449462891,
            -0.018754144668579102,
            0.43761349487304685,
            0.0067584622437999176,
            0.10446112609784675,
            0.3310555195853154,
            [
                [
                    0.9405446648597717,
                    -0.32436755299568176,
                    0.10080380737781525
                ],
                [
                    0.3232695758342743,
                    0.9459072351455688,
                    0.027500271797180176
                ],
                [
                    -0.10427124798297882,
                    0.006721569690853357,
                    0.994526207447052
                ]
            ]
        ],
        [
            -0.038213287353515625,
            -0.009881170272827148,
            0.4380806884765625,
            -0.013862742758022933,
            0.10913955109816409,
            0.34431552894915984,
            [
                [
                    0.9357061386108398,
                    -0.3389413356781006,
                    0.09784086048603058
                ],
                [
                    0.33554407954216003,
                    0.9407066106796265,
                    0.04981237277388573
                ],
                [
                    -0.10892301052808762,
                    -0.013779820874333382,
                    0.9939546585083008
                ]
            ]
        ],
        [
            -0.026137863159179688,
            -0.0039007065296173095,
            0.4390126953125,
            -0.01425210779934366,
            0.09559227862099928,
            0.3337118151977668,
            [
                [
                    0.9405194520950317,
                    -0.32880428433418274,
                    0.0855039432644844
                ],
                [
                    0.32605689764022827,
                    0.9442915320396423,
                    0.044726040214300156
                ],
                [
                    -0.09544675797224045,
                    -0.014186559244990349,
                    0.9953334331512451
                ]
            ]
        ],
        [
            -0.015027774810791015,
            0.00518297529220581,
            0.43822067260742187,
            0.015335289929391732,
            0.09060013294103042,
            0.3283076370290061,
            [
                [
                    0.9427070617675781,
                    -0.3210902810096741,
                    0.09057831764221191
                ],
                [
                    0.3211190700531006,
                    0.9469254612922668,
                    0.014654211699962616
                ],
                [
                    -0.09047623723745346,
                    0.01527179591357708,
                    0.9957815408706665
                ]
            ]
        ],
        [
            -0.004998512268066406,
            0.011889641761779784,
            0.43687200927734376,
            -0.018494803809900984,
            0.07397410582573216,
            0.30696168516018973,
            [
                [
                    0.9506490230560303,
                    -0.3034150004386902,
                    0.064851775765419
                ],
                [
                    0.3013373613357544,
                    0.9526799917221069,
                    0.03995737060904503
                ],
                [
                    -0.07390666007995605,
                    -0.018443172797560692,
                    0.9970946311950684
                ]
            ]
        ],
        [
            0.007062319278717041,
            0.019064079284667967,
            0.4349530334472656,
            -0.023403365200320242,
            0.08059469980242162,
            0.32194144697106575,
            [
                [
                    0.9455437064170837,
                    -0.318109393119812,
                    0.06894596666097641
                ],
                [
                    0.315381795167923,
                    0.9477670192718506,
                    0.047665245831012726
                ],
                [
                    -0.08050747960805893,
                    -0.023325268179178238,
                    0.9964810609817505
                ]
            ]
        ],
        [
            0.014785223007202149,
            0.02636859321594238,
            0.4334792785644531,
            0.0058276358619595015,
            0.07921327106049425,
            0.304469617122032,
            [
                [
                    0.9510145783424377,
                    -0.29934221506118774,
                    0.07723669707775116
                ],
                [
                    0.29884716868400574,
                    0.9541281461715698,
                    0.018162328749895096
                ],
                [
                    -0.07913045585155487,
                    0.005809328984469175,
                    0.9968473315238953
                ]
            ]
        ],
        [
            0.02579414939880371,
            0.0337259521484375,
            0.4309622802734375,
            -0.012807255667704298,
            0.08608711161281257,
            0.31104948857337966,
            [
                [
                    0.948487401008606,
                    -0.3070811331272125,
                    0.07792848348617554
                ],
                [
                    0.30492454767227173,
                    0.9515978097915649,
                    0.03850529342889786
                ],
                [
                    -0.08598081767559052,
                    -0.012759478762745857,
                    0.9962151050567627
                ]
            ]
        ],
        [
            0.03320452117919922,
            0.03638328170776367,
            0.43037948608398435,
            0.008300817588303117,
            0.08043299401481252,
            0.32922731530812055,
            [
                [
                    0.943233072757721,
                    -0.3226696848869324,
                    0.07871219515800476
                ],
                [
                    0.32226666808128357,
                    0.9464754462242126,
                    0.018121110275387764
                ],
                [
                    -0.08034629374742508,
                    0.00827388558536768,
                    0.9967326521873474
                ]
            ]
        ],
        [
            0.04155916595458985,
            0.04551251220703125,
            0.42872549438476565,
            0.005863403180492749,
            0.08205518046621907,
            0.3030596869597998,
            [
                [
                    0.9512165188789368,
                    -0.2979780435562134,
                    0.07997642457485199
                ],
                [
                    0.2974376976490021,
                    0.9545548558235168,
                    0.018864644691348076
                ],
                [
                    -0.08196312934160233,
                    0.005843641236424446,
                    0.9966182112693787
                ]
            ]
        ],
        [
            0.05052136993408203,
            0.05081473541259766,
            0.42787774658203126,
            -0.019419462607799365,
            0.09283528812759068,
            0.30928938146401935,
            [
                [
                    0.9484483599662781,
                    -0.30603912472724915,
                    0.08237608522176743
                ],
                [
                    0.30307111144065857,
                    0.9518225789070129,
                    0.046708330512046814
                ],
                [
                    -0.0927020013332367,
                    -0.01933462545275688,
                    0.9955061674118042
                ]
            ]
        ],
        [
            0.05965749740600586,
            0.05435256576538086,
            0.4268947143554688,
            0.004148516071332292,
            0.08960474311036726,
            0.30801482233703936,
            [
                [
                    0.9491142630577087,
                    -0.3028111159801483,
                    0.08653043955564499
                ],
                [
                    0.30195122957229614,
                    0.9530416131019592,
                    0.02317540906369686
                ],
                [
                    -0.08948488533496857,
                    0.004131860565394163,
                    0.9959796071052551
                ]
            ]
        ],
        [
            0.06874991607666016,
            0.06379169082641602,
            0.4257939758300781,
            0.004960373787183364,
            0.0988199904510243,
            0.2972464443349615,
            [
                [
                    0.951481819152832,
