{
    "amplitude": 0.09084155205445109,
    "frequency": 0.01010376135986035,
    "seed": 1762038728,
    "time_interval": 0.05,
    "pid_gains": {
        "pid_rate": {
            "roll_kp": "50.0",
            "roll_ki": "0.0",
            "roll_kd": "0.0",
            "pitch_kp": "50.0",
            "pitch_ki": "0.0",
            "pitch_kd": "0.0",
            "yaw_kp": "80.0",
            "yaw_ki": "0.0",
            "yaw_kd": "0.0"
        },
        "pid_attitude": {
            "roll_kp": "8.0",
            "roll_ki": "0.0",
            "roll_kd": "0.20000000298023224",
            "pitch_kp": "8.0",
            "pitch_ki": "0.0",
            "pitch_kd": "1.0",
            "yaw_kp": "10.0",
            "yaw_ki": "0.0",
            "yaw_kd": "0.3499999940395355"
        },
        "velCtlPid": {
            "vxKp": "15.0",
            "vxKi": "1.0",
            "vxKd": "0.0",
            "vyKp": "10.0",
            "vyKi": "1.0",
            "vyKd": "0.0",
            "vzKp": "12.5",
            "vzKi": "0.5",
            "vzKd": "0.0"
        },
        "posCtlPid": {
            "xKp": "1.5",
            "xKi": "0.0",
            "xKd": "0.0",
            "yKp": "1.5",
            "yKi": "0.0",
            "yKd": "0.0",
            "zKp": "5.0",
            "zKi": "0.5",
            "zKd": "0.0"
        }
    },
    "pose": [
        [
            0.025095657348632814,
            -0.014978755950927734,
            0.2622088928222656,
            -0.004286247668391141,
            0.026342655378541746,
            0.887142191344585,
            [
                [
                    0.6314110159873962,
                    -0.7753340005874634,
                    0.013313749805092812
                ],
                [
                    0.7750008702278137,
                    0.6315368413925171,
                    0.02312743104994297
                ],
                [
                    -0.026339609175920486,
                    -0.004284747876226902,
                    0.999643862247467
                ]
            ]
        ],
        [
            0.02509391212463379,
            -0.01496842384338379,
            0.26218170166015625,
            -0.0033982316180963257,
            0.026864863944086936,
            0.8875603612498137,
            [
                [
                    0.6310781240463257,
                    -0.7755870223045349,
                    0.0143223712220788
                ],
                [
                    0.7752540707588196,
                    0.6312314867973328,
                    0.022977305576205254
                ],
                [
                    -0.026861632242798805,
                    -0.003396999090909958,
                    0.9996333718299866
                ]
            ]
        ],
        [
            0.024561826705932616,
            -0.015330113410949708,
            0.26218170166015625,
            -0.005425961307097993,
            0.023873274866517358,
            0.8759815509209248,
            [
                [
                    0.6400607228279114,
                    -0.7682439088821411,
                    0.011114971712231636
                ],
                [
                    0.7679533958435059,
                    0.6401342153549194,
                    0.02181069366633892
                ],
                [
                    -0.023871006444096565,
                    -0.005424388684332371,
                    0.9997003078460693
                ]
            ]
        ],
        [
            0.025189245223999023,
            -0.016060876846313476,
            0.26215377807617185,
            0.002684445476330344,
            0.020244701781220842,
            0.9889493828326421,
            [
                [
                    0.5494552850723267,
                    -0.8354161977767944,
                    0.013367753475904465
                ],
                [
                    0.8352778553962708,
                    0.5496113300323486,
                    0.015436917543411255
                ],
                [
                    -0.020243318751454353,
                    0.002683892147615552,
                    0.9997915029525757
                ]
            ]
        ],
        [
            0.025246355056762697,
            -0.014775964736938476,
            0.26212655639648436,
            -0.0018895144619305304,
            0.0262548294923306,
            1.0583152726901468,
            [
                [
                    0.4901720881462097,
                    -0.8715534210205078,
                    0.011225550435483456
                ],
                [
                    0.8712302446365356,
                    0.49029695987701416,
                    0.02380572445690632
                ],
                [
                    -0.026251813396811485,
                    -0.0018888622289523482,
                    0.9996535778045654
                ]
            ]
        ],
        [
            0.02288120460510254,
            -0.013295169830322265,
            0.2652630004882813,
            -0.017122349014869198,
            0.0056729021823132,
            1.0549099329371705,
            [
                [
                    0.49329811334609985,
                    -0.86977618932724,
                    -0.01209519524127245
                ],
                [
                    0.8698418140411377,
                    0.4931492805480957,
                    0.013380003161728382
                ],
                [
                    -0.005672872066497803,
                    -0.01712123677134514,
                    0.999837338924408
                ]
            ]
        ],
        [
            0.020412309646606445,
            -0.014634482383728028,
            0.27574026489257814,
            -0.04275223423361724,
            -0.01670518254141795,
            0.8844333707763075,
            [
                [
                    0.6336395144462585,
                    -0.7723967432975769,
                    -0.04363755136728287
                ],
                [
                    0.77344810962677,
                    0.6337011456489563,
                    0.014175046235322952
                ],
                [
                    0.01670440472662449,
                    -0.04273324832320213,
                    0.9989468455314636
                ]
            ]
        ],
        [
            0.01469809627532959,
            -0.01322515869140625,
            0.3026475830078125,
            -0.025275546087321077,
            -0.050241220225898164,
            0.6161593850817425,
            [
                [
                    0.8150742053985596,
                    -0.5766847133636475,
                    -0.05557703226804733
                ],
                [
                    0.5771758556365967,
                    0.8165767788887024,
                    -0.008387896232306957
                ],
                [
                    0.05022008717060089,
                    -0.02524096518754959,
                    0.9984191656112671
                ]
            ]
        ],
        [
            0.006358407020568848,
            -0.014983004570007324,
            0.3201000671386719,
            -0.03337078959644449,
            -0.03026253079819763,
            0.5204996742815675,
            [
                [
                    0.8671735525131226,
                    -0.49616098403930664,
                    -0.042828936129808426
                ],
                [
                    0.4970859885215759,
                    0.8675898313522339,
                    0.013906852342188358
                ],
                [
                    0.03025791235268116,
                    -0.03334932029247284,
                    0.9989856481552124
                ]
            ]
        ],
        [
            -0.00017852580547332765,
            -0.013263493537902833,
            0.33636581420898437,
            -0.0204889880651645,
            -0.06545558228189763,
            0.47848195810744587,
            [
                [
                    0.885793924331665,
                    -0.4591459333896637,
                    -0.0674840435385704
                ],
                [
                    0.45944616198539734,
                    0.8881255984306335,
                    -0.011923319660127163
                ],
                [
                    0.065408855676651,
                    -0.020443681627511978,
                    0.9976491332054138
                ]
            ]
        ],
        [
            -0.007515807151794434,
            -0.013946102142333985,
            0.355044921875,
            0.003767371587646978,
            -0.03222144107693903,
            0.46222530578837895,
            [
                [
                    0.8945977687835693,
                    -0.44604647159576416,
                    -0.027154982089996338
                ],
                [
                    0.4457095265388489,
                    0.8950018882751465,
                    -0.01773829758167267
                ],
                [
                    0.032215867191553116,
                    0.0037654077168554068,
                    0.9994738698005676
                ]
            ]
        ],
        [
            -0.016722888946533204,
            -0.01541864013671875,
            0.37127536010742185,
            0.018658778659584985,
            0.0009225623303734665,
            0.4008397670874459,
            [
                [
                    0.9207332730293274,
                    -0.3901078999042511,
                    0.008129363879561424
                ],
                [
                    0.39019152522087097,
                    0.9205800890922546,
                    -0.016818854957818985
                ],
                [
                    -0.0009225622634403408,
                    0.018657688051462173,
                    0.9998254776000977
                ]
            ]
        ],
        [
            -0.02572962188720703,
            -0.018204189300537108,
            0.3816063842773437,
            -0.0055790715620474,
            -0.013014921142080471,
            0.37438226071575653,
            [
                [
                    0.9306548833847046,
                    -0.3656243681907654,
                    -0.014153137803077698
                ],
                [
                    0.3656666874885559,
                    0.9307457804679871,
                    0.00043328545871190727
                ],
                [
                    0.013014554046094418,
                    -0.005578570067882538,
                    0.9998997449874878
                ]
            ]
        ],
        [
            -0.030431217193603515,
            -0.021320201873779296,
            0.391061279296875,
            0.024170057261261646,
            0.03088575472741284,
            0.4297947229320036,
            [
                [
                    0.9086177349090576,
                    -0.4158840477466583,
                    0.0381343737244606
                ],
                [
                    0.4164854884147644,
                    0.9090967774391174,
                    -0.009105881676077843
                ],
                [
                    -0.030880844220519066,
                    0.024156177416443825,
                    0.9992311596870422
                ]
            ]
        ],
        [
            -0.03761367416381836,
            -0.020076221466064453,
            0.39477847290039064,
            0.014136098077579873,
            0.06313289302702296,
            0.3750515084795289,
            [
                [
                    0.9286350011825562,
                    -0.3654540181159973,
                    0.06387773156166077
                ],
                [
                    0.3655906617641449,
                    0.9307224750518799,
                    0.009956158697605133
                ],
                [
                    -0.0630909651517868,
                    0.014107465744018555,
                    0.9979080557823181
                ]
            ]
        ],
        [
            -0.04447224426269531,
            -0.02194341468811035,
            0.3977313232421875,
            -0.0005486383704757791,
            0.05645451830115511,
            0.3793138282743984,
            [
                [
                    0.9274390339851379,
                    -0.3703118562698364,
                    0.05221065878868103
                ],
                [
                    0.36969324946403503,
                    0.9289073348045349,
                    0.021402692422270775
                ],
                [
                    -0.05642453581094742,
                    -0.0005477643571794033,
                    0.998406708240509
                ]
            ]
        ],
        [
            -0.04522969055175781,
            -0.022681392669677735,
            0.398730712890625,
            0.001921501246965912,
            0.07125056151420162,
            0.3845406803212904,
            [
                [
                    0.9246188998222351,
                    -0.37500590085983276,
                    0.06671202182769775
                ],
                [
                    0.3741815984249115,
                    0.9270204305648804,
                    0.024924632161855698
                ],
                [
                    -0.07119029015302658,
                    0.001916624722070992,
                    0.9974609017372131
                ]
            ]
        ],
        [
            -0.04546766662597656,
            -0.022890750885009765,
            0.3974141540527344,
            0.005244612400107734,
            0.100556019280021,
            0.3651420581685392,
            [
                [
                    0.9293545484542847,
                    -0.356585294008255,
                    0.0956399142742157
                ],
                [
                    0.3552781939506531,
                    0.9342482089996338,
                    0.030946940183639526
                ],
                [
                    -0.10038664191961288,
                    0.005218095146119595,
                    0.9949347972869873
                ]
            ]
        ],
        [
            -0.047183673858642576,
            -0.023234840393066405,
            0.3976670532226563,
            -0.010573456284739685,
            0.10780641949223368,
            0.33752703889295577,
            [
                [
                    0.9380985498428345,
                    -0.33220964670181274,
                    0.09801961481571198
                ],
                [
                    0.3292321562767029,
                    0.9431470036506653,
                    0.04560617357492447
                ],
                [
                    -0.107597716152668,
                    -0.01051187701523304,
                    0.9941389560699463
                ]
            ]
        ],
        [
            -0.04489670944213867,
            -0.021607320785522462,
            0.3951199951171875,
            0.019114347794083136,
            0.11173506544645617,
            0.35680053913968723,
            [
                [
                    0.9311760067939758,
                    -0.347217321395874,
                    0.11113690584897995
                ],
                [
                    0.34710001945495605,
                    0.9375923275947571,
                    0.021028921008110046
                ],
                [
                    -0.11150271445512772,
                    0.01899399794638157,
                    0.9935826063156128
                ]
            ]
        ],
        [
            -0.03869015121459961,
            -0.019770755767822265,
            0.3922853393554688,
            -0.0005574642425299481,
            0.13281440240903386,
            0.3697143974635691,
            [
                [
                    0.9242187738418579,
                    -0.3614179193973541,
                    0.12327498942613602
                ],
                [
                    0.35816678404808044,
                    0.9324037432670593,
                    0.04837118834257126
                ],
                [
                    -0.1324242800474167,
                    -0.0005525553715415299,
                    0.9911929965019226
                ]
            ]
        ],
        [
            -0.036899322509765624,
            -0.018770523071289062,
            0.39282730102539065,
            -0.013084343190510078,
            0.11654721079495167,
            0.33149388627183907,
            [
                [
                    0.9391425848007202,
                    -0.3268667161464691,
                    0.10568507015705109
                ],
                [
                    0.3232480585575104,
                    0.9449810981750488,
                    0.05021357163786888
                ],
                [
                    -0.11628354340791702,
                    -0.01299520954489708,
                    0.9931310415267944
                ]
            ]
        ],
        [
            -0.030806446075439455,
            -0.01599837303161621,
            0.39118624877929686,
            -0.005090187880514574,
            0.10758788090527083,
            0.3408829540904356,
            [
                [
                    0.9370105266571045,
                    -0.3348301649093628,
                    0.0994987040758133
                ],
                [
                    0.3323863446712494,
                    0.9422649145126343,
                    0.040696173906326294
                ],
                [
                    -0.1073804423213005,
                    -0.0050607346929609776,
                    0.994205117225647
                ]
            ]
        ],
        [
            -0.0215039005279541,
            -0.012582576751708985,
            0.38997311401367185,
            -0.014385460318503546,
            0.11576425350268216,
            0.3493132888696965,
            [
                [
                    0.9333189725875854,
                    -0.34377843141555786,
                    0.10359570384025574
                ],
                [
                    0.3399618864059448,
                    0.9389420747756958,
                    0.05304432287812233
                ],
                [
                    -0.11550585925579071,
                    -0.014288682490587234,
                    0.9932039976119995
                ]
            ]
        ],
        [
            -0.016966543197631835,
            -0.011128891944885254,
            0.39190899658203127,
            0.0068537805412511865,
            0.09246737526954663,
            0.31376327648154073,
            [
                [
                    0.9471153020858765,
                    -0.3080311715602875,
                    0.08994099497795105
                ],
                [
                    0.30732181668281555,
                    0.9513517618179321,
                    0.021978722885251045
                ],
                [
                    -0.09233566373586655,
                    0.0068244473077356815,
                    0.9957045316696167
                ]
            ]
        ],
        [
            -0.008155633926391601,
            -0.006796090126037597,
            0.393818359375,
            -0.00064457496902387,
            0.07666879978543406,
            0.32499783234148416,
            [
                [
                    0.9448676109313965,
                    -0.31935346126556396,
                    0.07237830758094788
                ],
                [
                    0.31836873292922974,
                    0.9476354718208313,
                    0.025067714974284172
                ],
                [
                    -0.07659371197223663,
                    -0.0006426815525628626,
                    0.9970622062683105
                ]
            ]
        ],
        [
            -0.000631705105304718,
            -0.003980684757232666,
            0.3943730163574219,
            -0.007579664537294611,
            0.07013521406853052,
            0.3257377551417495,
            [
                [
                    0.9450857043266296,
                    -0.3205018639564514,
                    0.06396524608135223
                ],
                [
                    0.3192211091518402,
                    0.9472177028656006,
                    0.029605796560645103
                ],
                [
                    -0.07007773220539093,
                    -0.0075609576888382435,
                    0.9975128769874573
                ]
            ]
        ],
        [
            0.0037518928050994872,
            -0.0028826298713684083,
            0.39865203857421877,
            2.443745904079364e-05,
            0.04621108746929181,
            0.28725939741713225,
            [
                [
                    0.9580001831054688,
                    -0.28332391381263733,
                    0.04430869221687317
                ],
                [
                    0.28302252292633057,
                    0.9590242505073547,
                    0.01306466106325388
                ],
                [
                    -0.046194642782211304,
                    2.4411987396888435e-05,
                    0.9989324808120728
                ]
            ]
        ],
        [
            0.010422564506530762,
            0.0009266272187232971,
            0.4013023681640625,
            0.027879834124974523,
            0.03601709806490261,
            0.2837703544212752,
            [
                [
                    0.959384024143219,
                    -0.2789047360420227,
                    0.04236045107245445
                ],
                [
                    0.2797956168651581,
                    0.9599146246910095,
                    -0.016683490946888924
                ],
                [
                    -0.03600931167602539,
                    0.02785814367234707,
                    0.9989631175994873
                ]
            ]
        ],
        [
            0.018797355651855467,
            0.004301441669464111,
            0.4050096435546875,
            0.014110730422270318,
            0.0448090008922577,
            0.2977118367853755,
            [
                [
                    0.9550505876541138,
                    -0.29270002245903015,
                    0.04695827513933182
                ],
                [
                    0.2930390238761902,
                    0.9561004042625427,
                    -0.0003512807306833565
                ],
                [
                    -0.04479400813579559,
                    0.014096098951995373,
                    0.9988967776298523
                ]
            ]
        ],
        [
            0.02158758354187012,
            0.0030641283988952638,
            0.4092831115722656,
            0.011678704165619419,
            0.01873289462155414,
            0.2825108075126329,
            [
                [
                    0.9601900577545166,
                    -0.27853870391845703,
                    0.021243588998913765
                ],
                [
                    0.27871888875961304,
                    0.9603540301322937,
                    -0.005994021892547607
                ],
                [
                    -0.018731798976659775,
                    0.01167638972401619,
                    0.9997563362121582
                ]
            ]
        ],
        [
            0.026059263229370116,
            0.006327778339385986,
            0.41185577392578127,
            0.037679474965741214,
            0.012740416710576241,
            0.2673285243435102,
            [
                [
                    0.9644017219543457,
                    -0.2635054290294647,
                    0.022229719907045364
                ],
                [
                    0.26413434743881226,
                    0.9639222025871277,
                    -0.03296952694654465
                ],
                [
                    -0.01274007186293602,
                    0.03766750171780586,
                    0.9992091059684753
                ]
            ]
        ],
        [
            0.03281802368164063,
            0.007202136993408203,
            0.4145469970703125,
            0.019693347960314217,
            0.018081405425046215,
            0.29648480713818726,
            [
                [
                    0.9562130570411682,
                    -0.291763037443161,
                    0.02304144762456417
                ],
                [
                    0.29211243987083435,
                    0.9562879800796509,
                    -0.013551543466746807
                ],
                [
                    -0.018080420792102814,
                    0.019688855856657028,
                    0.9996426701545715
                ]
            ]
        ],
        [
            0.03392196655273438,
            0.004910629272460937,
            0.41789645385742186,
            0.016534162706441202,
            0.009537494714288108,
            0.2882025966798755,
            [
                [
                    0.9587126970291138,
                    -0.28403937816619873,
                    0.013842025771737099
                ],
                [
                    0.2842164933681488,
                    0.9586700797080994,
                    -0.013141085393726826
                ],
                [
                    -0.00953735038638115,
                    0.0165326576679945,
                    0.9998178482055664
                ]
            ]
        ],
        [
            0.03674595642089844,
            0.008397994995117187,
            0.41916851806640626,
            0.025252461107838478,
            0.007457342530430955,
            0.2709483476861757,
            [
                [
                    0.9634907245635986,
                    -0.2673785388469696,
                    0.013940907083451748
                ],
                [
                    0.26763787865638733,
                    0.9632607102394104,
                    -0.022333335131406784
                ],
                [
                    -0.007457273546606302,
                    0.025249075144529343,
                    0.9996533989906311
                ]
            ]
        ],
        [
            0.042299327850341795,
            0.007072402000427246,
            0.4199140319824219,
            0.029324107942381494,
            0.02435231654463199,
            0.3032383603820529,
            [
                [
                    0.954091489315033,
                    -0.2978026270866394,
                    0.031984228640794754
                ],
                [
                    0.29852384328842163,
                    0.9541773796081543,
                    -0.020714111626148224
                ],
                [
                    -0.024349909275770187,
                    0.02931121177971363,
                    0.9992737174034119
                ]
            ]
        ],
        [
            0.04282629776000976,
            0.003003452777862549,
            0.42104150390625,
            0.048753019752131505,
            0.020874678295767835,
            0.26966520288891715,
            [
                [
                    0.9636501669883728,
                    -0.2651117444038391,
                    0.033077992498874664
                ],
                [
                    0.26635071635246277,
                    0.9629858732223511,
                    -0.04141829535365105
                ],
                [
                    -0.020873161032795906,
                    0.048723090440034866,
                    0.9985942244529724
                ]
            ]
        ],
        [
            0.04582346725463867,
            0.005089931964874268,
            0.42067041015625,
            0.05679615060254391,
            0.03317073986489216,
            0.2767664731448392,
            [
                [
                    0.9614148736000061,
                    -0.27099505066871643,
                    0.04736211523413658
                ],
                [
                    0.2730962932109833,
                    0.9609073400497437,
                    -0.04555783048272133
                ],
                [
                    -0.03316465765237808,
                    0.056734394282102585,
                    0.9978383183479309
                ]
            ]
        ],
        [
            0.05113987731933594,
            0.0035711345672607424,
            0.4199325866699219,
            0.001102299576581811,
            0.049488989622389346,
            0.2816287050356709,
            [
                [
                    0.9594279527664185,
                    -0.27786800265312195,
                    0.04782624542713165
                ],
                [
                    0.27758029103279114,
                    0.9606186151504517,
                    0.012689512223005295
                ],
                [
                    -0.049468789249658585,
                    0.0011009497102349997,
                    0.998775064945221
                ]
            ]
        ],
        [
            0.053376083374023435,
            -0.0023490076065063475,
            0.41889382934570313,
            0.05274883655885931,
            0.05422118453195757,
            0.2618795657366555,
            [
                [
                    0.9644855856895447,
                    -0.25577643513679504,
                    0.06592420488595963
                ],
                [
                    0.25851601362228394,
                    0.9653013348579407,
                    -0.03691546246409416
                ],
                [
                    -0.0541946217417717,
                    0.05264689400792122,
                    0.9971415400505066
                ]
            ]
        ],
        [
            0.057176681518554685,
            3.580442816019058e-05,
            0.41726678466796874,
            0.03170748484576778,
            0.06073966236398598,
            0.2587375177888775,
            [
                [
                    0.964931070804596,
                    -0.253871351480484,
                    0.06676360219717026
                ],
                [
                    0.255388468503952,
                    0.9667202234268188,
                    -0.015123418532311916
                ],
                [
                    -0.06070232018828392,
                    0.031643711030483246,
                    0.9976541996002197
                ]
            ]
        ],
        [
            0.06537272644042968,
            -0.00060251784324646,
            0.41595550537109377,
            -0.024480308715161686,
            0.08952172938163838,
            0.2995773231875102,
            [
                [
                    0.9516352415084839,
                    -0.2971188724040985,
                    0.07817093282938004
                ],
                [
                    0.2939346134662628,
                    0.9545292258262634,
                    0.04976380243897438
                ],
                [
                    -0.0894022062420845,
                    -0.024379843845963478,
                    0.9956972002983093
                ]
            ]
        ],
        [
            0.07071539306640626,
            -0.004568428993225098,
            0.4147554016113281,
            0.018207251670923116,
            0.09678200155584604,
            0.2575661409499575,
            [
                [
                    0.9624874591827393,
                    -0.25298425555229187,
                    0.09806554764509201
                ],
                [
                    0.2535356879234314,
                    0.9673006534576416,
                    0.007004838436841965
                ],
                [
                    -0.09663098305463791,
                    0.01812104508280754,
                    0.9951553344726562
                ]
            ]
        ],
        [
            0.07627217102050782,
            -0.0019621026515960695,
            0.41390203857421876,
            0.0013428086005043693,
            0.08870966627800314,
            0.24215027825153096,
            [
                [
                    0.9670072197914124,
                    -0.23967501521110535,
                    0.08633053302764893
                ],
                [
                    0.23884783685207367,
                    0.970852255821228,
                    0.019940216094255447
                ],
                [
                    -0.08859336376190186,
                    0.0013375278795138001,
                    0.9960669875144958
                ]
            ]
        ],
        [
            0.08500436401367187,
            -0.0029416470527648926,
            0.41395260620117186,
            -0.03623800932148111,
            0.07301670858640485,
            0.2737629834051173,
            [
                [
                    0.9601950645446777,
                    -0.27272331714630127,
                    0.060394007712602615
                ],
                [
                    0.2696358263492584,
                    0.9614137411117554,
                    0.054590918123722076
                ],
                [
                    -0.07295184582471848,
                    -0.0361335426568985,
                    0.9966806769371033
                ]
            ]
        ],
        [
            0.09213607025146485,
            -0.006111985206604004,
            0.41417971801757814,
            0.022196114328913358,
            0.08192317373154712,
            0.20614474857665868,
            [
                [
                    0.9755445122718811,
                    -0.20285964012145996,
                    0.08462214469909668
                ],
                [
                    0.204001322388649,
                    0.9789579510688782,
                    -0.004978581331670284
                ],
                [
                    -0.08183156698942184,
                    0.022119855508208275,
                    0.9964006543159485
                ]
            ]
        ],
        [
            0.09823580932617187,
            -0.006355191230773926,
            0.41573031616210937,
            0.02692187500401999,
            0.06856701144018729,
            0.2322459661407995,
            [
                [
                    0.9708651900291443,
                    -0.22828559577465057,
                    0.07284537702798843
                ],
                [
                    0.22962293028831482,
                    0.9732237458229065,
                    -0.010432344861328602
                ],
                [
                    -0.06851329654455185,
                    0.02685537002980709,
                    0.997288703918457
                ]
            ]
        ],
        [
            0.10619380950927734,
            -0.00906307315826416,
            0.41735638427734373,
            -0.010743577602292276,
            0.03501988591614502,
            0.2671032777170233,
            [
                [
                    0.963948130607605,
                    -0.2642861306667328,
                    0.030933620408177376
                ],
                [
                    0.2637767195701599,
                    0.9643845558166504,
                    0.019603081047534943
                ],
                [
                    -0.035012729465961456,
                    -0.010736783966422081,
                    0.9993292093276978
                ]
            ]
        ],
        [
            0.11310527801513671,
            -0.014670068740844727,
            0.41824310302734374,
            0.05371826677013679,
            0.036584990108264215,
            0.21952934887049352,
            [
                [
                    0.9753469824790955,
                    -0.21553939580917358,
                    0.04734010994434357
                ],
                [
                    0.21762457489967346,
                    0.9750198721885681,
                    -0.04444996267557144
                ],
                [
                    -0.036576829850673676,
                    0.05365650728344917,
                    0.9978893399238586
                ]
            ]
        ],
        [
            0.11720437622070312,
            -0.017817386627197264,
            0.4196395263671875,
            0.05643882446252907,
            0.018002833923693284,
            0.2209134981366085,
            [
                [
                    0.9755395650863647,
                    -0.21778133511543274,
                    0.029896775260567665
                ],
                [
                    0.21908549964427948,
                    0.9743666648864746,
                    -0.05109969526529312
                ],
                [
                    -0.01800186187028885,
                    0.05639972537755966,
                    0.9982459545135498
                ]
            ]
        ],
        [
            0.12293902587890625,
            -0.022167612075805664,
            0.42087310791015625,
            -0.0032442059159954184,
            -0.001430426534985818,
            0.24912615645616207,
            [
                [
                    0.9691272377967834,
                    -0.24655139446258545,
                    -0.002186139812693
                ],
                [
                    0.24655693769454956,
                    0.9691243171691895,
                    0.002791366074234247
                ],
                [
                    0.0014304261421784759,
                    -0.0032441969960927963,
                    0.9999937415122986
                ]
            ]
        ],
        [
            0.12698339080810547,
            -0.030250099182128905,
            0.42059860229492185,
            0.05042464155419624,
            -0.006099870971287391,
            0.23811708232163104,
            [
                [
                    0.9717657566070557,
                    -0.23587222397327423,
                    0.005968600045889616
                ],
                [
                    0.23586887121200562,
                    0.9704760909080505,
                    -0.05041804537177086
                ],
                [
                    0.00609983317553997,
                    0.05040233954787254,
                    0.9987103939056396
                ]
            ]
        ],
        [
            0.12798336029052734,
            -0.03288006591796875,
            0.42154193115234373,
            0.025636186608560832,
            -0.007306261134936376,
            0.22192179837804693,
            [
                [
                    0.9754502177238464,
                    -0.2202150672674179,
                    -0.001482651918195188
                ],
                [
                    0.2200988233089447,
                    0.9751145243644714,
                    -0.026612352579832077
                ],
                [
                    0.007306196261197329,
                    0.025632694363594055,
                    0.9996447563171387
                ]
            ]
        ],
        [
            0.13082041931152344,
            -0.038811943054199216,
            0.4228439025878906,
            -0.01757110800156944,
