{
    "amplitude": 0.09458518029612997,
    "frequency": 0.022500941757838025,
    "seed": 1762037986,
    "time_interval": 0.05,
    "pid_gains": {
        "pid_rate": {
            "roll_kp": "50.0",
            "roll_ki": "0.0",
            "roll_kd": "0.0",
            "pitch_kp": "50.0",
            "pitch_ki": "0.0",
            "pitch_kd": "0.0",
            "yaw_kp": "80.0",
            "yaw_ki": "0.0",
            "yaw_kd": "0.0"
        },
        "pid_attitude": {
            "roll_kp": "6.0",
            "roll_ki": "0.0",
            "roll_kd": "0.20000000298023224",
            "pitch_kp": "6.0",
            "pitch_ki": "0.0",
            "pitch_kd": "1.0",
            "yaw_kp": "10.0",
            "yaw_ki": "0.0",
            "yaw_kd": "0.3499999940395355"
        },
        "velCtlPid": {
            "vxKp": "15.0",
            "vxKi": "1.0",
            "vxKd": "0.0",
            "vyKp": "10.0",
            "vyKi": "1.0",
            "vyKd": "0.0",
            "vzKp": "12.5",
            "vzKi": "0.5",
            "vzKd": "0.0"
        },
        "posCtlPid": {
            "xKp": "1.5",
            "xKi": "0.0",
            "xKd": "0.0",
            "yKp": "1.5",
            "yKi": "0.0",
            "yKd": "0.0",
            "zKp": "5.0",
            "zKi": "0.5",
            "zKd": "0.0"
        }
    },
    "pose": [
        [
            -0.10236286926269532,
            0.0003889598846435547,
            0.2630467834472656,
            0.016103767809552666,
            0.020142930187854624,
            0.376171034102049,
            [
                [
                    0.9298893809318542,
                    -0.3670126497745514,
                    0.02464645728468895
                ],
                [
                    0.36728739738464355,
                    0.9300765991210938,
                    -0.007578827906399965
                ],
                [
                    -0.020141568034887314,
                    0.016099805012345314,
                    0.9996675252914429
                ]
            ]
        ],
        [
            -0.10234646606445312,
            0.0004070964753627777,
            0.26306170654296873,
            0.015016849384062614,
            0.020852502987568577,
            0.3761762449452977,
            [
                [
                    0.9298739433288574,
                    -0.3670341372489929,
                    0.0249073076993227
                ],
                [
                    0.36728692054748535,
                    0.9300863146781921,
                    -0.0063071902841329575
                ],
                [
                    -0.02085099183022976,
                    0.015013020485639572,
                    0.9996698498725891
                ]
            ]
        ],
        [
            -0.10277753448486328,
            0.0002044650763273239,
            0.2630848388671875,
            0.016420164430031775,
            0.01870207358026299,
            0.37789435639535895,
            [
                [
                    0.9292810559272766,
                    -0.3686290681362152,
                    0.023437347263097763
                ],
                [
                    0.36889970302581787,
                    0.9294316172599792,
                    -0.008361867628991604
                ],
                [
                    -0.018700983375310898,
                    0.016416555270552635,
                    0.9996903538703918
                ]
            ]
        ],
        [
            -0.10220763397216796,
            -0.00037235847115516663,
            0.2630137939453125,
            0.021009817492355726,
            0.02241329862470076,
            0.4818138129833721,
            [
                [
                    0.8859333395957947,
                    -0.46286776661872864,
                    0.02959059551358223
                ],
                [
                    0.4632708728313446,
                    0.8861784934997559,
                    -0.00823372881859541
                ],
                [
                    -0.022411422803997993,
                    0.0210029948502779,
                    0.999528169631958
                ]
            ]
        ],
        [
            -0.1017819595336914,
            0.0008934565782546997,
            0.26305374145507815,
            0.018595047558649935,
            0.02573952485621711,
            0.5968194024294685,
            [
                [
                    0.826853334903717,
                    -0.561521589756012,
                    0.0317339189350605
                ],
                [
                    0.5618283748626709,
                    0.8272532820701599,
                    -0.0009176961029879749
                ],
                [
                    -0.02573668211698532,
                    0.018587816506624222,
                    0.9994959235191345
                ]
            ]
        ],
        [
            -0.10381195831298828,
            0.0029511046409606933,
            0.26646258544921875,
            -0.0029397299693614265,
            0.009383497715083733,
            0.6149197053762071,
            [
                [
                    0.8167837858200073,
                    -0.5769129991531372,
                    0.005968573968857527
                ],
                [
                    0.5768675208091736,
                    0.8168003559112549,
                    0.007814397104084492
                ],
                [
                    -0.009383359923958778,
                    -0.0029395960737019777,
                    0.9999516606330872
                ]
            ]
        ],
        [
            -0.1023790512084961,
            0.0039239895343780515,
            0.28034304809570315,
            0.01724155149047432,
            0.01919113618342294,
            0.3977552098274717,
            [
                [
                    0.9217630624771118,
                    -0.38698717951774597,
                    0.024367403239011765
                ],
                [
                    0.3872784376144409,
                    0.9219239354133606,
                    -0.008462644182145596
                ],
                [
                    -0.019189957529306412,
                    0.017237521708011627,
                    0.999667227268219
                ]
            ]
        ],
        [
            -0.1028309555053711,
            0.0060153441429138185,
            0.30221334838867187,
            0.007453760442307361,
            0.011927312742166851,
            0.19692088256153864,
            [
                [
                    0.9806038737297058,
                    -0.19555804133415222,
                    0.01315451879054308
                ],
                [
                    0.19563673436641693,
                    0.9806638360023499,
                    -0.004976172465831041
                ],
                [
                    -0.011927030049264431,
                    0.007453161291778088,
                    0.9999011158943176
                ]
            ]
        ],
        [
            -0.10017221069335938,
            0.009988689422607422,
            0.3282330322265625,
            -0.017090119587237856,
            0.03341841908123944,
            0.23740550546326464,
            [
                [
                    0.9714087247848511,
                    -0.23570233583450317,
                    0.028451204299926758
                ],
                [
                    0.23505038022994995,
                    0.9716752171516418,
                    0.024466747418045998
                ],
                [
                    -0.03341219946742058,
                    -0.01707974635064602,
                    0.999295711517334
                ]
            ]
        ],
        [
            -0.09786260986328126,
            0.012347081184387206,
            0.350362060546875,
            0.007003499928177059,
            0.05786255971810794,
            0.1761579690948216,
            [
                [
                    0.9828765988349915,
                    -0.17484526336193085,
                    0.05816125497221947
                ],
                [
                    0.17495501041412354,
                    0.984571099281311,
                    0.0032393503934144974
                ],
                [
                    -0.05783027783036232,
                    0.006991722155362368,
                    0.9983019232749939
                ]
            ]
        ],
        [
            -0.09540706634521484,
            0.013527586936950683,
            0.36908575439453123,
            0.039162701197156286,
            0.07699169260950245,
            0.171614505191245,
            [
                [
                    0.9823914766311646,
                    -0.1676751971244812,
                    0.08241391181945801
                ],
                [
                    0.17026746273040771,
                    0.9850690960884094,
                    -0.025452477857470512
                ],
                [
                    -0.07691565155982971,
                    0.03903670608997345,
                    0.9962731003761292
                ]
            ]
        ],
        [
            -0.08945201110839844,
            0.014553464889526368,
            0.38588925170898436,
            0.03176860793721939,
            0.08512624448837158,
            0.16835247747932194,
            [
                [
                    0.9822922945022583,
                    -0.16481135785579681,
                    0.08910132944583893
                ],
                [
                    0.16695161163806915,
                    0.9858172535896301,
                    -0.01707499660551548
                ],
                [
                    -0.08502347022294998,
                    0.03164824843406677,
                    0.9958761930465698
                ]
            ]
        ],
        [
            -0.08331649780273437,
            0.015690439224243163,
            0.3950697021484375,
            0.030835888447814166,
            0.06442515006913174,
            0.16574726907802373,
            [
                [
                    0.9842491745948792,
                    -0.16295325756072998,
                    0.06855487823486328
                ],
                [
                    0.16464711725711823,
                    0.9861539602279663,
                    -0.019791407510638237
                ],
                [
                    -0.06438059359788895,
                    0.030767040327191353,
                    0.9974510073661804
                ]
            ]
        ],
        [
            -0.07827852630615234,
            0.014933691024780274,
            0.403863037109375,
            0.0496186563679583,
            0.08512585840767906,
            0.14865176593348517,
            [
                [
                    0.9853905439376831,
                    -0.14375212788581848,
                    0.09132768213748932
                ],
                [
                    0.14756861329078674,
                    0.9883790612220764,
                    -0.036474473774433136
                ],
                [
                    -0.08502309024333954,
                    0.049418702721595764,
                    0.9951527118682861
                ]
            ]
        ],
        [
            -0.07244092559814454,
            0.01342733383178711,
            0.40594744873046873,
            0.04846236225646449,
            0.06439791612001611,
            0.15119142058813081,
            [
                [
                    0.9865431785583496,
                    -0.1473572999238968,
                    0.07084095478057861
                ],
                [
                    0.15030387043952942,
                    0.9879012107849121,
                    -0.03820949047803879
                ],
                [
                    -0.06435341387987137,
                    0.048342980444431305,
                    0.9967555403709412
                ]
            ]
        ],
        [
            -0.0654253921508789,
            0.011410472869873046,
            0.4070356140136719,
            0.05337910054312886,
            0.04769339438377718,
            0.15276990848070002,
            [
                [
                    0.9872294664382935,
                    -0.149445578455925,
                    0.05517212301492691
                ],
                [
                    0.15200331807136536,
                    0.9873327016830444,
                    -0.04548763856291771
                ],
                [
                    -0.04767531529068947,
                    0.05329308658838272,
                    0.9974401593208313
                ]
            ]
        ],
        [
            -0.06138959884643555,
            0.010146097183227539,
            0.40977996826171875,
            0.030749174145596664,
            0.021435575929132922,
            0.15331480197977468,
            [
                [
                    0.9880432486534119,
                    -0.15199145674705505,
                    0.025867624208331108
                ],
                [
                    0.15267980098724365,
                    0.9879037737846375,
                    -0.027111973613500595
                ],
                [
                    -0.021433934569358826,
                    0.030737265944480896,
                    0.9992976784706116
                ]
            ]
        ],
        [
            -0.05765488052368164,
            0.004617683410644531,
            0.4094361572265625,
            0.026758345662591804,
            -0.009640568647948378,
            0.15451617042625684,
            [
                [
                    0.9880402088165283,
                    -0.15410181879997253,
                    -0.005404481198638678
                ],
                [
                    0.15389490127563477,
                    0.9876927137374878,
                    -0.027919543907046318
                ],
                [
                    0.009640419855713844,
                    0.02675390988588333,
                    0.999595582485199
                ]
            ]
        ],
        [
            -0.05448532485961914,
            0.002249086380004883,
            0.40996038818359376,
            0.011847655551803088,
            -0.029436284716831906,
            0.1436204399792621,
            [
                [
                    0.9892755150794983,
                    -0.14346227049827576,
                    -0.02743128314614296
                ],
                [
                    0.1430651992559433,
                    0.9895849227905273,
                    -0.015937630087137222
                ],
                [
                    0.029432034119963646,
                    0.011842246167361736,
                    0.9994966387748718
                ]
            ]
        ],
        [
            -0.05518896484375,
            0.00022578699886798858,
            0.4124814453125,
            -0.02441831110475777,
            -0.061657502906039774,
            0.14326182481084754,
            [
                [
                    0.9878748059272766,
                    -0.141240656375885,
                    -0.06445492804050446
                ],
                [
                    0.14250098168849945,
                    0.9896752834320068,
                    0.015370974317193031
                ],
                [
                    0.061618443578481674,
                    -0.024369489401578903,
                    0.9978022575378418
                ]
            ]
        ],
        [
            -0.0566652717590332,
            -0.0035881142616271972,
            0.41235684204101564,
            -0.02593732771704825,
            -0.07950616608618222,
            0.14306614100213505,
            [
                [
                    0.9866567850112915,
                    -0.14049190282821655,
                    -0.08228226006031036
                ],
                [
                    0.14212819933891296,
                    0.989744246006012,
                    0.014349330216646194
                ],
                [
                    0.07942242920398712,
                    -0.025852493941783905,
                    0.9965057373046875
                ]
            ]
        ],
        [
            -0.059759529113769534,
            -0.004653977394104004,
            0.4129349365234375,
            -0.04315130750642936,
            -0.09701281417807084,
            0.13869754051475675,
            [
                [
                    0.9857400059700012,
                    -0.13398633897304535,
                    -0.10180521011352539
                ],
                [
                    0.13760320842266083,
                    0.9900526404380798,
                    0.029344813898205757
                ],
                [
                    0.09686071425676346,
                    -0.0429350808262825,
                    0.9943714737892151
                ]
            ]
        ],
        [
            -0.06698280334472656,
            -0.004390371799468994,
            0.41469500732421877,
            -0.06186056897023498,
            -0.10995053244599906,
            0.1423019513722801,
            [
                [
                    0.9839147329330444,
                    -0.134835883975029,
                    -0.11717984825372696
                ],
                [
                    0.1409657895565033,
                    0.9889608025550842,
                    0.0456639863550663
                ],
                [
                    0.10972913354635239,
                    -0.06144781783223152,
                    0.9920603036880493
                ]
            ]
        ],
        [
            -0.07572535705566406,
            -0.006290709972381592,
            0.41337384033203123,
            -0.06022340145488063,
            -0.12843186758865643,
            0.12442301353502873,
            [
                [
                    0.9840970635414124,
                    -0.1162281408905983,
                    -0.13432790338993073
                ],
                [
                    0.12308011949062347,
                    0.9914272427558899,
                    0.04385564103722572
                ],
                [
                    0.12807908654212952,
                    -0.059691302478313446,
                    0.9899660348892212
                ]
            ]
        ],
        [
            -0.08488216400146484,
            -0.005603780746459961,
            0.41312399291992186,
            -0.08439900560977606,
            -0.125401106843275,
            0.14935025404611507,
            [
                [
                    0.9811029434204102,
                    -0.1378398984670639,
                    -0.13578344881534576
                ],
                [
                    0.14762724936008453,
                    0.9869169592857361,
                    0.06481639295816422
                ],
                [
                    0.12507270276546478,
                    -0.08363689482212067,
                    0.9886160492897034
                ]
            ]
        ],
        [
            -0.09729679870605469,
            -0.004279988765716553,
            0.41269699096679685,
            -0.05993195647797308,
            -0.13252905987142327,
            0.12589610699359258,
            [
                [
                    0.9833858013153076,
                    -0.11748624593019485,
                    -0.13838103413581848
                ],
                [
                    0.12446271628141403,
                    0.9912981986999512,
                    0.042859647423028946
                ],
                [
                    0.13214144110679626,
                    -0.059370849281549454,
                    0.9894512295722961
                ]
            ]
        ],
        [
            -0.11017337036132813,
            -0.0037621314525604246,
            0.410248291015625,
            -0.048077247754714905,
            -0.1288586904695992,
            0.13827178676331814,
            [
                [
                    0.9822440147399902,
                    -0.13155561685562134,
                    -0.13375285267829895
                ],
                [
                    0.13668887317180634,
                    0.9901624321937561,
                    0.029908817261457443
                ],
                [
                    0.12850238382816315,
                    -0.047660283744335175,
                    0.9905632734298706
                ]
            ]
        ],
        [
            -0.12331087493896484,
            -0.0017554932832717896,
            0.4086245422363281,
            -0.03473617999103465,
            -0.12375575909201464,
            0.1301321650509622,
            [
                [
                    0.9839614629745483,
                    -0.1254361867904663,
                    -0.12682919204235077
                ],
                [
                    0.12877275049686432,
                    0.9915029406547546,
                    0.018426984548568726
                ],
                [
                    0.12344010919332504,
                    -0.034463588148355484,
                    0.9917533993721008
                ]
            ]
        ],
        [
            -0.13884217834472656,
            -0.00015805546939373017,
            0.40798162841796876,
            -0.014963082396802316,
            -0.12373408705240507,
            0.11331733375388388,
            [
                [
                    0.9859901666641235,
                    -0.11122750490903854,
                    -0.12430520355701447
                ],
                [
                    0.1122104823589325,
                    0.9936840534210205,
                    0.0009125688229687512
                ],
                [
                    0.12341859936714172,
                    -0.014848130755126476,
                    0.9922435879707336
                ]
            ]
        ],
        [
            -0.15467201232910155,
            -0.00016290555894374846,
            0.4054376525878906,
            -0.006809475586816015,
            -0.1275530825373965,
            0.11403992506737656,
            [
                [
                    0.9854333996772766,
                    -0.11292967945337296,
                    -0.12715314328670502
                ],
                [
                    0.11286846548318863,
                    0.9935800433158875,
                    -0.007709781639277935
                ],
                [
                    0.12720748782157898,
                    -0.0067541045136749744,
                    0.9918531179428101
                ]
            ]
        ],
        [
            -0.1686625213623047,
            0.0004894960522651672,
            0.4046025390625,
            0.01662843598643598,
            -0.1150181555885208,
            0.1173077778572785,
            [
                [
                    0.9865654110908508,
                    -0.11891788989305496,
                    -0.11201414465904236
                ],
                [
                    0.11626560240983963,
                    0.9927666783332825,
                    -0.029943475499749184
                ],
                [
                    0.11476472020149231,
                    0.01651780493557453,
                    0.9932553768157959
                ]
            ]
        ],
        [
            -0.1843638458251953,
            0.002683439254760742,
            0.40605563354492186,
            0.004833116092703739,
            -0.09906863044272063,
            0.12643761375063753,
            [
                [
                    0.9871532917022705,
                    -0.12657374143600464,
                    -0.09750652313232422
                ],
                [
                    0.1254826933145523,
                    0.9919455647468567,
                    -0.01726659946143627
                ],
                [
                    0.09890665858983994,
                    0.004809399601072073,
                    0.9950851202011108
                ]
            ]
        ],
        [
            -0.2006429138183594,
            0.0010820591449737548,
            0.4063901062011719,
            -0.005136347612495443,
            -0.08926206328573638,
            0.10136151874189267,
            [
                [
                    0.9909065365791321,
                    -0.10073118656873703,
                    -0.08920459449291229
                ],
                [
                    0.10078518837690353,
                    0.9949005246162415,
                    -0.003910182509571314
                ],
                [
                    0.08914357423782349,
                    -0.0051158759742975235,
                    0.996005654335022
                ]
            ]
        ],
        [
            -0.2144090118408203,
            0.0023847856521606444,
            0.4082271728515625,
            -0.0013529522076136322,
            -0.0661116647367892,
            0.11622994176831886,
            [
                [
                    0.9910830855369568,
                    -0.11587953567504883,
                    -0.06577461957931519
                ],
                [
                    0.11571507900953293,
                    0.9932623505592346,
                    -0.0063174511305987835
                ],
                [
                    0.06606351584196091,
                    -0.0013499960768967867,
                    0.9978145360946655
                ]
            ]
        ],
        [
            -0.22937680053710938,
            0.005033867359161377,
            0.41234991455078124,
            -0.027472142802369863,
            -0.05462102486553588,
            0.11161023792789443,
            [
                [
                    0.9922959804534912,
                    -0.10984634608030319,
                    -0.05729314312338829
                ],
                [
                    0.11121255904436111,
                    0.99357008934021,
                    0.02121948078274727
                ],
                [
                    0.05459386855363846,
                    -0.02742772176861763,
                    0.9981318712234497
                ]
            ]
        ],
        [
            -0.24158830261230468,
            0.0021072583198547363,
            0.4141236877441406,
            -0.016598690416313164,
            -0.03536485012549062,
            0.10366133295745941,
            [
                [
                    0.9940100312232971,
                    -0.10287781804800034,
                    -0.03688031807541847
                ],
                [
                    0.10341107845306396,
                    0.9945557117462158,
                    0.012850691564381123
                ],
                [
                    0.03535747900605202,
                    -0.016587549820542336,
                    0.999237060546875
                ]
            ]
        ],
        [
            -0.25231773376464844,
            0.0038313577175140383,
            0.41631637573242186,
            -0.010632892914400005,
            -0.017453697853743178,
            0.11085858457273794,
            [
                [
                    0.9937101006507874,
                    -0.11044096946716309,
                    -0.018521009013056755
                ],
                [
                    0.11061480641365051,
                    0.9938258528709412,
                    0.008636699058115482
                ],
                [
                    0.01745281182229519,
                    -0.010631073266267776,
                    0.999791145324707
                ]
            ]
        ],
        [
            -0.2629494934082031,
            0.007248141288757324,
            0.4201629638671875,
            -0.04136584471718466,
            -0.008361987215776523,
            0.10231591958479311,
            [
                [
                    0.9947355389595032,
                    -0.1017061322927475,
                    -0.01253484282642603
                ],
                [
                    0.10213392972946167,
                    0.9939546585083008,
                    0.040284447371959686
                ],
                [
                    0.008361889980733395,
                    -0.04135260358452797,
                    0.9991096258163452
                ]
            ]
        ],
        [
            -0.27093576049804685,
            0.005677886009216308,
            0.42125271606445314,
            -0.02556211820590834,
            -0.004830170200091466,
            0.12029519485431209,
            [
                [
                    0.9927616715431213,
                    -0.1198435053229332,
                    -0.007860933430492878
                ],
                [
                    0.12000387161970139,
                    0.9924637079238892,
                    0.0247951690107584
                ],
                [
                    0.004830151330679655,
                    -0.025559036061167717,
                    0.9996616244316101
                ]
            ]
        ],
        [
            -0.27816864013671877,
            0.008172639846801758,
            0.42280938720703126,
            -0.022371495309828585,
            0.008857500187088307,
            0.10655941810534487,
            [
                [
                    0.9942889213562012,
                    -0.10652826726436615,
                    0.0064257546328008175
                ],
                [
                    0.10635370016098022,
                    0.9940580129623413,
                    0.02318456396460533
                ],
                [
                    -0.008857384324073792,
                    -0.02236875146627426,
                    0.9997105598449707
                ]
            ]
        ],
        [
            -0.2849248352050781,
            0.01197390365600586,
            0.4246553649902344,
            -0.04381465545145411,
            0.006630963403229551,
            0.1037284356069334,
            [
                [
                    0.994603157043457,
                    -0.10373202711343765,
                    0.002053715754300356
                ],
                [
                    0.10354024916887283,
                    0.9936404228210449,
                    0.044251132756471634
                ],
                [
                    -0.006630914751440287,
                    -0.04379967600107193,
                    0.9990183115005493
                ]
            ]
        ],
        [
            -0.2900795288085937,
            0.012397242546081542,
            0.42486148071289065,
            -0.03251042219916516,
            0.01059495683696876,
            0.10726317271399133,
            [
                [
                    0.9941970109939575,
                    -0.10734343528747559,
                    0.00704842759296298
                ],
                [
                    0.10705159604549408,
                    0.993690550327301,
                    0.03345153480768204
                ],
                [
                    -0.010594758205115795,
                    -0.03250287100672722,
                    0.9994154572486877
                ]
            ]
        ],
        [
            -0.2933919372558594,
            0.014924872398376464,
            0.42575396728515624,
            -0.009243776605863056,
            0.01985991000648979,
            0.09974708353225079,
            [
                [
                    0.9948331713676453,
                    -0.09976015985012054,
                    0.01883855275809765
                ],
                [
                    0.09956212341785431,
                    0.994968593120575,
                    0.011175168678164482
                ],
                [
                    -0.019858604297041893,
                    -0.009241822175681591,
                    0.999760091304779
                ]
            ]
        ],
        [
            -0.2978135375976563,
            0.020050731658935547,
            0.4269483337402344,
            -0.041013404759154555,
            0.01229466893043929,
            0.10541709652330569,
            [
                [
                    0.994373619556427,
                    -0.10563477128744125,
                    0.007901527918875217
                ],
                [
                    0.10521400719881058,
                    0.9935594797134399,
                    0.042066846042871475
                ],
                [
                    -0.012294359505176544,
                    -0.04099880903959274,
                    0.9990835785865784
                ]
            ]
        ],
        [
            -0.30015316772460937,
            0.02084141731262207,
            0.42661602783203123,
            -0.026610133467981238,
            0.013362925452393037,
            0.09046848342061573,
            [
                [
                    0.9958215951919556,
                    -0.090667225420475,
                    0.010899358429014683
                ],
                [
                    0.09033706039190292,
                    0.9955258369445801,
                    0.0277049969881773
                ],
                [
                    -0.013362527824938297,
                    -0.02660461701452732,
                    0.9995567202568054
                ]
            ]
        ],
        [
            -0.3018822326660156,
            0.023569005966186524,
            0.4275551452636719,
            -0.018540144640487567,
            0.019100959439988685,
            0.08597845613349092,
            [
                [
                    0.9961243867874146,
                    -0.08621059358119965,
                    0.017433976754546165
                ],
                [
                    0.08585689961910248,
                    0.9961044788360596,
                    0.020110467448830605
                ],
                [
                    -0.019099798053503036,
                    -0.01853570155799389,
                    0.9996457695960999
                ]
            ]
        ],
        [
            -0.3032073974609375,
            0.027392536163330077,
            0.42719866943359375,
            -0.027736230833221694,
            0.018020039312149905,
            0.09077172527079014,
            [
                [
                    0.9957213997840881,
                    -0.09110991656780243,
                    0.015424092300236225
                ],
                [
                    0.09063240885734558,
                    0.995454728603363,
                    0.029251249507069588
                ],
                [
                    -0.018019063398241997,
                    -0.02772817201912403,
                    0.999453067779541
                ]
            ]
        ],
        [
            -0.30332183837890625,
            0.027675056457519533,
            0.42581982421875,
            -0.00011309269955488838,
            0.0319413310863077,
            0.07709287241788551,
            [
                [
                    0.9965212345123291,
                    -0.07702013105154037,
                    0.03183233365416527
                ],
                [
                    0.07697724550962448,
                    0.9970295429229736,
                    0.002572349039837718
                ],
                [
                    -0.03193590044975281,
                    -0.0001130349628510885,
                    0.9994899034500122
                ]
            ]
        ],
        [
            -0.30324832153320314,
            0.03127603721618653,
            0.4257138977050781,
            -0.002085277657731345,
            0.03599534770209578,
            0.08028884450031551,
            [
                [
                    0.9961329102516174,
                    -0.08027724176645279,
                    0.035704322159290314
                ],
                [
                    0.08015065640211105,
                    0.9967703819274902,
                    0.004964849911630154
                ],
                [
                    -0.035987574607133865,
                    -0.002083925297483802,
                    0.9993500709533691
                ]
            ]
        ],
        [
            -0.30324832153320314,
            0.03127603721618653,
            0.4257138977050781,
            -0.002085277657731345,
            0.03599534770209578,
            0.08028884450031551,
            [
                [
                    0.9961329102516174,
                    -0.08027724176645279,
                    0.035704322159290314
                ],
                [
                    0.08015065640211105,
                    0.9967703819274902,
                    0.004964849911630154
                ],
                [
                    -0.035987574607133865,
                    -0.002083925297483802,
                    0.9993500709533691
                ]
            ]
        ],
        [
            -0.297614013671875,
            0.0323237419128418,
            0.4235201416015625,
            -7.662891328295146e-05,
            0.05468690367976636,
            0.0907327602913609,
            [
                [
                    0.9943978190422058,
                    -0.09061249345541,
                    0.054427869617938995
                ],
                [
                    0.09047286212444305,
                    0.9958862066268921,
                    0.005028932821005583
                ],
                [
                    -0.0546596497297287,
                    -7.651423948118463e-05,
                    0.9985050559043884
                ]
            ]
        ],
        [
            -0.293307373046875,
            0.03260411834716797,
            0.42430398559570315,
            0.045084073134528335,
            0.06662656966525882,
            0.08002450645962009,
            [
                [
                    0.9945881366729736,
                    -0.07686693966388702,
                    0.0698995515704155
                ],
                [
                    0.07976175844669342,
                    0.9960267543792725,
                    -0.03960784897208214
                ],
                [
                    -0.06657728552818298,
                    0.04496880620718002,
                    0.9967674016952515
                ]
            ]
        ],
        [
            -0.28805987548828127,
            0.035326435089111326,
            0.42530752563476565,
            0.014902329458578,
            0.07657611441896495,
            0.0839907780776493,
            [
                [
                    0.9935546517372131,
                    -0.08274675905704498,
                    0.07747329771518707
                ],
                [
                    0.08364621549844742,
                    0.9964598417282104,
                    -0.008432107977569103
                ],
                [
                    -0.07650129497051239,
                    0.014858108013868332,
                    0.9969587922096252
                ]
            ]
        ],
        [
            -0.2813740234375,
            0.033052677154541014,
