{
    "amplitude": 0.08726684447990785,
    "frequency": 0.02997230188894593,
    "seed": 1762038572,
    "time_interval": 0.05,
    "pid_gains": {
        "pid_rate": {
            "roll_kp": "50.0",
            "roll_ki": "0.0",
            "roll_kd": "0.0",
            "pitch_kp": "50.0",
            "pitch_ki": "0.0",
            "pitch_kd": "0.0",
            "yaw_kp": "80.0",
            "yaw_ki": "0.0",
            "yaw_kd": "0.0"
        },
        "pid_attitude": {
            "roll_kp": "8.0",
            "roll_ki": "0.0",
            "roll_kd": "0.20000000298023224",
            "pitch_kp": "8.0",
            "pitch_ki": "0.0",
            "pitch_kd": "1.0",
            "yaw_kp": "10.0",
            "yaw_ki": "0.0",
            "yaw_kd": "0.3499999940395355"
        },
        "velCtlPid": {
            "vxKp": "15.0",
            "vxKi": "1.0",
            "vxKd": "0.0",
            "vyKp": "10.0",
            "vyKi": "1.0",
            "vyKd": "0.0",
            "vzKp": "12.5",
            "vzKi": "0.5",
            "vzKd": "0.0"
        },
        "posCtlPid": {
            "xKp": "1.5",
            "xKi": "0.0",
            "xKd": "0.0",
            "yKp": "1.5",
            "yKi": "0.0",
            "yKd": "0.0",
            "zKp": "5.0",
            "zKi": "0.5",
            "zKd": "0.0"
        }
    },
    "pose": [
        [
            0.0039031875133514406,
            -0.006973819255828857,
            0.2623152770996094,
            -0.005835773548709955,
            0.016153135890471404,
            0.9226830230157403,
            [
                [
                    0.6036046147346497,
                    -0.797267496585846,
                    0.005098395515233278
                ],
                [
                    0.797120213508606,
                    0.6035979390144348,
                    0.01639983057975769
                ],
                [
                    -0.016152434051036835,
                    -0.005834979470819235,
                    0.9998525381088257
                ]
            ]
        ],
        [
            0.0038575434684753416,
            -0.00695236873626709,
            0.2623511657714844,
            -0.0059958410997955625,
            0.01613620354953693,
            0.9200940405780846,
            [
                [
                    0.60566645860672,
                    -0.7957028746604919,
                    0.005003216676414013
                ],
                [
                    0.7955549955368042,
                    0.6056574583053589,
                    0.016470052301883698
                ],
                [
                    -0.016135502606630325,
                    -0.005995023995637894,
                    0.9998518228530884
                ]
            ]
        ],
        [
            0.0035572052001953125,
            -0.007045966148376465,
            0.26230010986328123,
            -0.007027956957430914,
            0.016465351974553455,
            0.9106270160677357,
            [
                [
                    0.6131674647331238,
                    -0.7899398803710938,
                    0.004545425530523062
                ],
                [
                    0.7897813320159912,
                    0.613144040107727,
                    0.017314745113253593
                ],
                [
                    -0.016464607790112495,
                    -0.007026946637779474,
                    0.9998397827148438
                ]
            ]
        ],
        [
            0.004077606678009034,
            -0.00848975944519043,
            0.26239877319335936,
            -0.00041454115741790254,
            0.0120754549124924,
            1.0468026152876493,
            [
                [
                    0.5003055334091187,
                    -0.8658303022384644,
                    0.005682788323611021
                ],
                [
                    0.8657647371292114,
                    0.5003376007080078,
                    0.010662422515451908
                ],
                [
                    -0.012075161561369896,
                    -0.00041451113065704703,
                    0.9999269843101501
                ]
            ]
        ],
        [
            0.004134785175323486,
            -0.00593355655670166,
            0.26229376220703127,
            -0.007996789422234585,
            0.02094796579907321,
            1.1008022579294658,
            [
                [
                    0.452781617641449,
                    -0.8916183114051819,
                    0.002356308978050947
                ],
                [
                    0.8913753628730774,
                    0.4527171552181244,
                    0.02229619026184082
                ],
                [
                    -0.020946433767676353,
                    -0.00799494981765747,
                    0.9997486472129822
                ]
            ]
        ],
        [
            0.0007660842537879944,
            -0.005256076335906982,
            0.26543426513671875,
            -0.021902637195726826,
            0.009759394644395902,
            1.1187062233182692,
            [
                [
                    0.43682581186294556,
                    -0.8994136452674866,
                    -0.015438367612659931
                ],
                [
                    0.8994931578636169,
                    0.436549574136734,
                    0.018344009295105934
                ],
                [
                    -0.009759239852428436,
                    -0.021899843588471413,
                    0.9997125267982483
                ]
            ]
        ],
        [
            -0.0020654609203338624,
            -0.00878591537475586,
            0.2777278137207031,
            -0.008124614701611188,
            -0.042517808493968356,
            0.8855273701853873,
            [
                [
                    0.6323093175888062,
                    -0.7740047574043274,
                    -0.03319013491272926
                ],
                [
                    0.7735491394996643,
                    0.6331278085708618,
                    -0.027766501531004906
                ],
                [
                    0.04250499978661537,
                    -0.008117183111608028,
                    0.99906325340271
                ]
            ]
        ],
        [
            -0.005454580307006836,
            -0.009046072006225587,
            0.29916360473632814,
            0.02614973760112793,
            -0.0035850623505799817,
            0.6745168178046362,
            [
                [
                    0.7810037732124329,
                    -0.6243796944618225,
                    0.013530171476304531
                ],
                [
                    0.6245160102844238,
                    0.7806832194328308,
                    -0.022659020498394966
                ],
                [
                    0.003585054771974683,
                    0.02614658884704113,
                    0.9996516704559326
                ]
            ]
        ],
        [
            -0.01505476474761963,
            -0.012388527870178223,
            0.32584979248046875,
            0.007208425617245662,
            -0.09405135082423555,
            0.5083696192021978,
            [
                [
                    0.8696786165237427,
                    -0.48733240365982056,
                    -0.07852564752101898
                ],
                [
                    0.4846024513244629,
                    0.8731870651245117,
                    -0.05200798064470291
                ],
                [
                    0.0939127579331398,
                    0.007176505867391825,
                    0.9955545663833618
                ]
            ]
        ],
        [
            -0.02316139030456543,
            -0.018350143432617188,
            0.3567452392578125,
            -0.024392282307675123,
            -0.10754595218256169,
            0.47711941974334726,
            [
                [
                    0.8831891417503357,
                    -0.4567599892616272,
                    -0.10652332007884979
                ],
                [
                    0.45656904578208923,
                    0.889259397983551,
                    -0.027611639350652695
                ],
                [
                    0.10733875632286072,
                    -0.02424895204603672,
                    0.9939267635345459
                ]
            ]
        ],
        [
            -0.02609532928466797,
            -0.024045738220214843,
            0.36972784423828126,
            0.0019402547478895305,
            -0.09772698388145873,
            0.44446545627098233,
            [
                [
                    0.8985327482223511,
                    -0.4301454424858093,
                    -0.08725708723068237
                ],
                [
                    0.42792370915412903,
                    0.9027575254440308,
                    -0.04370499774813652
                ],
                [
                    0.09757149964570999,
                    0.0019309966592118144,
                    0.9952266216278076
                ]
            ]
        ],
        [
            -0.03550038146972656,
            -0.032432491302490235,
            0.388392333984375,
            -0.05853813909660127,
            -0.09150020555593152,
            0.387774266955598,
            [
                [
                    0.921880304813385,
                    -0.37253236770629883,
                    -0.10656587034463882
                ],
                [
                    0.37654706835746765,
                    0.9261886477470398,
                    0.01966947875916958
                ],
                [
                    0.09137257933616638,
                    -0.05825997516512871,
                    0.9941110610961914
                ]
            ]
        ],
        [
            -0.0443737678527832,
            -0.04268317031860352,
            0.40182034301757813,
            -0.03177116742750635,
            -0.11633596281099723,
            0.3932933152489308,
            [
                [
                    0.9174086451530457,
                    -0.3796333074569702,
                    -0.11933130770921707
                ],
                [
                    0.3806419372558594,
                    0.9245988726615906,
                    -0.015120193362236023
                ],
                [
                    0.11607372760772705,
                    -0.03155110403895378,
                    0.9927393794059753
                ]
            ]
        ],
        [
            -0.05255176544189453,
            -0.049950084686279296,
            0.4133532409667969,
            -0.0055164400669664715,
            -0.10298173733448612,
            0.3988607353208272,
            [
                [
                    0.9166219830513,
                    -0.38784027099609375,
                    -0.09687139838933945
                ],
                [
                    0.38631120324134827,
                    0.9217102527618408,
                    -0.03484022989869118
                ],
                [
                    0.10279981046915054,
                    -0.005487185902893543,
                    0.9946869015693665
                ]
            ]
        ],
        [
            -0.06543808746337891,
            -0.05932453155517578,
            0.4194239807128906,
            -0.04971584366739665,
            -0.09308469007577069,
            0.35781519742586354,
            [
                [
                    0.9326092004776001,
                    -0.34546926617622375,
                    -0.10436040908098221
                ],
                [
                    0.34871241450309753,
                    0.9371246695518494,
                    0.014034229330718517
                ],
                [
                    0.09295032173395157,
                    -0.049480222165584564,
                    0.994440495967865
                ]
            ]
        ],
        [
            -0.07745374298095703,
            -0.06588603210449219,
            0.42414013671875,
            -0.0674065349914911,
            -0.10907087585182862,
            0.39627765031546236,
            [
                [
                    0.9170223474502563,
                    -0.3783468008041382,
                    -0.12618926167488098
                ],
                [
                    0.38369348645210266,
                    0.9232392311096191,
                    0.020214615389704704
                ],
                [
                    0.1088547483086586,
                    -0.06695525348186493,
                    0.9918001890182495
                ]
            ]
        ],
        [
            -0.09073070526123046,
            -0.07138083648681641,
            0.42814013671875,
            -0.07908365204638751,
            -0.12445355079258147,
            0.378054082735762,
            [
                [
                    0.9221964478492737,
                    -0.3588448762893677,
                    -0.14416664838790894
                ],
                [
                    0.36625781655311584,
                    0.930099606513977,
                    0.027746861800551414
                ],
                [
                    0.12413252890110016,
                    -0.0783902183175087,
                    0.9891643524169922
                ]
            ]
        ],
        [
            -0.10550931549072265,
            -0.08099498748779296,
            0.42996566772460937,
            -0.09507705335073353,
            -0.11635073172098198,
            0.34327359794230766,
            [
                [
                    0.9352912306785583,
                    -0.3246736526489258,
                    -0.14077387750148773
                ],
                [
                    0.3342958986759186,
                    0.9411142468452454,
                    0.050499655306339264
                ],
                [
                    0.1160883903503418,
                    -0.09429201483726501,
                    0.9887530207633972
                ]
            ]
        ],
        [
            -0.11988822174072265,
            -0.08569483184814453,
            0.4317762756347656,
            -0.05855105887447212,
            -0.10752848153398542,
            0.32682266697144424,
            [
                [
                    0.9415972828865051,
                    -0.3145376145839691,
                    -0.12025261670351028
                ],
                [
                    0.31918132305145264,
                    0.947460412979126,
                    0.021025171503424644
                ],
                [
                    0.10732138901948929,
                    -0.05817963555455208,
                    0.9925206303596497
                ]
            ]
        ],
        [
            -0.13730508422851562,
            -0.0867425079345703,
            0.4342798767089844,
            -0.10756110738286445,
            -0.09257177542224526,
            0.3424018042469404,
            [
                [
                    0.9379178285598755,
                    -0.3244624137878418,
                    -0.12261447310447693
                ],
                [
                    0.3343128561973572,
                    0.939839243888855,
                    0.07026476413011551
                ],
                [
                    0.09243961423635483,
                    -0.10689416527748108,
                    0.9899638891220093
                ]
            ]
        ],
        [
            -0.15198516845703125,
            -0.0933532485961914,
            0.43518609619140625,
            -0.10734424443877644,
            -0.08112805669043777,
            0.3254420751299739,
            [
                [
                    0.9443930387496948,
                    -0.30966073274612427,
                    -0.11059839278459549
                ],
                [
                    0.31867608428001404,
                    0.9448317289352417,
                    0.07575316727161407
                ],
                [
                    0.08103909343481064,
                    -0.10678582638502121,
                    0.9909740090370178
                ]
            ]
        ],
        [
            -0.16669947814941405,
            -0.09470423126220703,
            0.43668289184570314,
            -0.0889757572655029,
            -0.06371268583157441,
            0.33593473601610635,
            [
                [
                    0.9421870112419128,
                    -0.32300645112991333,
                    -0.08916517347097397
                ],
                [
                    0.328982949256897,
                    0.9422330260276794,
                    0.06298568099737167
                ],
                [
                    0.0636695921421051,
                    -0.08867811411619186,
                    0.994023323059082
                ]
            ]
        ],
        [
            -0.18354417419433594,
            -0.09427907562255859,
            0.4384215087890625,
            -0.09585670756027853,
            -0.05356557894933989,
            0.3250217758330782,
            [
                [
                    0.9462845921516418,
                    -0.3130074441432953,
                    -0.08106690645217896
                ],
                [
                    0.318871408700943,
                    0.9449297189712524,
                    0.0736805647611618
                ],
                [
                    0.05353996902704239,
                    -0.09557270258665085,
                    0.9939815402030945
                ]
            ]
        ],
        [
            -0.19550376892089844,
            -0.09556986999511718,
            0.438694091796875,
            -0.09864315382865269,
            -0.04284907617628675,
            0.32318318430869897,
            [
                [
                    0.9473589062690735,
                    -0.3120424449443817,
                    -0.07169781625270844
                ],
                [
                    0.31729504466056824,
                    0.9449594616889954,
                    0.07984671741724014
                ],
                [
                    0.042835965752601624,
                    -0.09839285910129547,
                    0.994225263595581
                ]
            ]
        ],
        [
            -0.20983584594726562,
            -0.09569562530517578,
            0.4403913269042969,
            -0.061208394536595434,
            -0.015135139384124807,
            0.32945612791947465,
            [
                [
                    0.9461100697517395,
                    -0.3220466077327728,
                    -0.034084077924489975
                ],
                [
                    0.3234913945198059,
                    0.9447460174560547,
                    0.052993062883615494
                ],
                [
                    0.01513456180691719,
                    -0.061163175851106644,
                    0.9980130195617676
                ]
            ]
        ],
        [
            -0.22179383850097656,
            -0.09270339965820312,
            0.4416135559082031,
            -0.09468110544975475,
            -0.0010490165403720386,
            0.29408297606041967,
            [
                [
                    0.9570678472518921,
                    -0.288469135761261,
                    -0.028402982279658318
                ],
                [
                    0.28986215591430664,
                    0.9528104662895203,
                    0.09017825126647949
                ],
                [
                    0.001049016253091395,
                    -0.09453965723514557,
                    0.9955205321311951
                ]
            ]
        ],
        [
            -0.22179383850097656,
            -0.09270339965820312,
            0.4416135559082031,
            -0.09468110544975475,
            -0.0010490165403720386,
            0.29408297606041967,
            [
                [
                    0.9570678472518921,
                    -0.288469135761261,
                    -0.028402982279658318
                ],
                [
                    0.28986215591430664,
                    0.9528104662895203,
                    0.09017825126647949
                ],
                [
                    0.001049016253091395,
                    -0.09453965723514557,
                    0.9955205321311951
                ]
            ]
        ],
        [
            -0.23807485961914063,
            -0.08979884338378906,
            0.44349777221679687,
            -0.027614435032359164,
            0.050102811089563826,
            0.3134692462746009,
            [
                [
                    0.9500758051872253,
                    -0.30955854058265686,
                    0.03910905122756958
                ],
                [
                    0.307973712682724,
                    0.9504804611206055,
                    0.041702818125486374
                ],
                [
                    -0.050081852823495865,
                    -0.027576277032494545,
                    0.9983643293380737
                ]
            ]
        ],
        [
            -0.24442013549804686,
            -0.0857923355102539,
            0.44412200927734374,
            -0.08763977847833321,
            0.06833450168166144,
            0.28324610471463296,
            [
                [
                    0.9579123854637146,
                    -0.28413963317871094,
                    0.04084724560379982
                ],
                [
                    0.2788216173648834,
                    0.9547980427742004,
                    0.10304955393075943
                ],
                [
                    -0.06828133016824722,
                    -0.08732335269451141,
                    0.9938371777534485
                ]
            ]
        ],
        [
            -0.2483473663330078,
            -0.08286442565917969,
            0.44401715087890625,
            -0.0727921018895648,
            0.07357402481803321,
            0.3145559128596915,
            [
                [
                    0.9483612775802612,
                    -0.31365862488746643,
                    0.04721424728631973
                ],
                [
                    0.3085571825504303,
                    0.9467616081237793,
                    0.09184198081493378
                ],
                [
                    -0.07350766658782959,
                    -0.0725310817360878,
                    0.9946536421775818
                ]
            ]
        ],
        [
            -0.2500774841308594,
            -0.07877191162109375,
            0.4454740905761719,
            -0.02273582466263488,
            0.08529866442165068,
            0.2833641890987243,
            [
                [
                    0.9566295742988586,
                    -0.28137457370758057,
                    0.07542046159505844
                ],
                [
                    0.2785707414150238,
                    0.9593306183815002,
                    0.045640598982572556
                ],
                [
                    -0.08519526571035385,
                    -0.02265121228992939,
                    0.996106743812561
                ]
            ]
        ],
        [
            -0.2506446075439453,
            -0.07472916412353516,
            0.4459285888671875,
            -0.06184798633517741,
            0.08434682836303309,
            0.31223996020145145,
            [
                [
                    0.9482646584510803,
                    -0.31155911087989807,
                    0.06103300675749779
                ],
                [
                    0.30609896779060364,
                    0.9482287168502808,
                    0.08465038239955902
                ],
                [
                    -0.08424685150384903,
                    -0.0615888312458992,
                    0.994539737701416
                ]
            ]
        ],
        [
            -0.24828848266601564,
            -0.07225848388671875,
            0.44620465087890626,
            -0.02983355276497185,
            0.09411524158833062,
            0.2927699261631213,
            [
                [
                    0.9532108902931213,
                    -0.29116091132164,
                    0.0813286080956459
                ],
                [
                    0.28732815384864807,
                    0.9562130570411682,
                    0.05566985905170441
                ],
                [
                    -0.09397636353969574,
                    -0.02969711646437645,
                    0.9951314330101013
                ]
            ]
        ],
        [
            -0.24461349487304687,
            -0.06679965972900391,
            0.4471251220703125,
            -0.022495257875589675,
            0.10059523443665985,
            0.30032045253580186,
            [
                [
                    0.9504125714302063,
                    -0.29790928959846497,
                    0.08925238251686096
                ],
                [
                    0.29433080554008484,
                    0.9543318152427673,
                    0.05118763446807861
                ],
                [
                    -0.10042566061019897,
                    -0.022379647940397263,
                    0.994692862033844
                ]
            ]
        ],
        [
            -0.239999267578125,
            -0.06358263397216797,
            0.44817446899414065,
            -0.03704036286536172,
            0.09585569551283979,
            0.2856922859395007,
            [
                [
                    0.955062210559845,
                    -0.2850290536880493,
                    0.08133019506931305
                ],
                [
                    0.2805280089378357,
                    0.9578098058700562,
                    0.062485240399837494
                ],
                [
                    -0.09570897370576859,
                    -0.03686189278960228,
                    0.9947265982627869
                ]
            ]
        ],
        [
            -0.23460023498535157,
            -0.06373256301879883,
            0.4479842529296875,
            -0.021518761531416658,
            0.08151418718202064,
            0.28714845292505287,
            [
                [
                    0.9558708667755127,
                    -0.28483328223228455,
                    0.07197795063257217
                ],
                [
                    0.2822781801223755,
                    0.958337128162384,
                    0.04369152709841728
                ],
                [
                    -0.08142394572496414,
                    -0.021445654332637787,
                    0.996448814868927
                ]
            ]
        ],
        [
            -0.22773782348632812,
            -0.05812921905517578,
            0.44850506591796874,
            -0.03409594646696548,
            0.08925688430584655,
            0.29370720788315363,
            [
                [
                    0.9533669352531433,
                    -0.29224294424057007,
                    0.07540271431207657
                ],
                [
                    0.2883502244949341,
                    0.9557411670684814,
                    0.05842034891247749
                ],
                [
                    -0.08913841843605042,
                    -0.03395364060997963,
                    0.9954403638839722
                ]
            ]
        ],
        [
            -0.22342333984375,
            -0.05620541763305664,
            0.449228759765625,
            -0.0674352654978861,
            0.0667885596667801,
            0.2845068387395363,
            [
                [
                    0.9576603174209595,
                    -0.2843625545501709,
                    0.04499676451086998
                ],
                [
                    0.280058354139328,
                    0.956356406211853,
                    0.0833653137087822
                ],
                [
                    -0.06673891842365265,
                    -0.06723393499851227,
                    0.9955026507377625
                ]
            ]
        ],
        [
            -0.21594737243652343,
            -0.05187553405761719,
            0.449853759765625,
            -0.06074629968469253,
            0.0607047424040843,
            0.2702004755545721,
            [
                [
                    0.9619422554969788,
                    -0.2699817419052124,
                    0.0421537384390831
                ],
                [
                    0.2664329707622528,
                    0.9609567523002625,
                    0.07467003911733627
                ],
                [
                    -0.06066746637225151,
                    -0.06059712544083595,
                    0.9963169693946838
                ]
            ]
        ],
        [
            -0.2095692138671875,
            -0.04202647018432617,
            0.4493429870605469,
            -0.06670672843182518,
            0.05928364314381973,
            0.289390888931689,
            [
                [
                    0.9567341804504395,
                    -0.2885189652442932,
                    0.037637047469615936
                ],
                [
                    0.28486716747283936,
                    0.9551592469215393,
                    0.08075568825006485
                ],
                [
                    -0.059248924255371094,
                    -0.06654016673564911,
                    0.9960230588912964
                ]
            ]
        ],
        [
            -0.2062929229736328,
            -0.03929905700683594,
            0.44960577392578127,
            -0.10551057270673804,
            0.04822100483436409,
            0.25795838186259124,
            [
                [
                    0.9657889008522034,
                    -0.258596807718277,
                    0.019481677561998367
                ],
                [
                    0.25481048226356506,
                    0.9602407217025757,
                    0.1140587106347084
                ],
                [
                    -0.04820232093334198,
                    -0.10519249737262726,
                    0.9932829737663269
                ]
            ]
        ],
        [
            -0.20044827270507812,
            -0.031753791809082034,
            0.44941339111328127,
            -0.0682948116859113,
            0.04653033771922477,
            0.2746102151972504,
            [
                [
                    0.961489200592041,
                    -0.27359485626220703,
                    0.026161130517721176
                ],
                [
                    0.27087828516960144,
                    0.9594264030456543,
                    0.07826854288578033
                ],
                [
                    -0.046513549983501434,
                    -0.06816787272691727,
                    0.9965890049934387
                ]
            ]
        ],
        [
            -0.19664939880371093,
            -0.02317336654663086,
            0.44830096435546873,
            -0.1115174460992571,
            0.03512510162448934,
            0.26513284210631605,
            [
                [
                    0.964462399482727,
                    -0.26418137550354004,
                    0.0045190430246293545
                ],
                [
                    0.26187583804130554,
                    0.9580390453338623,
                    0.11654288321733475
                ],
                [
                    -0.03511787950992584,
                    -0.11121780425310135,
                    0.9931753873825073
                ]
            ]
        ],
        [
            -0.19243167114257811,
            -0.01896877670288086,
            0.44792376708984377,
            -0.08477742419893342,
            0.040159272406838475,
            0.26640802999782714,
            [
                [
                    0.9639449119567871,
                    -0.2656020522117615,
                    0.01630060002207756
                ],
                [
                    0.26305562257766724,
                    0.9603630304336548,
                    0.09222061932086945
                ],
                [
                    -0.040148478001356125,
                    -0.08460763841867447,
                    0.9956051707267761
                ]
            ]
        ],
        [
            -0.18685926818847656,
            -0.010435872077941895,
            0.4473172912597656,
            -0.05222668427252196,
            0.03881244631527414,
            0.2644119371257739,
            [
                [
                    0.9645194411277771,
                    -0.26294055581092834,
                    0.023760292679071426
                ],
                [
                    0.26114487648010254,
                    0.9634008407592773,
                    0.0605156384408474
                ],
                [
                    -0.038802701979875565,
                    -0.05216363072395325,
                    0.9978843927383423
                ]
            ]
        ],
        [
            -0.18385963439941405,
            -0.0017121753692626953,
            0.44568466186523437,
            -0.09075187940999065,
            0.03964815005660971,
            0.266420180234527,
            [
                [
                    0.9639614224433899,
                    -0.26566171646118164,
                    0.014221630990505219
                ],
                [
                    0.2630726993083954,
                    0.9598038792610168,
                    0.09782285988330841
                ],
                [
                    -0.03963776305317879,
                    -0.09055613726377487,
                    0.9951022267341614
                ]
            ]
        ],
        [
            -0.18036299133300782,
            0.0028510730266571045,
            0.4450723266601562,
            -0.04840740718348044,
            0.04788226018741182,
            0.2506232167146868,
            [
                [
                    0.9676477313041687,
                    -0.24996094405651093,
                    0.03431355953216553
                ],
                [
                    0.2477235049009323,
                    0.9670488238334656,
                    0.05873348191380501
                ],
                [
                    -0.04786396771669388,
                    -0.04833304509520531,
                    0.9976838231086731
                ]
            ]
        ],
        [
            -0.17609318542480468,
            0.014233080863952637,
            0.44295361328125,
            -0.06303657248368971,
            0.0587762000011669,
            0.24534881637342132,
            [
                [
                    0.9683775305747986,
                    -0.2460019290447235,
                    0.04156889766454697
                ],
                [
                    0.24247527122497559,
                    0.9672271609306335,
                    0.07534817606210709
                ],
                [
                    -0.05874236300587654,
                    -0.06288605183362961,
                    0.9962904453277588
                ]
            ]
        ],
        [
            -0.17009596252441406,
            0.022348569869995116,
            0.44091644287109377,
            -0.07928357821999181,
            0.07584848413142731,
            0.28291867305344104,
            [
                [
                    0.9574839472770691,
                    -0.2840454578399658,
                    0.05042514204978943
                ],
                [
                    0.2783568501472473,
                    0.9555529952049255,
                    0.09713898599147797
                ],
                [
                    -0.07577577978372574,
                    -0.07897283136844635,
                    0.9939926266670227
                ]
            ]
        ],
        [
            -0.16452180480957032,
            0.027641902923583983,
            0.4389123229980469,
            -0.05902669119730261,
            0.07983784652213255,
            0.24448751090153728,
            [
                [
                    0.9671708941459656,
                    -0.24620245397090912,
                    0.06296690553426743
                ],
                [
                    0.24128806591033936,
                    0.9674328565597534,
                    0.07650940865278244
                ],
                [
                    -0.07975305616855621,
                    -0.05880450829863548,
                    0.9950786232948303
                ]
            ]
        ],
        [
            -0.15880438232421876,
            0.03987545394897461,
            0.4358746643066406,
            -0.04644193031052374,
            0.0958731963503201,
            0.22806614557199584,
            [
                [
                    0.9696320295333862,
                    -0.23017942905426025,
                    0.0826505795121193
                ],
                [
                    0.22505587339401245,
                    0.9720503687858582,
                    0.06684292107820511
                ],
                [
                    -0.0957263931632042,
                    -0.04621203616261482,
                    0.9943343997001648
                ]
            ]
        ],
        [
            -0.15001715087890624,
            0.0481138801574707,
            0.4334084777832031,
            -0.08585716031031107,
            0.0966737620802145,
            0.2805209943851015,
            [
                [
                    0.9564245939254761,
                    -0.2837900221347809,
                    0.06866773962974548
                ],
                [
                    0.2755635976791382,
                    0.9550802707672119,
                    0.10902443528175354
                ],
                [
                    -0.09652324765920639,
                    -0.08535131812095642,
                    0.991664469242096
                ]
            ]
        ],
        [
            -0.141266357421875,
            0.05530954742431641,
            0.4306062927246094,
            -0.03711600475613003,
            0.11227997894638242,
            0.2356789708896197,
            [
                [
                    0.9662333130836487,
                    -0.23738516867160797,
                    0.10020711272954941
                ],
                [
                    0.2320329248905182,
                    0.9707155227661133,
                    0.06222635507583618
                ],
                [
                    -0.11204421520233154,
                    -0.03687382489442825,
                    0.9930188655853271
                ]
            ]
        ],
        [
            -0.13473992919921876,
            0.06679837036132813,
            0.4273004150390625,
            -0.06669976566789712,
            0.10739917627777196,
            0.22397241521660624,
            [
                [
