{
    "amplitude": 0.07633190751766486,
    "frequency": 0.020813949107009042,
    "seed": 1762037758,
    "time_interval": 0.05,
    "pid_gains": {
        "pid_rate": {
            "roll_kp": "50.0",
            "roll_ki": "0.0",
            "roll_kd": "0.0",
            "pitch_kp": "50.0",
            "pitch_ki": "0.0",
            "pitch_kd": "0.0",
            "yaw_kp": "80.0",
            "yaw_ki": "0.0",
            "yaw_kd": "0.0"
        },
        "pid_attitude": {
            "roll_kp": "6.0",
            "roll_ki": "0.0",
            "roll_kd": "0.20000000298023224",
            "pitch_kp": "6.0",
            "pitch_ki": "0.0",
            "pitch_kd": "1.0",
            "yaw_kp": "10.0",
            "yaw_ki": "0.0",
            "yaw_kd": "0.3499999940395355"
        },
        "velCtlPid": {
            "vxKp": "15.0",
            "vxKi": "1.0",
            "vxKd": "0.0",
            "vyKp": "10.0",
            "vyKi": "1.0",
            "vyKd": "0.0",
            "vzKp": "12.5",
            "vzKi": "0.5",
            "vzKd": "0.0"
        },
        "posCtlPid": {
            "xKp": "1.5",
            "xKi": "0.0",
            "xKd": "0.0",
            "yKp": "1.5",
            "yKi": "0.0",
            "yKd": "0.0",
            "zKp": "5.0",
            "zKi": "0.5",
            "zKd": "0.0"
        }
    },
    "pose": [
        [
            -0.025575265884399415,
            0.0527391471862793,
            0.26224627685546875,
            0.011748992467223607,
            0.00698849165528781,
            1.3409661424901576,
            [
                [
                    0.22780661284923553,
                    -0.9736191630363464,
                    0.013031731359660625
                ],
                [
                    0.9736813306808472,
                    0.22787640988826752,
                    0.004127702675759792
                ],
                [
                    -0.006988434586673975,
                    0.011748434975743294,
                    0.9999065399169922
                ]
            ]
        ],
        [
            -0.02557496452331543,
            0.05277806854248047,
            0.26227923583984375,
            0.010060961616743636,
            0.0060391037295968175,
            1.3391888015308697,
            [
                [
                    0.2295382171869278,
                    -0.9732354283332825,
                    0.011178307235240936
                ],
                [
                    0.9732809066772461,
                    0.22958992421627045,
                    0.003568139858543873
                ],
                [
                    -0.006039066705852747,
                    0.010060608386993408,
                    0.9999311566352844
                ]
            ]
        ],
        [
            -0.025612194061279295,
            0.052120468139648435,
            0.26203988647460935,
            0.009740881543648383,
            0.0001745612469679081,
            1.3505154131725436,
            [
                [
                    0.21850374341011047,
                    -0.9757894277572632,
                    0.009543494321405888
                ],
                [
                    0.9758360981941223,
                    0.21849504113197327,
                    -0.0019580507650971413
                ],
                [
                    -0.00017456097702961415,
                    0.00974072702229023,
                    0.9999525547027588
                ]
            ]
        ],
        [
            -0.0247178897857666,
            0.05259237289428711,
            0.2624609375,
            0.013114107201634306,
            0.0015766049898680023,
            1.5339919078317903,
            [
                [
                    0.036796096712350845,
                    -0.9992361068725586,
                    0.013162858784198761
                ],
                [
                    0.9993215799331665,
                    0.0368136391043663,
                    0.0010928664123639464
                ],
                [
                    -0.0015766043215990067,
                    0.013113714754581451,
                    0.9999127388000488
                ]
            ]
        ],
        [
            -0.02646881866455078,
            0.053825664520263675,
            0.262368896484375,
            0.005439509104085305,
            0.008874354151677588,
            1.5463515699137125,
            [
                [
                    0.024441365152597427,
                    -0.9996852874755859,
                    0.005654761102050543
                ],
                [
                    0.9996618628501892,
                    0.024490224197506905,
                    0.0087385019287467
                ],
                [
                    -0.008874237537384033,
                    0.005439268425107002,
                    0.9999458193778992
                ]
            ]
        ],
        [
            -0.027753028869628906,
            0.053904678344726564,
            0.26469525146484374,
            0.0019481501184392958,
            0.007722203921250559,
            1.5062661574186869,
            [
                [
                    0.06448349356651306,
                    -0.9979158043861389,
                    0.0024420577101409435
                ],
                [
                    0.9978889226913452,
                    0.06450030207633972,
                    0.007580413017421961
                ],
                [
                    -0.007722127251327038,
                    0.001948090735822916,
                    0.9999682903289795
                ]
            ]
        ],
        [
            -0.031619052886962894,
            0.05093112945556641,
            0.27345391845703126,
            0.018569750126590012,
            -0.0313499841974898,
            1.3222364409973797,
            [
                [
                    0.24588745832443237,
                    -0.9692437648773193,
                    0.010288259945809841
                ],
                [
                    0.9687914252281189,
                    0.2454017847776413,
                    -0.03494436293840408
                ],
                [
                    0.03134484961628914,
                    0.01855955831706524,
                    0.999336302280426
                ]
            ]
        ],
        [
            -0.03422309494018555,
            0.048764904022216796,
            0.29495538330078125,
            0.08031203850824109,
            -0.04526913165791635,
            1.1366755162086708,
            [
                [
                    0.4201820194721222,
                    -0.9058429598808289,
                    0.05381108075380325
                ],
                [
                    0.9063107371330261,
                    0.41596344113349915,
                    -0.07466759532690048
                ],
                [
                    0.04525367170572281,
                    0.08014354109764099,
                    0.9957555532455444
                ]
            ]
        ],
        [
            -0.04017683410644531,
            0.04235547637939453,
            0.3206445007324219,
            0.049768347289167014,
            -0.0750476842674801,
            0.9332580210241351,
            [
                [
                    0.5935437083244324,
                    -0.8047885894775391,
                    -0.004597121849656105
                ],
                [
                    0.8013015985488892,
                    0.5914848446846008,
                    -0.08978522568941116
                ],
                [
                    0.07497725635766983,
                    0.0496077761054039,
                    0.9959505200386047
                ]
            ]
        ],
        [
            -0.044155685424804685,
            0.03208380508422851,
            0.34112542724609374,
            0.08170344486876102,
            -0.1575243033555258,
            0.6965297552862237,
            [
                [
                    0.7575758099555969,
                    -0.6492401957511902,
                    -0.06757281720638275
                ],
                [
                    0.6336162686347961,
                    0.7563005089759827,
                    -0.16291087865829468
                ],
                [
                    0.1568736433982849,
                    0.08060210198163986,
                    0.9843240976333618
                ]
            ]
        ],
        [
            -0.04759870529174805,
            0.024208786010742188,
            0.3633696899414062,
            0.09885590899019925,
            -0.10620109745293815,
            0.6548590952700689,
            [
                [
                    0.788665235042572,
                    -0.6143715977668762,
                    -0.0235530287027359
                ],
                [
                    0.6056160926818848,
                    0.782889723777771,
                    -0.14252310991287231
                ],
                [
                    0.10600157827138901,
                    0.09813892841339111,
                    0.9895111918449402
                ]
            ]
        ],
        [
            -0.05349471664428711,
            0.011486059188842773,
            0.3800626525878906,
            0.06947363549698538,
            -0.12528022282671647,
            0.6001212642309287,
            [
                [
                    0.8187992572784424,
                    -0.5705385208129883,
                    -0.06366749107837677
                ],
                [
                    0.5603165030479431,
                    0.8183777928352356,
                    -0.1276841163635254
                ],
                [
                    0.1249527633190155,
                    0.06887371093034744,
                    0.9897692799568176
                ]
            ]
        ],
        [
            -0.0595226936340332,
            -0.0016177127361297608,
            0.3931295471191406,
            0.08005757516340878,
            -0.14149208472619423,
            0.5496882458997987,
            [
                [
                    0.8441662788391113,
                    -0.5303645133972168,
                    -0.07808209210634232
                ],
                [
                    0.5172007083892822,
                    0.8440646529197693,
                    -0.14162732660770416
                ],
                [
                    0.14102044701576233,
                    0.07917290180921555,
                    0.986835777759552
                ]
            ]
        ],
        [
            -0.06754602813720703,
            -0.014293304443359375,
            0.40311712646484377,
            0.04899436532905205,
            -0.1374757362868353,
            0.5444316691060345,
            [
                [
                    0.8473509550094604,
                    -0.5230517983436584,
                    -0.09172338992357254
                ],
                [
                    0.5130453705787659,
                    0.8509191274642944,
                    -0.11278792470693588
                ],
                [
                    0.13704310357570648,
                    0.048512689769268036,
                    0.989376425743103
                ]
            ]
        ],
        [
            -0.07607122802734376,
            -0.029779016494750978,
            0.4090785217285156,
            0.027127375237183615,
            -0.14886598008583318,
            0.561491046795759,
            [
                [
                    0.8371002078056335,
                    -0.5356582999229431,
                    -0.11105614900588989
                ],
                [
                    0.5265599489212036,
                    0.8440086841583252,
                    -0.10190151631832123
                ],
                [
                    0.14831675589084625,
                    0.02682405337691307,
                    0.9885760545730591
                ]
            ]
        ],
        [
            -0.08634278106689453,
            -0.04103860855102539,
            0.41402984619140626,
            0.008347850123569256,
            -0.1248641265948558,
            0.5228147254166238,
            [
                [
                    0.8596717715263367,
                    -0.5002042055130005,
                    -0.10373155772686005
                ],
                [
                    0.49543341994285583,
                    0.8658678531646729,
                    -0.06941584497690201
                ],
                [
                    0.12453991919755936,
                    0.008282764814794064,
                    0.9921800494194031
                ]
            ]
        ],
        [
            -0.09880288696289062,
            -0.0524438362121582,
            0.416071533203125,
            -0.06305275830697732,
            -0.11576733659496541,
            0.5259117486218821,
            [
                [
                    0.8590775728225708,
                    -0.49470940232276917,
                    -0.13133291900157928
                ],
                [
                    0.49864158034324646,
                    0.8668016791343689,
                    -0.0033743572421371937
                ],
                [
                    0.11550892144441605,
                    -0.06258922070264816,
                    0.9913325905799866
                ]
            ]
        ],
        [
            -0.10971869659423829,
            -0.06332231521606445,
            0.4177375183105469,
            -0.070954203494835,
            -0.08275024966026368,
            0.5198691615390048,
            [
                [
                    0.8649144172668457,
                    -0.49043095111846924,
                    -0.10677330940961838
                ],
                [
                    0.49506673216819763,
                    0.8686113953590393,
                    0.0205710306763649
                ],
                [
                    0.08265583962202072,
                    -0.07065209001302719,
                    0.9940705895423889
                ]
            ]
        ],
        [
            -0.12303169250488281,
            -0.06970478057861328,
            0.41831436157226565,
            -0.06873722966141069,
            -0.053002774163719124,
            0.49022278397653674,
            [
                [
                    0.8809890747070312,
                    -0.466500461101532,
                    -0.07896582037210464
                ],
                [
                    0.4701612591743469,
                    0.8818578124046326,
                    0.03570985421538353
                ],
                [
                    0.05297796055674553,
                    -0.06858666241168976,
                    0.9962375164031982
                ]
            ]
        ],
        [
            -0.1355200500488281,
            -0.0765146484375,
            0.4188271484375,
            -0.11248186043671199,
            -0.03679438609355201,
            0.4742473687498296,
            [
                [
                    0.8890345692634583,
                    -0.4501097798347473,
                    -0.08377817273139954
                ],
                [
                    0.4563599228858948,
                    0.8859003186225891,
                    0.08316420763731003
                ],
                [
                    0.03678608313202858,
                    -0.11216884851455688,
                    0.993008017539978
                ]
            ]
        ],
        [
            -0.14563395690917968,
            -0.08161869812011718,
            0.4175797729492188,
            -0.07815196610003988,
            -0.012631903874795514,
            0.47810062328565844,
            [
                [
                    0.8877995610237122,
                    -0.45781365036964417,
                    -0.047101590782403946
                ],
                [
                    0.4600569009780884,
                    0.8856140971183777,
                    0.06352423876523972
                ],
                [
                    0.012631568126380444,
                    -0.07806620746850967,
                    0.9968681335449219
                ]
            ]
        ],
        [
            -0.15695863342285157,
            -0.08368267822265625,
            0.4165964660644531,
            -0.05085481715039275,
            0.018403033608067165,
            0.45939871830187806,
            [
                [
                    0.896167516708374,
                    -0.4436744451522827,
                    -0.00606703944504261
                ],
                [
                    0.44333416223526,
                    0.8947457075119019,
                    0.05371157452464104
                ],
                [
                    -0.018401995301246643,
                    -0.05082429200410843,
                    0.998538076877594
                ]
            ]
        ],
        [
            -0.16424029541015625,
            -0.08527259826660157,
            0.41591983032226565,
            -0.09104659262432979,
            0.031901140751058765,
            0.47113627659862944,
            [
                [
                    0.8905997276306152,
                    -0.4546031057834625,
                    -0.01296581793576479
                ],
                [
                    0.45366811752319336,
                    0.8860461711883545,
                    0.09543278813362122
                ],
                [
                    -0.03189573064446449,
                    -0.09087459743022919,
                    0.9953514337539673
                ]
            ]
        ],
        [
            -0.17055418395996094,
            -0.08588104248046875,
            0.4144329833984375,
            -0.038425398324989035,
            0.06503397117467435,
            0.46945277089048854,
            [
                [
                    0.8899307250976562,
                    -0.45429086685180664,
                    0.040535371750593185
                ],
                [
                    0.4514419734477997,
                    0.8900282382965088,
                    0.06363877654075623
                ],
                [
                    -0.0649881362915039,
                    -0.03833473101258278,
                    0.9971494078636169
                ]
            ]
        ],
        [
            -0.17592155456542968,
            -0.08266310119628906,
            0.4133423156738281,
            -0.025347819394487575,
            0.07060743239771572,
            0.4668271758749869,
            [
                [
                    0.8907756805419922,
                    -0.4515073895454407,
                    0.05157317593693733
                ],
                [
                    0.44893383979797363,
                    0.891909122467041,
                    0.0543738454580307
                ],
                [
                    -0.07054878026247025,
                    -0.02528195269405842,
                    0.9971879124641418
                ]
            ]
        ],
        [
            -0.17824758911132813,
            -0.0811710662841797,
            0.4126961669921875,
            -0.04877557293041168,
            0.08103576336568574,
            0.4704594257593214,
            [
                [
                    0.8884350657463074,
                    -0.4562746584415436,
                    0.04996620863676071
                ],
                [
                    0.45180830359458923,
                    0.8885110020637512,
                    0.08010870963335037
                ],
                [
                    -0.08094710111618042,
                    -0.04859623685479164,
                    0.9955329895019531
                ]
            ]
        ],
        [
            -0.17818438720703125,
            -0.07876720428466796,
            0.4114349670410156,
            -0.0035235074542898925,
            0.09818037276557656,
            0.45076796818325215,
            [
                [
                    0.8957780003547668,
                    -0.43596509099006653,
                    0.08669591695070267
                ],
                [
                    0.4335588812828064,
                    0.8999567627906799,
                    0.04587555676698685
                ],
                [
                    -0.0980227142572403,
                    -0.0035065317060798407,
                    0.9951779842376709
                ]
            ]
        ],
        [
            -0.17799615478515626,
            -0.07060390472412109,
            0.41022930908203126,
            -0.011346629983350065,
            0.1118809954983111,
            0.4485271565298856,
            [
                [
                    0.8954530358314514,
                    -0.4347524344921112,
                    0.09567758440971375
                ],
                [
                    0.43092766404151917,
                    0.9004794359207153,
                    0.05863575637340546
                ],
                [
                    -0.11164773255586624,
                    -0.011275446973741055,
                    0.9936838746070862
                ]
            ]
        ],
        [
            -0.17467356872558593,
            -0.06772875213623047,
            0.41002511596679686,
            -0.028345925639247704,
            0.1185187877231233,
            0.4508818552520461,
            [
                [
                    0.8937491178512573,
                    -0.43860068917274475,
                    0.09403172880411148
                ],
                [
                    0.43270251154899597,
                    0.8982412815093994,
                    0.07701386511325836
                ],
                [
                    -0.11824151873588562,
                    -0.028143305331468582,
                    0.9925859570503235
                ]
            ]
        ],
        [
            -0.16920379638671876,
            -0.06265517044067383,
            0.4103260498046875,
            -0.00043019186760343,
            0.12658450798603438,
            0.4436896447644625,
            [
                [
                    0.8959475159645081,
                    -0.42932379245758057,
                    0.1138380691409111
                ],
                [
                    0.4258400797843933,
                    0.9031505584716797,
                    0.05458306521177292
                ],
                [
                    -0.12624672055244446,
                    -0.0004267500771675259,
                    0.9919987916946411
                ]
            ]
        ],
        [
            -0.16565959167480468,
            -0.05373812866210938,
            0.4101822204589844,
            -0.02168076764299709,
            0.12246440270686776,
            0.4332902134767739,
            [
                [
                    0.9007919430732727,
                    -0.42216411232948303,
                    0.10174154490232468
                ],
                [
                    0.41671472787857056,
                    0.9062640070915222,
                    0.07095301896333694
                ],
                [
                    -0.12215851992368698,
                    -0.0215167049318552,
                    0.9922773241996765
                ]
            ]
        ],
        [
            -0.15747616577148438,
            -0.04537918472290039,
            0.41221075439453125,
            -0.05311009159037067,
            0.1230951272132117,
            0.4507739844841842,
            [
                [
                    0.8932993412017822,
                    -0.44091498851776123,
                    0.08723655343055725
                ],
                [
                    0.4323658347129822,
                    0.8960013389587402,
                    0.10119961947202682
                ],
                [
                    -0.12278449535369873,
                    -0.052683450281620026,
                    0.9910340309143066
                ]
            ]
        ],
        [
            -0.14882749938964843,
            -0.03926408767700195,
            0.41385833740234373,
            -0.011399696952025945,
            0.11841884121139334,
            0.4175912042342156,
            [
                [
                    0.9076669812202454,
                    -0.40676450729370117,
                    0.10335995256900787
                ],
                [
                    0.40271955728530884,
                    0.9134629368782043,
                    0.05833052471280098
                ],
                [
                    -0.118142269551754,
                    -0.011319614946842194,
                    0.992932140827179
                ]
            ]
        ],
        [
            -0.14154139709472657,
            -0.028972347259521483,
            0.41597662353515624,
            -0.0146599526918334,
            0.1025891302209474,
            0.414741064270581,
            [
                [
                    0.9104087948799133,
                    -0.40428364276885986,
                    0.0878099575638771
                ],
                [
                    0.4008343815803528,
                    0.9145174026489258,
                    0.0546782985329628
                ],
                [
                    -0.10240927338600159,
                    -0.014582352712750435,
                    0.9946354627609253
                ]
            ]
        ],
        [
            -0.13127543640136718,
            -0.02064427947998047,
            0.4199837646484375,
            -0.04233664570161336,
            0.09352657719468338,
            0.43441100059777715,
            [
                [
                    0.9031535983085632,
                    -0.4240845739841461,
                    0.0668269470334053
                ],
                [
                    0.41903677582740784,
                    0.9046416878700256,
                    0.07766339182853699
                ],
                [
                    -0.09339028596878052,
                    -0.04213902726769447,
                    0.994737446308136
                ]
            ]
        ],
        [
            -0.12128565979003907,
            -0.014743387222290039,
            0.42323553466796876,
            0.009741124973563636,
            0.08634466604660829,
            0.3974737657452694,
            [
                [
                    0.9186068773269653,
                    -0.3862973749637604,
                    0.08328136801719666
                ],
                [
                    0.3856482207775116,
                    0.9223232269287109,
                    0.024398500099778175
                ],
                [
                    -0.08623741567134857,
                    0.009704682044684887,
                    0.9962273240089417
                ]
            ]
        ],
        [
            -0.11317861938476563,
            -0.00534284257888794,
            0.4270868530273437,
            0.007300775772526691,
            0.07468998157851625,
            0.3964494221766885,
            [
                [
                    0.9198660850524902,
                    -0.38563278317451477,
                    0.07165012508630753
                ],
                [
                    0.38506901264190674,
                    0.9226236343383789,
                    0.02207917906343937
                ],
                [
                    -0.0746205598115921,
                    0.007280356250703335,
                    0.9971854090690613
                ]
            ]
        ],
        [
            -0.103397216796875,
            0.0006719433665275574,
            0.431651611328125,
            -0.024670868457732226,
            0.03973269571639171,
            0.42200705816832484,
            [
                [
                    0.9115486741065979,
                    -0.41036152839660645,
                    0.026122359558939934
                ],
                [
                    0.40926897525787354,
                    0.9115897417068481,
                    0.03876914829015732
                ],
                [
                    -0.03972224146127701,
                    -0.024648897349834442,
                    0.998906672000885
                ]
            ]
        ],
        [
            -0.09385897064208984,
            0.004660877704620361,
            0.4352514953613281,
            0.02788619191965272,
            0.043402155374814955,
            0.39813650959126,
            [
                [
                    0.9209169745445251,
                    -0.3864353895187378,
                    0.05078946053981781
                ],
                [
                    0.3873361647129059,
                    0.9218957424163818,
                    -0.008886495605111122
                ],
                [
                    -0.04338853061199188,
                    0.02785632014274597,
                    0.9986698627471924
                ]
            ]
        ],
        [
            -0.08699829864501953,
            0.012001364707946778,
            0.438041748046875,
            0.023425053858473904,
            0.030009372222748354,
            0.38722513187695196,
            [
                [
                    0.9255435466766357,
                    -0.37686607241630554,
                    0.036620669066905975
                ],
                [
                    0.37745043635368347,
                    0.9259718060493469,
                    -0.010361346416175365
                ],
                [
                    -0.030004868283867836,
                    0.023412365466356277,
                    0.9992755055427551
                ]
            ]
        ],
        [
            -0.07820893096923828,
            0.016033884048461913,
            0.4415133972167969,
            -0.007326468347187115,
            0.020907119922276785,
            0.4158219303699838,
            [
                [
                    0.9145846962928772,
                    -0.40407121181488037,
                    0.016164163127541542
                ],
                [
                    0.4038536846637726,
                    0.9146981835365295,
                    0.015146501362323761
                ],
                [
                    -0.020905597135424614,
                    -0.007324801757931709,
                    0.9997546076774597
                ]
            ]
        ],
        [
            -0.06964710235595703,
            0.017910346984863282,
            0.4437084045410156,
            0.03837564550244607,
            0.030266010470117566,
            0.37692277652460904,
            [
                [
                    0.9293758273124695,
                    -0.36671051383018494,
                    0.04223748669028282
                ],
                [
                    0.36789244413375854,
                    0.9295443892478943,
                    -0.024543143808841705
                ],
                [
                    -0.030261389911174774,
                    0.03834865614771843,
                    0.9988061189651489
                ]
            ]
        ],
        [
            -0.06448441314697266,
            0.02241343307495117,
            0.44479220581054685,
            0.017527500847111244,
            0.028350984937756785,
            0.34115073797333545,
            [
                [
                    0.9419915676116943,
                    -0.3340521454811096,
                    0.03257334977388382
                ],
                [
                    0.3344372808933258,
                    0.9423917531967163,
                    -0.007033839821815491
                ],
                [
                    -0.028347186744213104,
                    0.01751955971121788,
                    0.9994446039199829
                ]
            ]
        ],
        [
            -0.055248695373535155,
            0.024444103240966797,
            0.4457126159667969,
            0.00023973835282042888,
            0.031040253309845722,
            0.39364569997959653,
            [
                [
                    0.9230719804763794,
                    -0.3835509419441223,
                    0.028753546997904778
                ],
                [
                    0.38337305188179016,
                    0.9235196709632874,
                    0.011682417243719101
                ],
                [
                    -0.031035268679261208,
                    0.00023962273553479463,
                    0.9995182752609253
                ]
            ]
        ],
        [
            -0.047615001678466794,
            0.027187498092651367,
            0.44623388671875,
            0.02410013545743614,
            0.04420766493669803,
            0.3602122871564214,
            [
                [
                    0.9349077343940735,
                    -0.35137394070625305,
                    0.0498388446867466
                ],
                [
                    0.3521285355091095,
                    0.9359256625175476,
                    -0.0069788494147360325
                ],
                [
                    -0.044193267822265625,
                    0.024074258282780647,
                    0.99873286485672
                ]
            ]
        ],
        [
            -0.04102555084228516,
            0.030058597564697264,
            0.44552499389648437,
            0.0039223320154610775,
            0.05739269547430159,
            0.3614324383847166,
            [
                [
                    0.9338511228561401,
                    -0.3534013032913208,
                    0.055041734129190445
                ],
                [
                    0.35303226113319397,
                    0.9354636073112488,
                    0.01661468669772148
                ],
                [
                    -0.057361193001270294,
                    0.003915863577276468,
                    0.9983457922935486
                ]
            ]
        ],
        [
            -0.030762311935424804,
            0.03143178367614746,
            0.44556781005859375,
            -0.017324324347041148,
            0.062232888184439616,
            0.3835043319942818,
            [
                [
                    0.9255638718605042,
                    -0.3751155138015747,
                    0.05118437483906746
                ],
                [
                    0.3734481930732727,
                    0.9268168210983276,
                    0.03933238238096237
                ],
                [
                    -0.06219272315502167,
                    -0.01728992350399494,
                    0.9979143738746643
                ]
            ]
        ],
        [
            -0.021407381057739257,
            0.033881996154785154,
            0.4455315856933594,
            0.022710618512165243,
            0.07925332058081858,
            0.3675875157022014,
            [
                [
                    0.9302678108215332,
                    -0.35759472846984863,
                    0.08202321082353592
                ],
                [
                    0.3582371473312378,
                    0.9336024522781372,
                    0.00725207943469286
                ],
                [
                    -0.07917038351297379,
                    0.02263738587498665,
                    0.9966040253639221
                ]
            ]
        ],
        [
            -0.013463618278503418,
            0.03708166122436524,
            0.44402987670898436,
            -0.013152609615399935,
            0.08505566217621485,
            0.3412511669334547,
            [
                [
                    0.938930094242096,
                    -0.33569031953811646,
                    0.07564593106508255
                ],
                [
                    0.33345654606819153,
                    0.9418812394142151,
                    0.04082233086228371
                ],
                [
                    -0.08495314419269562,
                    -0.01310468465089798,
                    0.9962987899780273
                ]
            ]
        ],
        [
            -0.0012647278308868409,
            0.03836130142211914,
            0.44307666015625,
            -0.0076382668926491815,
            0.08591101872139895,
            0.3664731831010074,
            [
                [
                    0.9301537275314331,
                    -0.3589264750480652,
                    0.0773683413863182
                ],
                [
                    0.35700350999832153,
                    0.9333348274230957,
                    0.03787631168961525
                ],
                [
                    -0.08580537885427475,
                    -0.007610022556036711,
                    0.9962828755378723
                ]
            ]
        ],
        [
            0.010895358085632325,
            0.041778759002685545,
            0.4426573181152344,
            0.03326903036195164,
            0.10114052132445228,
            0.3477159393200062,
            [
                [
                    0.9353489279747009,
                    -0.337405264377594,
                    0.10620742291212082
                ],
                [
                    0.33900997042655945,
                    0.940777599811554,
                    0.0031137773767113686
                ],
                [
                    -0.10096817463636398,
                    0.033092908561229706,
                    0.994339108467102
                ]
            ]
        ],
        [
            0.020925464630126952,
            0.04493574142456055,
            0.4417135009765625,
            -0.008362683170796553,
            0.11070152665806976,
            0.32814439294296005,
            [
                [
                    0.9408474564552307,
                    -0.32315027713775635,
                    0.10188199579715729
                ],
                [
                    0.3203142285346985,
                    0.9463111758232117,
                    0.043519966304302216
                ],
                [
                    -0.1104755625128746,
                    -0.008311396464705467,
                    0.9938440918922424
                ]
            ]
        ],
        [
            0.03606843948364258,
            0.04640768051147461,
            0.44126263427734375,
            -0.007745276885130825,
            0.09294971808698205,
            0.3618207712087092,
            [
                [
                    0.9312166571617126,
                    -0.3546394109725952,
                    0.08406222611665726
                ],
                [
                    0.3524496853351593,
                    0.9349713325500488,
                    0.04009751230478287
                ],
                [
                    -0.09281593561172485,
                    -0.007711766287684441,
                    0.9956533908843994
                ]
            ]
        ],
        [
            0.04983060073852539,
            0.04965628051757812,
            0.44196185302734375,
            0.044806389503245975,
            0.09517907512645873,
            0.331290332692885,
            [
                [
