{"amplitude": 0.08209780727704023, "frequency": 0.015045729600732975, "seed": 1762493818, "time_interval": 0.05, "pid_gains": {"pid_rate": {"roll_kp": "50.0", "roll_ki": "0.0", "roll_kd": "0.0", "pitch_kp": "50.0", "pitch_ki": "0.0", "pitch_kd": "0.0", "yaw_kp": "80.0", "yaw_ki": "0.0", "yaw_kd": "0.0"}, "pid_attitude": {"roll_kp": "8.0", "roll_ki": "0.0", "roll_kd": "0.20000000298023224", "pitch_kp": "8.0", "pitch_ki": "0.0", "pitch_kd": "1.0", "yaw_kp": "10.0", "yaw_ki": "0.0", "yaw_kd": "0.3499999940395355"}, "velCtlPid": {"vxKp": "15.0", "vxKi": "1.0", "vxKd": "0.0", "vyKp": "10.0", "vyKi": "1.0", "vyKd": "0.0", "vzKp": "12.5", "vzKi": "0.5", "vzKd": "0.0"}, "posCtlPid": {"xKp": "1.5", "xKi": "0.0", "xKd": "0.0", "yKp": "1.5", "yKi": "0.0", "yKd": "0.0", "zKp": "5.0", "zKi": "0.5", "zKd": "0.0"}}, "mocap_pose": [[-0.022223194122314452, 0.0018314193487167358, 0.25824862670898435, 0.010088191962263404, 0.06366500335170588, 1.07882645966468, [[0.47140607237815857, -0.8810560703277588, 0.03894277662038803], [0.8796184062957764, 0.4729047119617462, 0.051308631896972656], [-0.06362200528383255, 0.010067583061754704, 0.9979233145713806]]], [-0.02223026657104492, 0.0018150202035903931, 0.2582283935546875, 0.010857046249526658, 0.06320028579353254, 1.0786656948201072, [[0.47156140208244324, -0.8809521794319153, 0.03940923139452934], [0.8795685768127441, 0.47308120131492615, 0.050529930740594864], [-0.06315822154283524, 0.010835157707333565, 0.997944712638855]]], [-0.022280071258544924, 0.001742418646812439, 0.2582697448730469, 0.011596104828643594, 0.06302116078548115, 1.0735219834524439, [[0.47608476877212524, -0.8784785866737366, 0.04023260623216629], [0.8771412968635559, 0.4776415228843689, 0.04981645569205284], [-0.06297945231199265, 0.011572826653718948, 0.9979477524757385]]], [-0.022225044250488282, 0.0009230652451515198, 0.258273681640625, 0.0176028328943999, 0.05903276189182338, 1.218952379377774, [[0.3440290689468384, -0.9382355213165283, 0.03685307130217552], [0.9371036291122437, 0.34555086493492126, 0.049309443682432175], [-0.058998480439186096, 0.017571261152625084, 0.9981034398078918]]], [-0.022622413635253906, 0.002339865207672119, 0.2582041625976563, 0.013853611009300715, 0.06670497489040694, 1.271945987375528, [[0.29376688599586487, -0.9553120136260986, 0.03286208212375641], [0.9535502195358276, 0.29527589678764343, 0.059616267681121826], [-0.06665551662445068, 0.013822360895574093, 0.9976803064346313]]], [-0.024347585678100588, 0.0033345205783843995, 0.2635845947265625, 0.021619212275588606, 0.03442368950712882, 1.3028520589933517, [[0.2645927667617798, -0.9638948440551758, 0.02995588257908821], [0.9637458920478821, 0.26540520787239075, 0.027457810938358307], [-0.034416891634464264, 0.021604720503091812, 0.9991739988327026]]], [-0.02417221450805664, 0.0012886102199554444, 0.2728370361328125, 0.0467975243231844, 0.05298571716327194, 1.1482518183491817, [[0.40950697660446167, -0.9100339412689209, 0.0643606036901474], [0.910768449306488, 0.41189315915107727, 0.029066208750009537], [-0.05296092852950096, 0.046714793890714645, 0.9975033402442932]]], [-0.024590675354003905, 0.0018749099969863892, 0.29287185668945315, 0.10094271200954635, 0.005274401766832915, 0.9593971815502595, [[0.5740057229995728, -0.8143723607063293, 0.08552835881710052], [0.8188343048095703, 0.5715270042419434, -0.05354723334312439], [-0.005274378228932619, 0.10076997429132462, 0.9948957562446594]]], [-0.026772077560424806, 0.0011048548221588134, 0.3174528503417969, 0.05314627523295057, -0.02824693298015224, 0.838228486970332, [[0.6685141324996948, -0.7434132099151611, 0.02063167840242386], [0.7431629300117493, 0.6667212247848511, -0.05649449676275253], [0.028243176639080048, 0.053100068122148514, 0.9981896877288818]]], [-0.030314189910888672, -0.004668578624725341, 0.34365451049804685, 0.05570707138701403, -0.07594089992066233, 0.605846910119715, [[0.8196509480476379, -0.5720474720001221, -0.030561763793230057], [0.567817211151123, 0.818339467048645, -0.08890526741743088], [0.07586792856454849, 0.05551779270172119, 0.9955711364746094]]], [-0.03155556678771973, -0.006279915332794189, 0.35690380859375, 0.05577425135879621, -0.11523124865845169, 0.5473780575612103, [[0.8482292294502258, -0.5251138210296631, -0.0690121054649353], [0.5169986486434937, 0.8492285013198853, -0.10734694451093674], [0.11497640609741211, 0.05537564679980278, 0.9918235540390015]]], [-0.03409427642822266, -0.010689444541931152, 0.36862649536132813, 0.020915282826808712, -0.13765612115837245, 0.5184251679676959, [[0.860383927822113, -0.497897207736969, -0.10880182683467865], [0.49082547426223755, 0.8669885993003845, -0.08614598959684372], [0.1372217833995819, 0.020715922117233276, 0.9903237223625183]]], [-0.03948125839233398, -0.02169408416748047, 0.38015313720703126, 0.03529827320511689, -0.20238369913875043, 0.46443287670406497, [[0.8758278489112854, -0.4539790749549866, -0.16379432380199432], [0.4387739598751068, 0.8903414607048035, -0.12152998894453049], [0.20100495219230652, 0.034570664167404175, 0.9789800047874451]]], [-0.04617914581298828, -0.027364288330078125, 0.38582998657226564, 0.046295496032537936, -0.18277776057614115, 0.45581147727178406, [[0.8829473853111267, -0.447272390127182, -0.14265818893909454], [0.4328586459159851, 0.8932392597198486, -0.12147825211286545], [0.1817617565393448, 0.04550807178020477, 0.9822890162467957]]], [-0.05519744873046875, -0.03256533432006836, 0.389177001953125, 0.013556956582354784, -0.1946179520442035, 0.4559143345873408, [[0.880908727645874, -0.4425969123840332, -0.16765378415584564], [0.43197160959243774, 0.8966220021247864, -0.09731120616197586], [0.19339171051979065, 0.013300614431500435, 0.9810314774513245]]], [-0.06695393371582031, -0.0379683837890625, 0.39244732666015625, -0.020284960178932304, -0.19201159607397944, 0.4327041775325152, [[0.8911512494087219, -0.4157269597053528, -0.18171553313732147], [0.4116210341453552, 0.9092714786529541, -0.061591263860464096], [0.1908339112997055, -0.01991080492734909, 0.9814203977584839]]], [-0.07373905944824219, -0.04219536590576172, 0.39369448852539063, -0.02933317694442847, -0.16792950744132873, 0.4188352927320844, [[0.9007120728492737, -0.4020433723926544, -0.16455648839473724], [0.40097567439079285, 0.9151639342308044, -0.0411527194082737], [0.16714134812355042, -0.02891639806330204, 0.9855087995529175]]], [-0.09959401702880859, -0.050876300811767576, 0.39649761962890623, -0.05383484645836442, -0.15020857376032026, 0.40658661715099176, [[0.9081339240074158, -0.387507826089859, -0.15852577984333038], [0.3910234272480011, 0.9203299283981323, -0.00967295654118061], [0.14964435994625092, -0.053202953189611435, 0.9873074293136597]]], [-0.11672873687744141, -0.05554730987548828, 0.3984137268066406, -0.05137220846952256, -0.12047698572769772, 0.40451446915299516, [[0.912630021572113, -0.38737982511520386, -0.13055002689361572], [0.39071962237358093, 0.9205097556114197, -3.402634320082143e-05], [0.1201857477426529, -0.05097740516066551, 0.9914417266845703]]], [-0.13573031616210937, -0.05898152160644531, 0.40157354736328127, -0.053551181370005335, -0.08922333835597174, 0.3792522215869103, [[0.9252466559410095, -0.3652647137641907, -0.102471262216568], [0.36875325441360474, 0.9293758273124695, 0.016780462116003036], [0.08910500258207321, -0.05331267789006233, 0.994594395160675]]], [-0.15688803100585938, -0.057730403900146485, 0.40497314453125, -0.07410835449965636, -0.0664104272911139, 0.36102637782612296, [[0.9334725141525269, -0.3476683795452118, -0.08806688338518143], [0.3524559736251831, 0.9347025156021118, 0.04589061439037323], [0.06636162102222443, -0.07387732714414597, 0.9950569272041321]]], [-0.179224853515625, -0.052375797271728516, 0.4062854919433594, -0.08477378279074368, -0.030328102728993, 0.3929672106720443, [[0.923352062702179, -0.37918412685394287, -0.06033516302704811], [0.3827550411224365, 0.9214426875114441, 0.0666482001543045], [0.03032345324754715, -0.08463334292173386, 0.9959506392478943]]], [-0.19971759033203124, -0.047637557983398436, 0.40859222412109375, -0.05969912806952035, 0.008422992223336534, 0.3503828757797237, [[0.9392080307006836, -0.34311795234680176, -0.012582964263856411], [0.343245267868042, 0.9373956322669983, 0.058924660086631775], [-0.008422892540693283, -0.05966155603528023, 0.9981831312179565]]], [-0.21227847290039062, -0.04254916763305664, 0.41015032958984377, -0.03734527052851122, 0.043308857512207144, 0.36898473693082035, [[0.9318194389343262, -0.3619249165058136, 0.026886990293860435], [0.3603304922580719, 0.9314606785774231, 0.05042799189686775], [-0.04329532012343407, -0.03730158135294914, 0.9983657002449036]]], [-0.22477883911132812, -0.030973445892333983, 0.4093445129394531, -0.026402434889497062, 0.07173252725181278, 0.35741582446388065, [[0.934394896030426, -0.3515051007270813, 0.05788236856460571], [0.34895482659339905, 0.9358155727386475, 0.049796730279922485], [-0.0716710239648819, -0.026331475004553795, 0.9970806837081909]]], [-0.2389609375, -0.01833755302429199, 0.4076827392578125, -0.0021974546959904473, 0.12872636307803398, 0.32206012047009336, [[0.9407369494438171, -0.3167882561683655, 0.12107515335083008], [0.3139025866985321, 0.9484937787055969, 0.04271659255027771], [-0.12837114930152893, -0.002179271774366498, 0.9917237758636475]]], [-0.24220680236816405, -0.011595829010009766, 0.408061279296875, 0.022442495252416816, 0.16076836716373744, 0.31344145617006225, [[0.9390109777450562, -0.3048394024372101, 0.15915833413600922], [0.3043581247329712, 0.9521461129188538, 0.027997439727187157], [-0.16007670760154724, 0.02215122990310192, 0.9868559837341309]]], [-0.2477376708984375, 0.006031466484069824, 0.4051487731933594, 0.005052461289244969, 0.1851258138927676, 0.3278420726177946, [[0.9305625557899475, -0.32111620903015137, 0.17589117586612701], [0.3164987862110138, 0.947026789188385, 0.05448664724826813], [-0.18407019972801208, 0.004966108128428459, 0.9829005599021912]]], [-0.24871760559082032, 0.01713852882385254, 0.40287496948242185, 0.006584220584750444, 0.20821706242093385, 0.310530941623155, [[0.9316055178642273, -0.3042616546154022, 0.19883650541305542], [0.29896435141563416, 0.9525667428970337, 0.05689432471990585], [-0.20671580731868744, 0.006441962905228138, 0.9783798456192017]]], [-0.2441298828125, 0.03700587844848633, 0.3981290588378906, 0.0006329458199725857, 0.19777633124563843, 0.3200191624696618, [[0.9307250380516052, -0.3144666254520416, 0.18671268224716187], [0.30845221877098083, 0.9492683410644531, 0.06121177598834038], [-0.19648949801921844, 0.0006206068210303783, 0.9805057048797607]]], [-0.2412141876220703, 0.04615386581420899, 0.39590130615234376, 0.04208547342035315, 0.20409582677856108, 0.34532902245845765, [[0.9214341044425964, -0.3301825523376465, 0.20478945970535278], [0.331480473279953, 0.9430175423622131, 0.02895909547805786], [-0.20268183946609497, 0.041199810802936554, 0.9783775806427002]]], [-0.2352320556640625, 0.06049238204956055, 0.39419552612304687, 0.018060723711887744, 0.18560591134896853, 0.2965152552536916, [[0.9399346113204956, -0.28895431756973267, 0.18173682689666748], [0.2871708571910858, 0.9571783542633057, 0.03664080426096916], [-0.18454207479953766, 0.01774955913424492, 0.9826643466949463]]], [-0.2234261474609375, 0.073650146484375, 0.39316256713867187, 0.028772438806964784, 0.17885679129031207, 0.30987033615157566, [[0.9371805787086487, -0.29993465542793274, 0.17813405394554138], [0.30007073283195496, 0.9535396099090576, 0.02682863175868988], [-0.17790472507476807, 0.028309546411037445, 0.9836404323577881]]], [-0.213613037109375, 0.08533976745605469, 0.3951387939453125, 0.09309369309492828, 0.19115639127925088, 0.31627320470013487, [[0.9330897927284241, -0.29289427399635315, 0.20870178937911987], [0.30536147952079773, 0.9517790675163269, -0.029511161148548126], [-0.18999435007572174, 0.09126605093479156, 0.9775339961051941]]], [-0.20373117065429688, 0.09855270385742188, 0.39827279663085935, 0.062496283906913475, 0.14545845522843637, 0.3026716902010731, [[0.9444631338119507, -0.2888484001159668, 0.15670345723628998], [0.2949237525463104, 0.9553783535957336, -0.016496652737259865], [-0.14494605362415314, 0.061796050518751144, 0.9875079393386841]]], [-0.186140380859375, 0.10995655059814453, 0.40410211181640626, 0.06633431375779725, 0.10254523588537467, 0.3418367275367182, [[0.937191367149353, -0.32808807492256165, 0.1184508427977562], [0.33345717191696167, 0.9423430562019348, -0.028211086988449097], [-0.10236561298370361, 0.06593746691942215, 0.9925590753555298]]], [-0.17758169555664063, 0.11182120513916016, 0.40753549194335936, 0.1375998448570805, 0.08607716519706621, 0.31111699905424045, [[0.9484676122665405, -0.2920025885105133, 0.12305963039398193], [0.304988831281662, 0.9466039538383484, -0.10451215505599976], [-0.0859709084033966, 0.1366582065820694, 0.9868807196617126]]], [-0.16774507141113282, 0.11708553314208985, 0.41281503295898436, 0.101310792979114, 0.0596338558647207, 0.30530393761869895, [[0.9520602822303772, -0.29329290986061096, 0.08695120364427567], [0.3000487685203552, 0.9506770372390747, -0.07863808423280716], [-0.059598516672849655, 0.10095779597759247, 0.9931039810180664]]], [-0.15293392944335937, 0.11941175842285157, 0.4204434509277344, 0.12566588096937548, 0.05055797810575524, 0.30887138435317657, [[0.9514599442481995, -0.2955522835254669, 0.08586517721414566], [0.3035951852798462, 0.9470902681350708, -0.10416306555271149], [-0.05053643882274628, 0.12517523765563965, 0.9908466935157776]]], [-0.1451683349609375, 0.1168972396850586, 0.4230328063964844, 0.14336264153586928, 0.03717624211936332, 0.31269986181461784, [[0.9508490562438965, -0.2994200587272644, 0.07895402610301971], [0.3074161410331726, 0.9433786869049072, -0.12462714314460754], [-0.03716767951846123, 0.1427733451128006, 0.9890573024749756]]], [-0.1364358673095703, 0.11251161956787109, 0.4289928283691406, 0.1561846241893176, -0.0012013017537151338, 0.2865363635401138, [[0.9592278599739075, -0.2793705463409424, 0.04282515123486519], [0.2826313078403473, 0.9474999904632568, -0.14954379200935364], [0.001201301347464323, 0.1555503010749817, 0.9878272414207458]]], [-0.13086576843261719, 0.10935698699951171, 0.43146743774414065, 0.09793857968232345, 0.0038909338166908114, 0.2842925008834925, [[0.9598530530929565, -0.2787691354751587, 0.03114261105656624], [0.28047630190849304, 0.9553672671318054, -0.09277105331420898], [-0.003890923922881484, 0.09778134524822235, 0.9952003359794617]]], [-0.12500479888916016, 0.10387448120117188, 0.433107421875, 0.11707469509404221, 0.02130379295853979, 0.27237699117663816, [[0.9629155993461609, -0.26478347182273865, 0.05180012807250023], [0.26896050572395325, 0.9572104811668396, -0.10680971294641495], [-0.021302182227373123, 0.11678092181682587, 0.992929220199585]]], [-0.1198875274658203, 0.09552738952636719, 0.4362190246582031, 0.1228441054490841, 0.01319119775099864, 0.29209730074267926, [[0.9575586915016174, -0.2842434048652649, 0.04782233387231827], [0.287936270236969, 0.950890839099884, -0.11357520520687103], [-0.013190814293920994, 0.12252470850944519, 0.9923778176307678]]], [-0.11691969299316406, 0.09077447509765625, 0.43712844848632815, 0.06381354130909943, 0.009431651850818179, 0.2747333336329854, [[0.9624547362327576, -0.27015921473503113, 0.026359576731920242], [0.2712782025337219, 0.9607017040252686, -0.058825232088565826], [-0.009431512095034122, 0.06376740336418152, 0.9979202151298523]]], [-0.1118787841796875, 0.08575323486328125, 0.43903179931640623, 0.0931939338376017, 0.03879097187249081, 0.2742205875675954, [[0.9619123935699463, -0.26614752411842346, 0.06237034127116203], [0.2705930173397064, 0.9594365954399109, -0.07912582159042358], [-0.038781244307756424, 0.09298908710479736, 0.9949115514755249]]], [-0.10939926910400391, 0.08208626556396484, 0.44046224975585935, 0.048862647830382064, 0.04483092681727907, 0.28354028376765006, [[0.9591064453125, -0.27732086181640625, 0.05663929879665375], [0.27947524189949036, 0.9595375061035156, -0.03437037765979767], [-0.04481591284275055, 0.048794131726026535, 0.9978029131889343]]], [-0.10447496795654297, 0.07318775177001953, 0.4406164245605469, 0.04261731234449917, 0.057477851091352505, 0.29434517534942445, [[0.955411970615387, -0.2875076234340668, 0.06728576868772507], [0.28963416814804077, 0.9568334221839905, -0.024121321737766266], [-0.057446207851171494, 0.042534057050943375, 0.9974421262741089]]], [-0.09924416351318359, 0.07006704711914062, 0.4411653137207031, 0.06539232545504281, 0.07193631873074668, 0.3018082615030551, [[0.9523311257362366, -0.2921275198459625, 0.08790277689695358], [0.2964784502983093, 0.9541559219360352, -0.04107337072491646], [-0.07187429070472717, 0.06517672538757324, 0.9952819347381592]]], [-0.09542214965820313, 0.06910347747802735, 0.44217141723632813, 0.028087746220967907, 0.08560912429789513, 0.3018136450774991, [[0.9513022899627686, -0.29484233260154724, 0.08995554596185684], [0.29616376757621765, 0.9551361203193665, -0.0014082079287618399], [-0.08550459146499634, 0.02798120304942131, 0.9959447979927063]]], [-0.08860353088378906, 0.06326714706420898, 0.44129745483398436, 0.01979488473486038, 0.0956854999859329, 0.2814095281018951, [[0.9562705159187317, -0.2758389115333557, 0.09726040065288544], [0.2764396667480469, 0.9610019326210022, 0.007512082811444998], [-0.09553955495357513, 0.019703049212694168, 0.9952306151390076]]], [-0.08252877807617187, 0.06441151428222656, 0.44064300537109374, 0.031120310574128757, 0.09554295183819761, 0.29445188312521864, [[0.95259690284729, -0.28723427653312683, 0.10027780383825302], [0.2888917624950409, 0.9573594331741333, -0.00210366677492857], [-0.09539765864610672, 0.03097337856888771, 0.9949572682380676]]], [-0.07516039276123047, 0.06510528564453125, 0.4425218200683594, 0.018333328695151224, 0.10852573899704598, 0.2984070191456367, [[0.9501829147338867, -0.29205071926116943, 0.10889831930398941], [0.2922683656215668, 0.9562291502952576, 0.01431627944111824], [-0.10831283032894135, 0.018224449828267097, 0.9939497709274292]]], [-0.0670474624633789, 0.06644676208496093, 0.4430227355957031, 0.007275818891276847, 0.10134976282937802, 0.29582368437235007, [[0.9516537189483643, -0.29081597924232483, 0.09890000522136688], [0.29003188014030457, 0.9567516446113586, 0.022535229101777077], [-0.10117634385824203, 0.007238419260829687, 0.9948421716690063]]], [-0.05806543731689453, 0.0699023666381836, 0.4442485961914063, -0.0070516616401850585, 0.11835082341264269, 0.2600820743663532, [[0.9596088528633118, -0.2579580843448639, 0.11228751391172409], [0.2553609609603882, 0.9661307334899902, 0.03717777505517006], [-0.11807473003864288, -0.0070022763684391975, 0.9929800033569336]]], [-0.04771152114868164, 0.07760486602783204, 0.4478971252441406, -0.023356882670256915, 0.11073519195780968, 0.2556770132649551, [[0.9615665078163147, -0.255328506231308, 0.10098103433847427], [0.2513514757156372, 0.9665756821632385, 0.05053570866584778], [-0.11050901561975479, -0.023211713880300522, 0.9936040043830872]]], [-0.041661270141601564, 0.08101316833496094, 0.450087646484375, 0.013218603272129023, 0.11439711783594197, 0.25391857126523026, [[0.96160888671875, -0.2497164011001587, 0.11379842460155487], [0.24955691397190094, 0.9682299494743347, 0.01587689481675625], [-0.11414776742458344, 0.013131821528077126, 0.9933769702911377]]], [-0.03085298538208008, 0.08613848114013672, 0.45175173950195313, 0.016094182617882966, 0.11605784465694757, 0.2510344305564186, [[0.9621396660804749, -0.24656875431537628, 0.1161511167883873], [0.24673503637313843, 0.9689934849739075, 0.013172022067010403], [-0.1157974824309349, 0.01598522439599037, 0.9931442141532898]]], [-0.02251712417602539, 0.09241502380371094, 0.45429766845703123, 0.023978627006299033, 0.07621664516762694, 0.2618108316163693, [[0.9631187319755554, -0.25699228048324585, 0.07973279803991318], [0.2580786943435669, 0.9661177396774292, -0.0034568815026432276], [-0.07614287734031677, 0.023906724527478218, 0.996810257434845]]], [-0.012383553504943847, 0.095406005859375, 0.45520758056640626, 0.10139803197537536, 0.08521406174159218, 0.2636395031300105, [[0.9619447588920593, -0.25093987584114075, 0.10812681913375854], [0.25965043902397156, 0.9627341628074646, -0.07566119730472565], [-0.08511096984148026, 0.10085707157850266, 0.9912537336349487]]], [-0.00045765706896781923, 0.1024752197265625, 0.4563689880371094, 0.09552394660723529, 0.08072200616460945, 0.2825946222937476, [[0.9572080969810486, -0.2701912820339203, 0.10367919504642487], [0.2779403030872345, 0.9581016302108765, -0.06921330839395523], [-0.08063437044620514, 0.09506816416978836, 0.9921996593475342]]], [0.008724923133850098, 0.10378882598876953, 0.4575469970703125, 0.09780467020456475, 0.08090352104633092, 0.26630314088402224, [[0.9615947604179382, -0.2542956471443176, 0.10329189151525497], [0.2623059153556824, 0.9622165560722351, -0.07304047793149948], [-0.08081529289484024, 0.09732941538095474, 0.991965651512146]]], [0.01828449058532715, 0.10470797729492187, 0.4586288757324219, 0.13341809005000813, 0.05696218776280371, 0.28669462991402217, [[0.9576281309127808, -0.2730061709880829, 0.09173894673585892], [0.2823246717453003, 0.9528011083602905, -0.11163697391748428], [-0.05693139135837555, 0.13280688226222992, 0.9895055294036865]]], [0.02967111587524414, 0.10920299530029297, 0.4599957275390625, 0.11202642884551847, 0.07052181319202, 0.3066647452322385, [[0.9509760737419128, -0.29247862100601196, 0.10050278902053833], [0.3011302947998047, 0.9497477412223816, -0.08543847501277924], [-0.07046337425708771, 0.1115143820643425, 0.9912615418434143]]], [0.0375872802734375, 0.10741748809814453, 0.46298178100585935, 0.09171294933771884, 0.06414951430346783, 0.2423406690777265, [[0.9687821865081787, -0.23326750099658966, 0.0839487761259079], [0.23948195576667786, 0.9681079387664795, -0.07358913123607635], [-0.06410552561283112, 0.09139605611562729, 0.9937490820884705]]], [0.04735110473632813, 0.10576382446289062, 0.464191650390625, 0.13028904556035414, 0.05091991525597539, 0.2800618370978237, [[0.9597927331924438, -0.26771724224090576, 0.08441231399774551], [0.27605679631233215, 0.9547207951545715, -0.110909104347229], [-0.05089791491627693, 0.12975235283374786, 0.9902392029762268]]], [0.06193882369995117, 0.0992357177734375, 0.46726422119140626, 0.17020222831338386, 0.0638391782769201, 0.30621024819839016, [[0.9515405297279358, -0.2867884039878845, 0.11100893467664719], [0.3008332848548889, 0.9429628849029541, -0.1425492912530899], [-0.06379582732915878, 0.1690366268157959, 0.9835429191589355]]], [0.07058737945556641, 0.09294830322265625, 0.4690375671386719, 0.12502313363884077, 0.05868942322365234, 0.24711439147797426, [[0.9679528474807739, -0.23560577630996704, 0.08693192899227142], [0.24418587982654572, 0.9638432860374451, -0.10667403787374496], [-0.05865573510527611, 0.12448298931121826, 0.9904865026473999]]], [0.07870337677001953, 0.08385964202880859, 0.46851019287109374, 0.16074450403060306, 0.05971035193317298, 0.24819447223485616, [[0.9676300287246704, -0.23322880268096924, 0.09641828387975693], [0.24521636962890625, 0.9592072367668152, -0.14067833125591278], [-0.05967487767338753, 0.15976792573928833, 0.9853492379188538]]], [0.09394284057617187, 0.0736971664428711, 0.4697174072265625, 0.16699563849280324, 0.05998356431874696, 0.2610764493570073, [[0.9643751382827759, -0.24490299820899963, 0.10001540184020996], [0.257656455039978, 0.955244779586792, -0.1453293114900589], [-0.05994759872555733, 0.16592159867286682, 0.9843151569366455]]], [0.09920242309570312, 0.06518892669677734, 0.469580322265625, 0.14073942912348664, 0.05825112471045735, 0.2266357773241276, [[0.9727751016616821, -0.2145211547613144, 0.08768845349550247], [0.2243194878101349, 0.9666282534599304, -0.12373581528663635], [-0.05821818485856056, 0.14003734290599823, 0.9884331822395325]]], [0.10969057464599609, 0.0514135627746582, 0.47059912109375, 0.12559502287853097, 0.046840160815252885, 0.24431594356924258, [[0.969238817691803, -0.23429621756076813, 0.07537537813186646], [0.24162733554840088, 0.9640790224075317, -0.11030816286802292], [-0.046823035925626755, 0.12512770295143127, 0.9910351634025574]]], [0.1236001968383789, 0.03807794189453125, 0.4718901062011719, 0.13029959958348653, 0.05139078844713363, 0.24995580427980518, [[0.9676441550254822, -0.2387973517179489, 0.08148983865976334], [0.24703456461429596, 0.9623607993125916, -0.11329460889101028], [-0.051368169486522675, 0.12975966930389404, 0.9902139902114868]]], [0.12915951538085937, 0.02869969367980957, 0.47236871337890624, 0.09156433041423628, 0.04708842194696228, 0.22665987784594155, [[0.9733423590660095, -0.21958878636360168, 0.0662228912115097], [0.22447499632835388, 0.9713076949119568, -0.07856403291225433], [-0.04707102105021477, 0.09133508801460266, 0.9947071075439453]]], [0.13671876525878907, 0.017025430679321288, 0.4738173828125, 0.099907666099705, 0.04470022541291607, 0.21814969300735151, [[0.9753243327140808, -0.2109929621219635, 0.06499514728784561], [0.216207355260849, 0.9723957180976868, -0.08775489032268524], [-0.04468534141778946, 0.09964191168546677, 0.9940194487571716]]], [0.14657008361816407, 0.005390487194061279, 0.4754723205566406, 0.06777685490819564, 0.03294893374463492, 0.20909452356965402, [[0.9776883125305176, -0.20491518080234528, 0.0462094210088253], [0.20746156573295593, 0.9764364361763, -0.05942746251821518], [-0.03294297307729721, 0.0676882192492485, 0.9971625208854675]]], [0.1542772216796875, -0.00820829677581787, 0.476923828125, 0.04477410031941596, 0.022641471713927164, 0.2055565648833133, [[0.9786966443061829, -0.2029154896736145, 0.03127658739686012], [0.20405972003936768, 0.9781732559204102, -0.03920048102736473], [-0.02263953723013401, 0.044747669249773026, 0.9987417459487915]]], [0.15906134033203126, -0.0218113956451416, 0.475964599609375, 0.05069211526743622, -0.0023203505018578596, 0.22337905520894452, [[0.9751518368721008, -0.22135606408119202, 0.008965020067989826], [0.2215253859758377, 0.9738757610321045, -0.049924831837415695], [0.002320348285138607, 0.05067026987671852, 0.9987127184867859]]], [0.16502178955078126, -0.03229851913452148, 0.47696981811523437, 0.07851598764667014, 0.001146324583231939, 0.2202317381412792, [[0.9758462309837341, -0.21769501268863678, 0.018249843269586563], [0.21845562756061554, 0.9728600978851318, -0.07629123330116272], [-0.0011463245609775186, 0.07843528687953949, 0.9969185590744019]]], [0.16640298461914063, -0.03810163116455078, 0.47684283447265624, 0.027488644572170887, -0.007898568943061512, 0.20845604042162558, [[0.9783210754394531, -0.2070838212966919, -0.002036529593169689], [0.20694315433502197, 0.9779370427131653, -0.028524143621325493], [0.007898487150669098, 0.02748432569205761, 0.999591052532196]]], [0.16886026000976562, -0.049654979705810544, 0.4784341125488281, 0.04827276921245363, 0.0003781523652959251, 0.23746063557609529, [[0.9719383716583252, -0.23494352400302887, 0.011718161404132843], [0.23523525893688202, 0.9708105325698853, -0.04681108891963959], [-0.00037815235555171967, 0.048254020512104034, 0.998835027217865]]], [0.17075509643554687, -0.054871292114257814, 0.48024093627929687, 0.0325223305321487, -0.019930374765286363, 0.2150658786699592, [[0.9767683148384094, -0.21393203735351562, -0.012520215474069118], [0.21336939930915833, 0.9763073921203613, -0.036018338054418564], [0.019929055124521255, 0.03251013904809952, 0.9992727041244507]]], [0.16945742797851562, -0.05913835525512695, 0.48290008544921875, 0.018910248900338572, -0.01984746418225436, 0.20231205087898474, [[0.9794116616249084, -0.20126645267009735, -0.01563841477036476], [0.20089519023895264, 0.9793540835380554, -0.022510534152388573], [0.01984616182744503, 0.0189053975045681, 0.9996243119239807]]], [0.16886129760742188, -0.06598393249511719, 0.48571047973632814, 0.005202663988576675, -0.031888080974577626, 0.17933639369468157, [[0.9834620356559753, -0.17853744328022003, -0.030442897230386734], [0.17828597128391266, 0.9839193820953369, -0.010806250385940075], [0.03188267722725868, 0.00519999535754323, 0.9994781017303467]]], [0.16793240356445313, -0.07316921997070312, 0.4917174072265625, 0.0012686697332951885, -0.02774326871877042, 0.1811521070424601, [[0.9832582473754883, -0.18019741773605347, -0.027057209983468056], [0.18009361624717712, 0.9836296439170837, -0.00624557351693511], [0.027739709243178368, 0.001268181367777288, 0.9996143579483032]]], [0.1667199249267578, -0.07592839813232422, 0.49844024658203123, -0.011110146393411902, -0.015589331188786248, 0.18478008213391928, [[0.9828572273254395, -0.18354877829551697, -0.017363611608743668], [0.1837080419063568, 0.982947826385498, 0.008056849241256714], [0.015588699840009212, -0.01110856793820858, 0.9998167753219604]]], [0.16483514404296876, -0.0780195541381836, 0.5027726440429687, -0.027928666194050142, -0.008064724136528811, 0.19744694227342208, [[0.9805387258529663, -0.19586919248104095, -0.013382818549871445], [0.19616013765335083, 0.9802323579788208, 0.025801073759794235], [0.008064636960625648, -0.027924127876758575, 0.999577522277832]]], [0.16415390014648437, -0.08139949798583984, 0.5090649719238282, 0.009368437968467355, 0.02904024815613715, 0.2016475873100474, [[0.9793248176574707, -0.20000851154327393, 0.030322903767228127], [0.20019935071468353, 0.9797493815422058, -0.0033632609993219376], [-0.02903616614639759, 0.009364350698888302, 0.9995344877243042]]], [0.1635768280029297, -0.08323154449462891, 0.5133945922851563, 0.02408455257047444, 0.01609677515011132, 0.18620012445511203, [[0.982587456703186, -0.1846914291381836, 0.02027151547372341], [0.18510206043720245, 0.9825015664100647, -0.02068701758980751], [-0.016096079722046852, 0.024079104885458946, 0.999580442905426]]], [0.1627446746826172, -0.08289684295654297, 0.5178233032226562, 0.06301396732762019, 0.020710596898519285, 0.18023081861870482, [[0.9835913777351379, -0.1776179075241089, 0.03162144124507904], [0.17921821773052216, 0.9820835590362549, -0.058247391134500504], [-0.020709116011857986, 0.06295876950025558, 0.9978012442588806]]], [0.1632979278564453, -0.08690046691894532, 0.5215768432617187, 0.06486318046307685, 0.017912345793716478, 0.16176816378141956, [[0.9867857098579407, -0.15957902371883392, 0.028080133721232414], [0.16103769838809967, 0.9850556254386902, -0.061092644929885864], [-0.017911387607455254, 0.06480731070041656, 0.9977370500564575]]], [0.165212646484375, -0.08956900024414062, 0.5245626220703125, 0.0722839054981036, 0.023794744509006982, 0.1815408930686198, [[0.9832882285118103, -0.17838381230831146, 0.03637956082820892], [0.1804942488670349, 0.9813084602355957, -0.06674973666667938], [-0.02379249967634678, 0.07220052927732468, 0.9971063137054443]]], [0.16570806884765624, -0.08816903686523438, 0.5253743896484375, 0.0669069184877907, 0.020211812193028145, 0.19343523894095602, [[0.9811491966247559, -0.19047507643699646, 0.032641131430864334], [0.1921919286251068, 0.9794136881828308, -0.06173372268676758], [-0.02021043561398983, 0.06684335321187973, 0.9975587725639343]]], [0.1668643035888672, -0.0902129135131836, 0.5277843017578125, 0.045903602980608346, 0.016565817513439773, 0.1786247382959253, [[0.9839539527893066, -0.17674116790294647, 0.024437442421913147], [0.17765198647975922, 0.9831874370574951, -0.04221724718809128], [-0.01656506024301052, 0.04588118940591812, 0.9988095760345459]]], [0.1708761444091797, -0.09386507415771485, 0.5298576049804687, 0.050678140618766215, 0.015346408248803511, 0.18230861981455013, [[0.9833119511604309, -0.1803031712770462, 0.024256151169538498], [0.18127906322479248, 0.9823061227798462, -0.047038331627845764], [-0.015345806255936623, 0.05065048485994339, 0.9985985159873962]]], [0.17260714721679687, -0.09192485809326172, 0.5314375, 0.04195081538675559, 0.01954698616065076, 0.1950974802910303, [[0.980841338634491, -0.19288744032382965, 0.02728835493326187], [0.1938251256942749, 0.9803245663642883, -0.037357039749622345], [-0.019545741379261017, 0.04193050041794777, 0.9989293217658997]]], [0.1728070526123047, -0.09426128387451171, 0.532755126953125, 0.011392040770516074, 0.018793849649969774, 0.18321801411352934, [[0.9830888509750366, -0.18197233974933624, 0.02055252529680729], [0.18216249346733093, 0.9832376837730408, -0.007777408696711063], [-0.018792742863297462, 0.011389782652258873, 0.9997585415840149]]], [0.17640396118164062, -0.09615767669677734, 0.5344193115234375, 0.018298180706971937, 0.0029170385576757774, 0.19205393146639643, [[0.9816100597381592, -0.19079111516475677, 0.006355402059853077], [0.19087465107440948, 0.9814600944519043, -0.01740405522286892], [-0.0029170343186706305, 0.01829708181321621, 0.9998283386230469]]], [0.17778834533691407, -0.09566370391845704, 0.5366372680664062, 0.030855023744431512, 0.022601891825660525, 0.1717167532041794, [[0.9850412011146545, -0.17010581493377686, 0.02752847597002983], [0.17083045840263367, 0.9849430322647095, -0.026536500081419945], [-0.022599967196583748, 0.03084224835038185, 0.9992687106132507]]], [0.1774102325439453, -0.09910395812988282, 0.5389217529296875, 0.013491607912220357, 0.01180377982546199, 0.1415434507876629, [[0.9899304509162903, -0.14090080559253693, 0.013587621040642262], [0.141061469912529, 0.9899318218231201, -0.011691294610500336], [-0.011803505942225456, 0.01349025871604681, 0.9998393058776855]]], [0.17827195739746093, -0.1020877914428711, 0.5400989990234375, 0.06150132130914286, -0.0075888143172460065, 0.17718534503348343, [[0.9843153357505798, -0.1763855665922165, 0.0033775640185922384], [0.17625461518764496, 0.9824004769325256, -0.06183534115552902], [0.00758874136954546, 0.061460789293050766, 0.9980806708335876]]], [0.18007598876953124, -0.10771552276611328, 0.5416720581054687, 0.09111031416306908, -0.004261136916356323, 0.1628778209476468, [[0.9867557287216187, -0.16186858713626862, 0.01056660246104002], [0.16215713322162628, 0.9826090335845947, -0.09046822041273117], [0.004261123947799206, 0.09098348766565323, 0.9958432912826538]]], [0.1775301971435547, -0.11231272888183594, 0.5417490844726562, 0.06774984849023186, -0.018719359673387226, 0.17570847767558884, [[0.9844304323196411, -0.1756523996591568, -0.0065537733025848866], [0.1747751235961914, 0.9821226000785828, -0.06992023438215256], [0.018718266859650612, 0.06768617033958435, 0.9975310564041138]]], [0.17702020263671875, -0.11925313568115234, 0.540241943359375, 0.11374569633107537, -0.03730805617339272, 0.18462366937084015, [[0.9823213815689087, -0.18655188381671906, -0.015592526644468307], [0.18344886600971222, 0.975875973701477, -0.11837473511695862], [0.03729940205812454, 0.11342159658670425, 0.9928465485572815]]], [0.1753387451171875, -0.12596068572998048, 0.5385595092773438, 0.10003031368021816, -0.034468718293587663, 0.18653260151654477, [[0.9820694923400879, -0.18790750205516815, -0.015174830332398415], [0.18534260988235474, 0.9771028161048889, -0.10449036955833435], [0.034461893141269684, 0.09980425983667374, 0.9944100975990295]]], [0.17192263793945312, -0.1318463134765625, 0.5378240356445313, 0.05299920711992462, -0.038556378707752303, 0.17414482382089266, [[0.984143078327179, -0.1750337779521942, -0.02873184159398079], [0.17313718795776367, 0.983138382434845, -0.05884264037013054], [0.03854682669043541, 0.052935026586055756, 0.997853696346283]]], [0.16875732421875, -0.14187998962402343, 0.5371998901367188, 0.04937579457272095, -0.03843392035030613, 0.16448685989023873, [[0.9857739806175232, -0.16541744768619537, -0.02977781742811203], [0.16362521052360535, 0.9849897027015686, -0.05497374385595322], [0.03842445835471153, 0.04931928589940071, 0.9980436563491821]]], [0.1662422637939453, -0.14636741638183592, 0.5371343994140625, 0.07136817411584542, -0.040336005003777764, 0.15415338754687472, [[0.987338125705719, -0.15599410235881805, -0.02879662811756134], [0.15341868996620178, 0.985184907913208, -0.07663792371749878], [0.040325067937374115, 0.07124960422515869, 0.99664306640625]]], [0.16142520141601563, -0.15097242736816407, 0.5386749267578125, 0.03019831409237765, -0.03535062125294397, 0.16746511278179033, [[0.9853944182395935, -0.1676596850156784, -0.029800139367580414], [0.16657932102680206, 0.9853830337524414, -0.035659778863191605], [0.03534325957298279, 0.03017486073076725, 0.9989196062088013]]], [0.15928880310058594, -0.15759408569335936, 0.5382329711914062, 0.05370662916162257, -0.037879922294534296, 0.1736600849679345, [[0.984252393245697, -0.17454175651073456, -0.027972033247351646], [0.1726645827293396, 0.9831874966621399, -0.059407614171504974], [0.0378708653151989, 0.053642306476831436, 0.9978418350219727]]], [0.15479537963867188, -0.16184373474121094, 0.5404614868164063, 0.04745868406535636, -0.03648778488665738, 0.17420756400086762, [[0.9842086434364319, -0.17483702301979065, -0.027664266526699066], [0.17321237921714783, 0.9834553003311157, -0.05303863808512688], [0.03647968918085098, 0.0474092923104763, 0.9982091784477234]]], [0.1488897705078125, -0.16822801208496094, 0.5423458862304688, 0.013647041613160327, -0.03961203503231503, 0.1565884434207935, [[0.986990213394165, -0.15646860003471375, -0.036985330283641815], [0.15582697093486786, 0.9875888228416443, -0.019654931500554085], [0.03960167616605759, 0.013635912910103798, 0.9991225004196167]]], [0.14554475402832032, -0.17282005310058593, 0.5440689086914062, 0.03378334893607407, -0.03329400105888691, 0.18374680510332334, [[0.9826211333274841, -0.18371576070785522, -0.026537273079156876], [0.1826133131980896, 0.982399582862854, -0.0392870269715786], [0.03328784927725792, 0.03375820443034172, 0.9988754987716675]]], [0.13740988159179687, -0.17852841186523438, 0.5474937744140626, 0.03834977825221018, -0.02235712609083218, 0.15592240148477282, [[0.9876218438148499, -0.15602390468120575, -0.016113897785544395], [0.1552525758743286, 0.9870092868804932, -0.0413442887365818], [0.02235526405274868, 0.0383307971060276, 0.9990150332450867]]], [0.1325190887451172, -0.17875749206542968, 0.549980224609375, -0.002427041679410019, -0.0281696955355466, 0.1626713355838576, [[0.986406683921814, -0.16188691556453705, -0.028187116608023643], [0.16189059615135193, 0.986806333065033, -0.002166604157537222], [0.028165969997644424, -0.0024260764475911856, 0.9996002912521362]]], [0.13015966796875, -0.1834482421875, 0.550703125, 0.005787268141192875, -0.02601729588558599, 0.15961904559430448, [[0.9869537949562073, -0.15908809006214142, -0.024763397872447968], [0.1588883101940155, 0.9872474670410156, -0.009848375804722309], [0.026014361530542374, 0.005785277578979731, 0.9996448159217834]]], [0.12420262145996094, -0.18577340698242187, 0.553048583984375, 0.048523992337030496, -0.01183539145282797, 0.14204716088452365, [[0.9898589253425598, -0.14197160303592682, -0.004835281055420637], [0.14156003296375275, 0.9886817932128906, -0.04968994855880737], [0.011835115030407906, 0.04850155487656593, 0.998753011226654]]], [0.11865135192871094, -0.18405593872070314, 0.5555685424804687, -0.0068977853643446, 0.0077062707572199685, 0.12253901679264079, [[0.9924719929695129, -0.12228242307901382, 0.00680510001257062], [0.1222289502620697, 0.9924713969230652, 0.007787933573126793], [-0.0077061946503818035, -0.006897525861859322, 0.9999465346336365]]], [0.11592678833007812, -0.18858161926269532, 0.5571361083984375, 0.008566706005206842, -0.010061875152146627, 0.18795659573242998, [[0.9823383688926697, -0.18692968785762787, -0.008283451199531555], [0.1868424117565155, 0.9823359251022339, -0.010295706801116467], [0.010061705484986305, 0.008566167205572128, 0.999912679195404]]], [0.11017501068115235, -0.18811399841308593, 0.559171875, 0.037150174697967636, -0.00691315377491053, 0.14548127587624396, [[0.9894126057624817, -0.14512266218662262, -0.0014509795000776649], [0.14496517181396484, 0.9887163043022156, -0.037750765681266785], [0.006913098506629467, 0.03714074194431305, 0.9992861151695251]]], [0.10563404846191406, -0.18705009460449218, 0.5636593627929688, 0.03714744384825579, -8.974926931148985e-05, 0.1700016151422039, [[0.9855844974517822, -0.1690705120563507, 0.00619491