{
    "amplitude": 0.0581804082935949,
    "frequency": 0.029575791765522975,
    "seed": 1762036209,
    "time_interval": 0.05,
    "pid_gains": {
        "pid_rate": {
            "roll_kp": "50.0",
            "roll_ki": "0.0",
            "roll_kd": "0.0",
            "pitch_kp": "50.0",
            "pitch_ki": "0.0",
            "pitch_kd": "0.0",
            "yaw_kp": "80.0",
            "yaw_ki": "0.0",
            "yaw_kd": "0.0"
        },
        "pid_attitude": {
            "roll_kp": "6.0",
            "roll_ki": "0.0",
            "roll_kd": "0.20000000298023224",
            "pitch_kp": "6.0",
            "pitch_ki": "0.0",
            "pitch_kd": "1.0",
            "yaw_kp": "10.0",
            "yaw_ki": "0.0",
            "yaw_kd": "0.3499999940395355"
        },
        "velCtlPid": {
            "vxKp": "15.0",
            "vxKi": "1.0",
            "vxKd": "0.0",
            "vyKp": "10.0",
            "vyKi": "1.0",
            "vyKd": "0.0",
            "vzKp": "12.5",
            "vzKi": "0.5",
            "vzKd": "0.0"
        },
        "posCtlPid": {
            "xKp": "1.5",
            "xKi": "0.0",
            "xKd": "0.0",
            "yKp": "1.5",
            "yKi": "0.0",
            "yKd": "0.0",
            "zKp": "5.0",
            "zKi": "0.5",
            "zKd": "0.0"
        }
    },
    "pose": [
        [
            0.11468778991699219,
            0.002924525260925293,
            0.2620252990722656,
            0.004086095707352855,
            0.02348121513555368,
            1.4469247479418765,
            [
                [
                    0.12352097034454346,
                    -0.9923175573348999,
                    0.0069557069800794125
                ],
                [
                    0.9920641779899597,
                    0.12364920228719711,
                    0.022794103249907494
                ],
                [
                    -0.023479057475924492,
                    0.004084957763552666,
                    0.9997159838676453
                ]
            ]
        ],
        [
            0.11474346923828126,
            0.002936392307281494,
            0.26201947021484373,
            0.004768901465338815,
            0.02217768899271344,
            1.4477085047510405,
            [
                [
                    0.122747041285038,
                    -0.9924100041389465,
                    0.007455464918166399
                ],
                [
                    0.9921901822090149,
                    0.12288079410791397,
                    0.021422334015369415
                ],
                [
                    -0.022175870835781097,
                    0.004767711274325848,
                    0.9997427463531494
                ]
            ]
        ],
        [
            0.11478966522216796,
            0.0025777056217193605,
            0.2619352416992187,
            0.0024998827487804354,
            0.025793148292962753,
            1.4669391081207772,
            [
                [
                    0.10363615304231644,
                    -0.9946019053459167,
                    0.005160096567124128
                ],
                [
                    0.9942808747291565,
                    0.10373443365097046,
                    0.0253920778632164
                ],
                [
                    -0.025790289044380188,
                    0.0024990481324493885,
                    0.9996642470359802
                ]
            ]
        ],
        [
            0.11553638458251952,
            0.0032941627502441405,
            0.2622603759765625,
            0.007991898407620157,
            0.027789859038310327,
            1.6333276294609813,
            [
                [
                    -0.06246643140912056,
                    -0.9980275630950928,
                    0.00623986916616559
                ],
                [
                    0.997660219669342,
                    -0.06226693466305733,
                    0.02823050320148468
                ],
                [
                    -0.02778628282248974,
                    0.007988727651536465,
                    0.9995819926261902
                ]
            ]
        ],
        [
            0.11313449096679687,
            0.003487354278564453,
            0.26213983154296877,
            -0.0022619218134465324,
            0.02869201515604014,
            1.6447666070157325,
            [
                [
                    -0.07387242466211319,
                    -0.9972581267356873,
                    -0.004375859629362822
                ],
                [
                    0.9968549609184265,
                    -0.0739673599600792,
                    0.028442393988370895
                ],
                [
                    -0.028688078746199608,
                    -0.002260988811030984,
                    0.9995858669281006
                ]
            ]
        ],
        [
            0.11163511657714843,
            0.0033030898571014405,
            0.26561526489257814,
            -0.008049926649810413,
            0.0036700470961372744,
            1.6099455940038194,
            [
                [
                    -0.03913901746273041,
                    -0.9992002248764038,
                    -0.008187309838831425
                ],
                [
                    0.9992270469665527,
                    -0.039167534559965134,
                    0.003352042753249407
                ],
                [
                    -0.003670038655400276,
                    -0.008049785159528255,
                    0.9999608397483826
                ]
            ]
        ],
        [
            0.10882930755615235,
            0.004053353786468506,
            0.279359375,
            -0.029336450570351502,
            0.007772571623592128,
            1.4268981093373252,
            [
                [
                    0.14339780807495117,
                    -0.989271342754364,
                    -0.027914967387914658
                ],
                [
                    0.98963463306427,
                    0.14311480522155762,
                    0.011895157396793365
                ],
                [
                    -0.00777249364182353,
                    -0.029331356287002563,
                    0.9995394945144653
                ]
            ]
        ],
        [
            0.10461881256103515,
            0.0016335890293121338,
            0.30101303100585936,
            -0.06650478245066815,
            -0.027602590430448215,
            1.182017956783572,
            [
                [
                    0.37891384959220886,
                    -0.9226319193840027,
                    -0.07193489372730255
                ],
                [
                    0.9250203371047974,
                    0.37991753220558167,
                    -0.0002923805732280016
                ],
                [
                    0.027599088847637177,
                    -0.0664304569363594,
                    0.9974092841148376
                ]
            ]
        ],
        [
            0.09556082916259766,
            0.0003850924968719482,
            0.32714959716796876,
            -0.028274465999823306,
            -0.07649676145687079,
            1.0361009641756531,
            [
                [
                    0.5080887079238892,
                    -0.8589790463447571,
                    -0.06325235217809677
                ],
                [
                    0.8579076528549194,
                    0.5112342238426208,
                    -0.05132303014397621
                ],
                [
                    0.07642217725515366,
                    -0.02818801999092102,
                    0.996677041053772
                ]
            ]
        ],
        [
            0.08538048553466797,
            -0.00029500338435173035,
            0.34779766845703125,
            -0.0037325527633002564,
            -0.10750280910208021,
            0.7806231846591414,
            [
                [
                    0.7063736319541931,
                    -0.7034328579902649,
                    -0.0788571834564209
                ],
                [
                    0.6996598243713379,
                    0.710752010345459,
                    -0.07285408675670624
                ],
                [
                    0.10729586333036423,
                    -0.003710996825248003,
                    0.9942201972007751
                ]
            ]
        ],
        [
            0.07161348724365234,
            -0.0046755213737487795,
            0.36627597045898436,
            -0.014546216596912298,
            -0.1091771683807381,
            0.686786229939599,
            [
                [
                    0.7686836123466492,
                    -0.632762610912323,
                    -0.09347160905599594
                ],
                [
                    0.6302801966667175,
                    0.7742108106613159,
                    -0.057831600308418274
                ],
                [
                    0.10896040499210358,
                    -0.014459101483225822,
                    0.9939409494400024
                ]
            ]
        ],
        [
            0.060146190643310546,
            -0.00932455825805664,
            0.3823075256347656,
            0.011927641884990847,
            -0.15610486404151924,
            0.6533083441443799,
            [
                [
                    0.7844215631484985,
                    -0.6092460751533508,
                    -0.11619804799556732
                ],
                [
                    0.6004259586334229,
                    0.792893648147583,
                    -0.10396278649568558
                ],
                [
                    0.15547162294387817,
                    0.011782326735556126,
                    0.9877700805664062
                ]
            ]
        ],
        [
            0.04606512069702148,
            -0.01751241874694824,
            0.39272088623046875,
            0.0361902817774839,
            -0.18007855831710562,
            0.5669710123309946,
            [
                [
                    0.8298914432525635,
                    -0.5421943068504333,
                    -0.13155056536197662
                ],
                [
                    0.5283946990966797,
                    0.83949875831604,
                    -0.12665261328220367
                ],
                [
                    0.17910686135292053,
                    0.0355973020195961,
                    0.9831854104995728
                ]
            ]
        ],
        [
            0.031907211303710936,
            -0.025329944610595703,
            0.4037177124023438,
            0.04409102228125783,
            -0.13026829628094894,
            0.5525152848259718,
            [
                [
                    0.8439949154853821,
                    -0.5291935205459595,
                    -0.08733169734477997
                ],
                [
                    0.5203830599784851,
                    0.8473749160766602,
                    -0.10562767088413239
                ],
                [
                    0.12990017235279083,
                    0.04370328038930893,
                    0.9905634522438049
                ]
            ]
        ],
        [
            0.01735284614562988,
            -0.0349977912902832,
            0.4080621337890625,
            0.03226821179422365,
            -0.11961740949545607,
            0.5204635789059605,
            [
                [
                    0.8613892793655396,
                    -0.5003637075424194,
                    -0.08743388950824738
                ],
                [
                    0.49372899532318115,
                    0.8652225732803345,
                    -0.08730167150497437
                ],
                [
                    0.11933235824108124,
                    0.0320320725440979,
                    0.9923375248908997
                ]
            ]
        ],
        [
            0.005992759704589843,
            -0.04381056976318359,
            0.4132908020019531,
            0.04373057870262975,
            -0.08823048491146834,
            0.5425348617613451,
            [
                [
                    0.8530714511871338,
                    -0.5191138982772827,
                    -0.05281940475106239
                ],
                [
                    0.5143001675605774,
                    0.8535950183868408,
                    -0.08289062231779099
                ],
                [
                    0.08811605721712112,
                    0.04354659467935562,
                    0.9951578974723816
                ]
            ]
        ],
        [
            -0.007243429183959961,
            -0.053528831481933596,
            0.4163902893066406,
            0.02984728626610217,
            -0.06137974682827507,
            0.5428333032014103,
            [
                [
                    0.8546360731124878,
                    -0.5179014205932617,
                    -0.0370841845870018
                ],
                [
                    0.5155913233757019,
                    0.8549215197563171,
                    -0.05722545459866524
                ],
                [
                    0.06134121119976044,
                    0.02978665567934513,
                    0.9976723194122314
                ]
            ]
        ],
        [
            -0.0198770809173584,
            -0.06263449096679688,
            0.4167725830078125,
            0.01943718973580022,
            -0.057790140085308694,
            0.5368575595189735,
            [
                [
                    0.8578855395317078,
                    -0.5123062133789062,
                    -0.03968292102217674
                ],
                [
                    0.5105843544006348,
                    0.8585836291313171,
                    -0.04623576998710632
                ],
                [
                    0.05775797739624977,
                    0.019403519108891487,
                    0.9981420040130615
                ]
            ]
        ],
        [
            -0.0323601188659668,
            -0.07100272369384765,
            0.4189095458984375,
            -0.004299228967108798,
            -0.06598651818138701,
            0.503983745281338,
            [
                [
                    0.8737599849700928,
                    -0.482665091753006,
                    -0.05981583893299103
                ],
                [
                    0.4818668067455292,
                    0.8757944703102112,
                    -0.028077973052859306
                ],
                [
                    0.06593864411115646,
                    -0.004289858974516392,
                    0.9978144764900208
                ]
            ]
        ],
        [
            -0.04535719299316406,
            -0.0781783447265625,
            0.4194658203125,
            -0.04312578803972217,
            -0.08881063861476535,
            0.5021539148803567,
            [
                [
                    0.8730933666229248,
                    -0.47751539945602417,
                    -0.09842284023761749
                ],
                [
                    0.4794177711009979,
                    0.8775733709335327,
                    -0.004859899636358023
                ],
                [
                    0.08869393914937973,
                    -0.04294251278042793,
                    0.9951328039169312
                ]
            ]
        ],
        [
            -0.05916518020629883,
            -0.08411430358886719,
            0.4197868347167969,
            -0.054972679201064245,
            -0.07508174636988363,
            0.4930843201588972,
            [
                [
                    0.8783953785896301,
                    -0.4689994752407074,
                    -0.09198379516601562
                ],
                [
                    0.4720114767551422,
                    0.881497323513031,
                    0.012947233393788338
                ],
                [
                    0.0750112235546112,
                    -0.054790198802948,
                    0.9956763386726379
                ]
            ]
        ],
        [
            -0.07217797088623047,
            -0.08737979888916016,
            0.42199786376953125,
            -0.09036921442507906,
            -0.06887161650353324,
            0.4739101657628161,
            [
                [
                    0.8876811861991882,
                    -0.44898074865341187,
                    -0.10216861963272095
                ],
                [
                    0.45528706908226013,
                    0.8889940977096558,
                    0.04902240261435509
                ],
                [
                    0.06881718337535858,
                    -0.09003231674432755,
                    0.9935584664344788
                ]
            ]
        ],
        [
            -0.08676237487792969,
            -0.09057053375244141,
            0.4218353271484375,
            -0.09364136904875853,
            -0.06645586394982672,
            0.4703883581046451,
            [
                [
                    0.8894246816635132,
                    -0.4457118511199951,
                    -0.10131462663412094
                ],
                [
                    0.4522320330142975,
                    0.8903012871742249,
                    0.05338333547115326
                ],
                [
                    0.06640695780515671,
                    -0.09329817444086075,
                    0.9934211373329163
                ]
            ]
        ],
        [
            -0.10039311981201172,
            -0.09200455474853515,
            0.4207744445800781,
            -0.09414018869472326,
            -0.057508466666939206,
            0.46297468565750577,
            [
                [
                    0.8932487964630127,
                    -0.4397999346256256,
                    -0.09318038821220398
                ],
                [
                    0.44587329030036926,
                    0.8931791186332703,
                    0.058549366891384125
                ],
                [
                    0.057476773858070374,
                    -0.09384579956531525,
                    0.9939262270927429
                ]
            ]
        ],
        [
            -0.11251222991943359,
            -0.0910452880859375,
            0.42233978271484374,
            -0.09618867809660683,
            -0.031253351914288574,
            0.44407423711654415,
            [
                [
                    0.9025678038597107,
                    -0.42492613196372986,
                    -0.06934810429811478
                ],
                [
                    0.42941227555274963,
                    0.9001238942146301,
                    0.07336245477199554
                ],
                [
                    0.031248265877366066,
                    -0.0959935188293457,
                    0.994891345500946
                ]
            ]
        ],
        [
            -0.12658482360839843,
            -0.08980397033691406,
            0.4204638671875,
            -0.06794042067540329,
            -0.028894147741422627,
            0.44229460741176363,
            [
                [
                    0.9033946990966797,
                    -0.42525437474250793,
                    -0.055106960237026215
                ],
                [
                    0.42783573269844055,
                    0.902526319026947,
                    0.049018554389476776
                ],
                [
                    0.028890127316117287,
                    -0.06785982847213745,
                    0.9972764849662781
                ]
            ]
        ],
        [
            -0.13793930053710937,
            -0.08859841918945313,
            0.41894577026367186,
            -0.04260331066460235,
            -0.009254154778404411,
            0.44389076643778747,
            [
                [
                    0.9030489325523376,
                    -0.42871078848838806,
                    -0.02664034068584442
                ],
                [
                    0.4294380247592926,
                    0.9024373888969421,
                    0.03449229151010513
                ],
                [
                    0.009254022501409054,
                    -0.042588599026203156,
                    0.9990498423576355
                ]
            ]
        ],
        [
            -0.14838865661621095,
            -0.08590518951416015,
            0.41984982299804685,
            -0.01653586546516697,
            -0.010028732802931817,
            0.4246103126004944,
            [
                [
                    0.9111534953117371,
                    -0.41175830364227295,
                    -0.015948671847581863
                ],
                [
                    0.41194501519203186,
                    0.9111430644989014,
                    0.010935923084616661
                ],
                [
                    0.010028564371168613,
                    -0.01653428003191948,
                    0.9998130202293396
                ]
            ]
        ],
        [
            -0.15738482666015624,
            -0.08481311798095703,
            0.41766934204101563,
            0.005973480398016928,
            -0.004322791892829025,
            0.43680069342143385,
            [
                [
                    0.9061012864112854,
                    -0.42305856943130493,
                    -0.0013898194301873446
                ],
                [
                    0.4230387508869171,
                    0.9060826301574707,
                    -0.007241284009069204
                ],
                [
                    0.004322778433561325,
                    0.005973388906568289,
                    0.9999728202819824
                ]
            ]
        ],
        [
            -0.16609872436523437,
            -0.08372830200195312,
            0.41647250366210936,
            0.03542775438492374,
            -0.0002427839765002382,
            0.42654619994183335,
            [
                [
                    0.9104000926017761,
                    -0.4134771525859833,
                    0.01443352922797203
                ],
                [
                    0.4137289226055145,
                    0.9098252654075623,
                    -0.032347068190574646
                ],
                [
                    0.00024278390628751367,
                    0.03542034327983856,
                    0.9993724822998047
                ]
            ]
        ],
        [
            -0.17320893859863282,
            -0.08168810272216796,
            0.41782574462890626,
            0.03970874691472426,
            0.00975077669407165,
            0.42465695996470554,
            [
                [
                    0.9111368060112,
                    -0.4113307595252991,
                    0.02523360215127468
                ],
                [
                    0.41198864579200745,
                    0.9106213450431824,
                    -0.03215814381837845
                ],
                [
                    -0.009750621393322945,
                    0.03969642519950867,
                    0.9991642236709595
                ]
            ]
        ],
        [
            -0.1762426300048828,
            -0.08319688415527343,
            0.4171253967285156,
            0.03486630136216179,
            0.02434344861053961,
            0.4375673973058074,
            [
                [
                    0.9055167436599731,
                    -0.42271119356155396,
                    0.03680551424622536
                ],
                [
                    0.42361176013946533,
                    0.9055941700935364,
                    -0.021267037838697433
                ],
                [
                    -0.024341044947504997,
                    0.034848909825086594,
                    0.9990960955619812
                ]
            ]
        ],
        [
            -0.17990309143066407,
            -0.08197113800048828,
            0.41800723266601564,
            0.04099443078569434,
            0.03743538611705599,
            0.43171700090853626,
            [
                [
                    0.9076123237609863,
                    -0.41668620705604553,
                    0.051112670451402664
                ],
                [
                    0.41813772916793823,
                    0.9081273674964905,
                    -0.021575402468442917
                ],
                [
                    -0.03742664307355881,
                    0.040954235941171646,
                    0.9984598159790039
                ]
            ]
        ],
        [
            -0.18097865295410157,
            -0.08076887512207032,
            0.4205475769042969,
            0.02452924239846843,
            0.05257461894116933,
            0.41848413780955973,
            [
                [
                    0.9124435186386108,
                    -0.40507593750953674,
                    0.05796826630830765
                ],
                [
                    0.40581437945365906,
                    0.9139549136161804,
                    -0.00106147734913975
                ],
                [
                    -0.05255040153861046,
                    0.024492893368005753,
                    0.9983178377151489
                ]
            ]
        ],
        [
            -0.1781588897705078,
            -0.08313249206542969,
            0.42155181884765625,
            0.017135047910636664,
            0.07359221215403444,
            0.42110970662574265,
            [
                [
                    0.9101656675338745,
                    -0.407563716173172,
                    0.0740964487195015
                ],
                [
                    0.40766704082489014,
                    0.9130169153213501,
                    0.014413690194487572
                ],
                [
                    -0.0735258013010025,
                    0.01708783209323883,
                    0.9971469044685364
                ]
            ]
        ],
        [
            -0.17603770446777345,
            -0.08171990203857422,
            0.4233709411621094,
            0.02424801412543215,
            0.086889540294939,
            0.4281546166226007,
            [
                [
                    0.9063014984130859,
                    -0.41315653920173645,
                    0.08899030089378357
                ],
                [
                    0.41362637281417847,
                    0.9103396534919739,
                    0.013962865807116032
                ],
                [
                    -0.08678025007247925,
                    0.024154171347618103,
                    0.9959346055984497
                ]
            ]
        ],
        [
            -0.17216497802734376,
            -0.07879193878173828,
            0.42597271728515623,
            -0.0007354697068403804,
            0.09670318672133993,
            0.40799674909345907,
            [
                [
                    0.913628876209259,
                    -0.39683637022972107,
                    0.08833542466163635
                ],
                [
                    0.3949175477027893,
                    0.9178890585899353,
                    0.03898436576128006
                ],
                [
                    -0.0965525358915329,
                    -0.0007320335134863853,
                    0.9953275918960571
                ]
            ]
        ],
        [
            -0.1646248321533203,
            -0.07988272857666015,
            0.4274662780761719,
            -0.010947980879831037,
            0.1021508723053004,
            0.4093524651235919,
            [
                [
                    0.912596583366394,
                    -0.3990156650543213,
                    0.08918516337871552
                ],
                [
                    0.3959405720233917,
                    0.916879415512085,
                    0.050627756863832474
                ],
                [
                    -0.10197331011295319,
                    -0.01089069340378046,
                    0.9947274923324585
                ]
            ]
        ],
        [
            -0.1581446533203125,
            -0.07720058441162109,
            0.42947259521484377,
            0.011351776249540202,
            0.11049899990494816,
            0.4050464323712812,
            [
                [
                    0.9134787917137146,
                    -0.39288556575775146,
                    0.1058180034160614
                ],
                [
                    0.39165812730789185,
                    0.9195181727409363,
                    0.03301902487874031
                ],
                [
                    -0.11027427017688751,
                    0.011282301507890224,
                    0.9938371777534485
                ]
            ]
        ],
        [
            -0.15068194580078126,
            -0.07196436309814454,
            0.4322579345703125,
            -0.01766068373925095,
            0.10366539098831096,
            0.3906683792394686,
            [
                [
                    0.9196907877922058,
                    -0.3824368715286255,
                    0.0889432281255722
                ],
                [
                    0.3787621855735779,
                    0.9238146543502808,
                    0.05572883039712906
                ],
                [
                    -0.10347981750965118,
                    -0.017564959824085236,
                    0.9944764375686646
                ]
            ]
        ],
        [
            -0.14083029174804687,
            -0.0719606170654297,
            0.4339419250488281,
            -0.024008374004188815,
            0.09552875384096216,
            0.4046956987411232,
            [
                [
                    0.9150311350822449,
                    -0.3957304060459137,
                    0.07820126414299011
                ],
                [
                    0.3919438421726227,
                    0.9180557727813721,
                    0.05961230769753456
                ],
                [
                    -0.09538352489471436,
                    -0.023896614089608192,
                    0.9951537251472473
                ]
            ]
        ],
        [
            -0.1319085693359375,
            -0.06747753143310548,
            0.4360922241210938,
            0.01142575132025217,
            0.087060978848432,
            0.40305270007312555,
            [
                [
                    0.9163839817047119,
                    -0.39128878712654114,
                    0.08445965498685837
                ],
                [
                    0.3907427191734314,
                    0.9201975464820862,
                    0.023592473939061165
                ],
                [
                    -0.08695103973150253,
                    0.011382229626178741,
                    0.9961475729942322
                ]
            ]
        ],
        [
            -0.1236432113647461,
            -0.06185099411010742,
            0.4387858581542969,
            -0.011817001721294629,
            0.07709198519563687,
            0.4001005257526828,
            [
                [
                    0.9182863235473633,
                    -0.3903219401836395,
                    0.06632539629936218
                ],
                [
                    0.38835403323173523,
                    0.9206030368804932,
                    0.04087980464100838
                ],
                [
                    -0.07701564580202103,
                    -0.011781630106270313,
                    0.9969602823257446
                ]
            ]
        ],
        [
            -0.1125210952758789,
            -0.061166606903076175,
            0.44099850463867185,
            -0.015094616704164843,
            0.06312670934473452,
            0.3864987669823182,
            [
                [
                    0.9243896007537842,
                    -0.377786785364151,
                    0.052734989672899246
                ],
                [
                    0.376196950674057,
                    0.9257700443267822,
                    0.03775758668780327
                ],
                [
                    -0.06308478862047195,
                    -0.015063977800309658,
                    0.9978944659233093
                ]
            ]
        ],
        [
            -0.10408240509033204,
            -0.058406116485595704,
            0.44346673583984375,
            0.03439478290247333,
            0.04216344457606547,
            0.40201129161222404,
            [
                [
                    0.9194580316543579,
                    -0.38970473408699036,
                    0.052222561091184616
                ],
                [
                    0.39092233777046204,
                    0.9202987551689148,
                    -0.015163796953856945
                ],
                [
                    -0.04215095192193985,
                    0.03435743972659111,
                    0.9985203146934509
                ]
            ]
        ],
        [
            -0.09676642608642579,
            -0.054455974578857425,
            0.44683575439453127,
            0.01994140793087748,
            0.03258088045070795,
            0.3959162876630016,
            [
                [
                    0.9221539497375488,
                    -0.384977787733078,
                    0.03773921728134155
                ],
                [
                    0.385449081659317,
                    0.922710657119751,
                    -0.0058373743668198586
                ],
                [
                    -0.03257511556148529,
                    0.01992950402200222,
                    0.9992705583572388
                ]
            ]
        ],
        [
            -0.08831800079345703,
            -0.057350139617919925,
            0.449098388671875,
            0.020276532870512565,
            0.013700259501255418,
            0.3959226076397347,
            [
                [
                    0.9225545525550842,
                    -0.38532403111457825,
                    0.02045673318207264
                ],
                [
                    0.38562339544296265,
                    0.922558605670929,
                    -0.013424296863377094
                ],
                [
                    -0.013699830509722233,
                    0.0202732402831316,
                    0.9997006058692932
                ]
            ]
        ],
        [
            -0.08173692321777344,
            -0.05766839599609375,
            0.45103668212890624,
            0.0682934615945105,
            -0.004189122877986673,
            0.3811853179511215,
            [
                [
                    0.9282161593437195,
                    -0.37141910195350647,
                    0.02150748483836651
                ],
                [
                    0.3720177114009857,
                    0.9259542226791382,
                    -0.06489719450473785
                ],
                [
                    0.0041891103610396385,
                    0.06823978573083878,
                    0.9976601600646973
                ]
            ]
        ],
        [
            -0.07739854431152343,
            -0.05798831558227539,
            0.4525669860839844,
            0.0445581943832547,
            -0.021511855816823022,
            0.3779209413868358,
            [
                [
                    0.9292187690734863,
                    -0.36951321363449097,
                    -0.0035364204086363316
                ],
                [
                    0.3689035475254059,
                    0.9281577467918396,
                    -0.04932933673262596
                ],
                [
                    0.02151019684970379,
                    0.0445331446826458,
                    0.9987763166427612
                ]
            ]
        ],
        [
            -0.07300918579101562,
            -0.06287825012207031,
            0.4532674560546875,
            0.03974627631300065,
            -0.029051822792930393,
            0.3760590816783283,
            [
                [
                    0.9297267198562622,
                    -0.36804133653640747,
                    -0.012403231114149094
                ],
                [
                    0.36710283160209656,
                    0.9289606809616089,
                    -0.047618623822927475
                ],
                [
                    0.029047736898064613,
                    0.03971904516220093,
                    0.998788595199585
                ]
            ]
        ],
        [
            -0.070963623046875,
            -0.06545944213867187,
            0.45457586669921873,
            0.05628102121763515,
            -0.03962891259784995,
            0.37364764001200834,
            [
                [
                    0.9302711486816406,
                    -0.36651068925857544,
                    -0.01629403606057167
                ],
                [
                    0.3647272288799286,
                    0.9287145137786865,
                    -0.06680850684642792
                ],
                [
                    0.039618540555238724,
                    0.05620715022087097,
                    0.9976327419281006
                ]
            ]
        ],
        [
            -0.06952114105224609,
            -0.06645526123046876,
            0.45464190673828125,
            0.010959555315746716,
            -0.036308285179094346,
            0.3635498877484154,
            [
                [
                    0.9340243935585022,
                    -0.35594481229782104,
                    -0.03002861887216568
                ],
                [
                    0.3553599715232849,
                    0.9344428181648254,
                    -0.023150447756052017
                ],
                [
                    0.036300309002399445,
                    0.010952112264931202,
                    0.9992809295654297
                ]
            ]
        ],
        [
            -0.0684674072265625,
            -0.07211342620849609,
            0.4551980285644531,
            0.0040660149983076654,
            -0.03130146236297171,
            0.3694081162139865,
            [
                [
                    0.9320844411849976,
                    -0.3611792325973511,
                    -0.02771681174635887
                ],
                [
                    0.36088666319847107,
                    0.9324875473976135,
                    -0.01509159430861473
                ],
                [
                    0.03129635006189346,
                    0.004064011853188276,
                    0.9995018839836121
                ]
            ]
        ],
        [
            -0.06854165649414062,
            -0.07526139831542969,
            0.4561934509277344,
            0.042070174024746915,
            -0.030606271538575536,
            0.3624087058829716,
