{
    "amplitude": 0.08057292800257508,
    "frequency": 0.015462813147502112,
    "seed": 1762039286,
    "time_interval": 0.05,
    "pid_gains": {
        "pid_rate": {
            "roll_kp": "50.0",
            "roll_ki": "0.0",
            "roll_kd": "0.0",
            "pitch_kp": "50.0",
            "pitch_ki": "0.0",
            "pitch_kd": "0.0",
            "yaw_kp": "80.0",
            "yaw_ki": "0.0",
            "yaw_kd": "0.0"
        },
        "pid_attitude": {
            "roll_kp": "8.0",
            "roll_ki": "0.0",
            "roll_kd": "0.20000000298023224",
            "pitch_kp": "8.0",
            "pitch_ki": "0.0",
            "pitch_kd": "1.0",
            "yaw_kp": "10.0",
            "yaw_ki": "0.0",
            "yaw_kd": "0.3499999940395355"
        },
        "velCtlPid": {
            "vxKp": "15.0",
            "vxKi": "1.0",
            "vxKd": "0.0",
            "vyKp": "10.0",
            "vyKi": "1.0",
            "vyKd": "0.0",
            "vzKp": "12.5",
            "vzKi": "0.5",
            "vzKd": "0.0"
        },
        "posCtlPid": {
            "xKp": "1.5",
            "xKi": "0.0",
            "xKd": "0.0",
            "yKp": "1.5",
            "yKi": "0.0",
            "yKd": "0.0",
            "zKp": "5.0",
            "zKi": "0.5",
            "zKd": "0.0"
        }
    },
    "pose": [
        [
            -0.0005794052481651307,
            -0.02845823287963867,
            0.26232550048828124,
            -0.004854913035523101,
            0.01682432513500931,
            1.1643535622078074,
            [
                [
                    0.3952884376049042,
                    -0.918554425239563,
                    0.0021916297264397144
                ],
                [
                    0.9184029698371887,
                    0.39526471495628357,
                    0.017372140660881996
                ],
                [
                    -0.016823532059788704,
                    -0.004854207392781973,
                    0.9998466968536377
                ]
            ]
        ],
        [
            -0.0006650174260139465,
            -0.02847429656982422,
            0.2623377075195312,
            -0.005263654888022384,
            0.01804496259514199,
            1.1653058064716109,
            [
                [
                    0.394405335187912,
                    -0.9189337491989136,
                    0.0022809053771197796
                ],
                [
                    0.9187594056129456,
                    0.39437681436538696,
                    0.018656890839338303
                ],
                [
                    -0.018043983727693558,
                    -0.00526277394965291,
                    0.9998233318328857
                ]
            ]
        ],
        [
            -0.0010222740173339844,
            -0.029003681182861327,
            0.2622514343261719,
            -0.008446448719721111,
            0.01686165256511174,
            1.1524112008604752,
            [
                [
                    0.40622764825820923,
                    -0.9137715101242065,
                    -0.0008677446749061346
                ],
                [
                    0.9136163592338562,
                    0.4061408042907715,
                    0.018837619572877884
                ],
                [
                    -0.016860853880643845,
                    -0.00844514835625887,
                    0.999822199344635
                ]
            ]
        ],
        [
            0.0001836451292037964,
            -0.02885136604309082,
            0.262272705078125,
            0.002742730751644773,
            0.020331483356811342,
            1.2932503063105218,
            [
                [
                    0.2739397883415222,
                    -0.9617118239402771,
                    0.008208113722503185
                ],
                [
                    0.961531937122345,
                    0.2740490138530731,
                    0.018800493329763412
                ],
                [
                    -0.02033008262515068,
                    0.002742159878835082,
                    0.9997895359992981
                ]
            ]
        ],
        [
            -0.0008913804888725281,
            -0.02857710075378418,
            0.2623630065917969,
            -0.001865896064290662,
            0.01761102826964911,
            1.3309617297446783,
            [
                [
                    0.23750512301921844,
                    -0.9713833928108215,
                    0.0023706466890871525
                ],
                [
                    0.9712266325950623,
                    0.237509623169899,
                    0.017549267038702965
                ],
                [
                    -0.01761011779308319,
                    -0.0018656054744496942,
                    0.999843180179596
                ]
            ]
        ],
        [
            -0.0032637124061584474,
            -0.028097402572631835,
            0.2660050964355469,
            -0.020953780333144545,
            0.003602622682221668,
            1.3423970276933295,
            [
                [
                    0.22641721367835999,
                    -0.9738333225250244,
                    -0.01959259808063507
                ],
                [
                    0.9740237593650818,
                    0.22629545629024506,
                    0.008252264931797981
                ],
                [
                    -0.003602614626288414,
                    -0.02095211111009121,
                    0.9997739791870117
                ]
            ]
        ],
        [
            -0.006081697940826416,
            -0.028182674407958984,
            0.2825740661621094,
            -0.033207003149576586,
            -0.007214352904795662,
            1.1185008774064387,
            [
                [
                    0.437019944190979,
                    -0.8988457322120667,
                    -0.03301355987787247
                ],
                [
                    0.8994228839874268,
                    0.43700581789016724,
                    0.008024543523788452
                ],
                [
                    0.007214289624243975,
                    -0.033200036734342575,
                    0.9994226694107056
                ]
            ]
        ],
        [
            -0.011129798889160157,
            -0.02855157470703125,
            0.2995403747558594,
            -0.046268864750290906,
            -0.03994429644002562,
            0.8962529523715589,
            [
                [
                    0.6240425705909729,
                    -0.779002845287323,
                    -0.06103624776005745
                ],
                [
                    0.780369222164154,
                    0.6253148913383484,
                    -0.0022680291440337896
                ],
                [
                    0.03993367403745651,
                    -0.04621546342968941,
                    0.9981329441070557
                ]
            ]
        ],
        [
            -0.021266735076904297,
            -0.03033704948425293,
            0.3231452331542969,
            -0.06913257686548513,
            -0.07167041200693092,
            0.7609408528208916,
            [
                [
                    0.7223283648490906,
                    -0.6843736171722412,
                    -0.09937059134244919
                ],
                [
                    0.6878327131271362,
                    0.725868821144104,
                    0.000761202652938664
                ],
                [
                    0.07160907238721848,
                    -0.06890018284320831,
                    0.9950501918792725
                ]
            ]
        ],
        [
            -0.031126579284667968,
            -0.026952508926391602,
            0.34294949340820313,
            -0.05062955883344128,
            -0.07547280971131465,
            0.5891750072420925,
            [
                [
                    0.8290325999259949,
                    -0.551790714263916,
                    -0.0907297432422638
                ],
                [
                    0.5540934801101685,
                    0.8324544429779053,
                    0.0002305163798155263
                ],
                [
                    0.0754011794924736,
                    -0.05046386644244194,
                    0.9958755373954773
                ]
            ]
        ],
        [
            -0.04131653594970703,
            -0.029767446517944336,
            0.36228012084960937,
            -0.03859458748337524,
            -0.0983636829104868,
            0.5447581410461733,
            [
                [
                    0.8511185050010681,
                    -0.5145846009254456,
                    -0.10392284393310547
                ],
                [
                    0.5157063007354736,
                    0.8565793633460999,
                    -0.017853181809186935
                ],
                [
                    0.09820514172315598,
                    -0.03839849308133125,
                    0.9944251179695129
                ]
            ]
        ],
        [
            -0.05351047134399414,
            -0.03452547836303711,
            0.37720895385742187,
            -0.01752948688143552,
            -0.04949077773237209,
            0.527977908119758,
            [
                [
                    0.8627698421478271,
                    -0.5029611587524414,
                    -0.05155816674232483
                ],
                [
                    0.5031707882881165,
                    0.8641316890716553,
                    -0.009777157567441463
                ],
                [
                    0.049470577389001846,
                    -0.017507126554846764,
                    0.9986221194267273
                ]
            ]
        ],
        [
            -0.06264181900024414,
            -0.03567028045654297,
            0.3839273681640625,
            -0.019437912732719914,
            -0.04456503434355907,
            0.4859759176637862,
            [
                [
                    0.8833416700363159,
                    -0.46621760725975037,
                    -0.048463113605976105
                ],
                [
                    0.4666077792644501,
                    0.8844569325447083,
                    -0.0036179369781166315
                ],
                [
                    0.04455028474330902,
                    -0.01941739022731781,
                    0.9988183975219727
                ]
            ]
        ],
        [
            -0.07177168273925781,
            -0.03667448806762695,
            0.3915778503417969,
            -0.010839585292917148,
            0.0099441787455945,
            0.49921905151199153,
            [
                [
                    0.8779132962226868,
                    -0.4788065552711487,
                    0.003540659323334694
                ],
                [
                    0.4787163734436035,
                    0.877853512763977,
                    0.014276818372309208
                ],
                [
                    -0.009944015182554722,
                    -0.01083883736282587,
                    0.9998918175697327
                ]
            ]
        ],
        [
            -0.08074601745605468,
            -0.03713591766357422,
            0.39442288208007814,
            -0.009213049487771963,
            0.04450890325104817,
            0.46002940483003274,
            [
                [
                    0.8951520323753357,
                    -0.4443229138851166,
                    0.03577657416462898
                ],
                [
                    0.4435347616672516,
                    0.8958194255828857,
                    0.02800859324634075
                ],
                [
                    -0.044494207948446274,
                    -0.009203794412314892,
                    0.9989672303199768
                ]
            ]
        ],
        [
            -0.08893203735351562,
            -0.04108406829833984,
            0.3948957824707031,
            -0.014692240305243076,
            0.05994821775777348,
            0.4367650694317914,
            [
                [
                    0.9044970870018005,
                    -0.42376235127449036,
                    0.04806743189692497
                ],
                [
                    0.42225056886672974,
                    0.9056546688079834,
                    0.03865332528948784
                ],
                [
                    -0.059912316501140594,
                    -0.014665319584310055,
                    0.9980959296226501
                ]
            ]
        ],
        [
            -0.09090196228027343,
            -0.04309894561767578,
            0.39435736083984374,
            0.020916617850654184,
            0.09054190389647077,
            0.47562512586065947,
            [
                [
                    0.8853651881217957,
                    -0.45611292123794556,
                    0.08994174003601074
                ],
                [
                    0.45601868629455566,
                    0.8896781206130981,
                    0.022799285128712654
                ],
                [
                    -0.0904182493686676,
                    0.020829422399401665,
                    0.9956860542297363
                ]
            ]
        ],
        [
            -0.09459033203125,
            -0.04052727127075195,
            0.39089944458007814,
            -0.006866650809875446,
            0.12913608487185502,
            0.42597254490846503,
            [
                [
                    0.9030548930168152,
                    -0.41400212049484253,
                    0.11442947387695312
                ],
                [
                    0.4097660481929779,
                    0.9102504253387451,
                    0.05946342647075653
                ],
                [
                    -0.12877747416496277,
                    -0.00680942228063941,
                    0.9916501641273499
                ]
            ]
        ],
        [
            -0.09763261413574219,
            -0.04134845733642578,
            0.3882884826660156,
            -0.024391390743917107,
            0.13228663760198245,
            0.4261971885230166,
            [
                [
                    0.9025889039039612,
                    -0.4162173569202423,
                    0.10998345911502838
                ],
                [
                    0.40979915857315063,
                    0.9089437127113342,
                    0.07672043144702911
                ],
                [
                    -0.13190114498138428,
                    -0.02417588233947754,
                    0.9909680485725403
                ]
            ]
        ],
        [
            -0.09291130828857422,
            -0.0411497917175293,
            0.38529971313476563,
            0.009714672934795915,
            0.14966147772649885,
            0.42717619173118726,
            [
                [
                    0.8999654054641724,
                    -0.4129645526409149,
                    0.13972321152687073
                ],
                [
                    0.4096711575984955,
                    0.9106964468955994,
                    0.05292941629886627
                ],
                [
                    -0.14910340309143066,
                    0.009605927392840385,
                    0.9887749552726746
                ]
            ]
        ],
        [
            -0.08966986083984375,
            -0.03514387512207031,
            0.3810975341796875,
            -0.02146113696313154,
            0.17567440460663053,
            0.41719419901719434,
            [
                [
                    0.9001584649085999,
                    -0.40853244066238403,
                    0.15104977786540985
                ],
                [
                    0.3989604711532593,
                    0.912499189376831,
                    0.09041974693536758
                ],
                [
                    -0.1747722029685974,
                    -0.021129202097654343,
                    0.984382152557373
                ]
            ]
        ],
        [
            -0.08796703338623046,
            -0.033731281280517576,
            0.3790176086425781,
            -0.04162135393728117,
            0.14237809352435393,
            0.38537261206052253,
            [
                [
                    0.9172819256782532,
                    -0.38105013966560364,
                    0.11573554575443268
                ],
                [
                    0.3721008002758026,
                    0.9236364960670471,
                    0.0918513685464859
                ],
                [
                    -0.1418975442647934,
                    -0.041188307106494904,
                    0.9890240430831909
                ]
            ]
        ],
        [
            -0.0793857879638672,
            -0.030221454620361327,
            0.37847610473632814,
            -0.023683985995830603,
            0.1326929810877151,
            0.4097088465865483,
            [
                [
                    0.9091736078262329,
                    -0.4011044502258301,
                    0.11188655346632004
                ],
                [
                    0.3948405385017395,
                    0.9157314896583557,
                    0.07440926134586334
                ],
                [
                    -0.13230392336845398,
                    -0.0234735906124115,
                    0.9909312129020691
                ]
            ]
        ],
        [
            -0.07342571258544922,
            -0.02110783386230469,
            0.37727142333984376,
            -0.03876100599365023,
            0.12322388703321319,
            0.39722468786050713,
            [
                [
                    0.9151461124420166,
                    -0.3909621834754944,
                    0.0982656255364418
                ],
                [
                    0.38392725586891174,
                    0.9196029305458069,
                    0.08324825763702393
                ],
                [
                    -0.12291228026151657,
                    -0.0384574718773365,
                    0.9916720986366272
                ]
            ]
        ],
        [
            -0.06941604614257812,
            -0.01909816551208496,
            0.37829840087890626,
            -0.052518079460388306,
            0.08681869584840829,
            0.3705444115446471,
            [
                [
                    0.9286195635795593,
                    -0.365866482257843,
                    0.06170401722192764
                ],
                [
                    0.36075904965400696,
                    0.9291968941688538,
                    0.08028746396303177
                ],
                [
                    -0.08670967072248459,
                    -0.0522962287068367,
                    0.994860053062439
                ]
            ]
        ],
        [
            -0.06016225814819336,
            -0.01380092430114746,
            0.37978836059570314,
            -0.042389317842859375,
            0.06460811539671352,
            0.4032585054367853,
            [
                [
                    0.9178681373596191,
                    -0.39458155632019043,
                    0.042701706290245056
                ],
                [
                    0.39159882068634033,
                    0.9178873300552368,
                    0.06429044157266617
                ],
                [
                    -0.06456317752599716,
                    -0.04228821024298668,
                    0.9970172047615051
                ]
            ]
        ],
        [
            -0.054474925994873045,
            -0.007027481555938721,
            0.3817083740234375,
            -0.013357132778437641,
            0.059853515233555976,
            0.39624454282839877,
            [
                [
                    0.920864999294281,
                    -0.3866592347621918,
                    0.050022877752780914
                ],
                [
                    0.3852654695510864,
                    0.922126293182373,
                    0.035406824201345444
                ],
                [
                    -0.059817783534526825,
                    -0.013332817703485489,
                    0.9981202483177185
                ]
            ]
        ],
        [
            -0.050525100708007815,
            -0.00636915922164917,
            0.3843643798828125,
            -0.007910388579151578,
            0.024078089426303295,
            0.3652233103874907,
            [
                [
                    0.9337732791900635,
                    -0.35732460021972656,
                    0.01966189034283161
                ],
                [
                    0.35705435276031494,
                    0.9339467883110046,
                    0.015987154096364975
                ],
                [
                    -0.024075763300061226,
                    -0.007908012717962265,
                    0.9996788501739502
                ]
            ]
        ],
        [
            -0.04363555908203125,
            -0.000853324830532074,
            0.3885416259765625,
            -0.04854995541192966,
            0.006991361176603483,
            0.4013308667539536,
            [
                [
                    0.9205194115638733,
                    -0.39049583673477173,
                    -0.012530084699392319
                ],
                [
                    0.3906342685222626,
                    0.9193246960639954,
                    0.047402605414390564
                ],
                [
                    -0.006991304457187653,
                    -0.04852969944477081,
                    0.9987972974777222
                ]
            ]
        ],
        [
            -0.03979993438720703,
            0.0015380111932754516,
            0.39234185791015624,
            -0.009230119136980353,
            0.00021576694495784032,
            0.36239449261962114,
            [
                [
                    0.9350506067276001,
                    -0.35450097918510437,
                    -0.003070417558774352
                ],
                [
                    0.3545142114162445,
                    0.9350100755691528,
                    0.008706995286047459
                ],
                [
                    -0.00021576690778601915,
                    -0.009229987859725952,
                    0.9999573826789856
                ]
            ]
        ],
        [
            -0.039325363159179685,
            0.004332973003387451,
            0.3955947265625,
            -0.005485844948157709,
            -0.026825162913324707,
            0.3438829691176677,
            [
                [
                    0.9411139488220215,
                    -0.33700165152549744,
                    -0.027100728824734688
                ],
                [
                    0.3370239734649658,
                    0.9414880871772766,
                    -0.003878118470311165
                ],
                [
                    0.02682194672524929,
                    -0.005483843851834536,
                    0.9996252059936523
                ]
            ]
        ],
        [
            -0.03634678649902344,
            0.004568161487579346,
            0.39791900634765626,
            -0.01294983282033707,
            -0.03733477133552476,
            0.38937979665532574,
            [
                [
                    0.9244999885559082,
                    -0.37913569808006287,
                    -0.03944495692849159
                ],
                [
                    0.3793501853942871,
                    0.9252505898475647,
                    -0.0021882138680666685
                ],
                [
                    0.03732609748840332,
                    -0.012940446846187115,
                    0.9992193579673767
                ]
            ]
        ],
        [
            -0.035683868408203125,
            0.0050301141738891605,
            0.4002420654296875,
            -0.005822742595199465,
            -0.027773519493107912,
            0.3543783213535352,
            [
                [
                    0.9375007152557373,
                    -0.34684985876083374,
                    -0.02806447260081768
                ],
                [
                    0.34687355160713196,
                    0.9379026293754578,
                    -0.0041753132827579975
                ],
                [
                    0.027769949287176132,
                    -0.005820463877171278,
                    0.9995973706245422
                ]
            ]
        ],
        [
            -0.039340633392333985,
            0.007165913581848145,
            0.4002844848632813,
            -0.013749253108318787,
            -0.0275600456837668,
            0.3047312767878211,
            [
                [
                    0.9535653591156006,
                    -0.2996470630168915,
                    -0.03040962852537632
                ],
                [
                    0.299922913312912,
                    0.9539511203765869,
                    0.004848178010433912
                ],
                [
                    0.027556557208299637,
                    -0.013743598945438862,
                    0.999525785446167
                ]
            ]
        ],
        [
            -0.037353897094726564,
            0.007184435844421386,
            0.4006586303710937,
            -0.025054617001442264,
            -0.03688773822872138,
            0.35325941433440444,
            [
                [
                    0.9376118183135986,
                    -0.3449823558330536,
                    -0.043258149176836014
                ],
                [
                    0.3457224369049072,
                    0.9382752180099487,
                    0.01075033564120531
                ],
                [
                    0.03687937185168266,
                    -0.02503495290875435,
                    0.9990060925483704
                ]
            ]
        ],
        [
            -0.039200210571289064,
            0.006174852848052978,
            0.40013009643554687,
            0.0026432279883688847,
            -0.012543418583832233,
            0.31356266180906045,
            [
                [
                    0.9511658549308777,
                    -0.30847999453544617,
                    -0.011116154491901398
                ],
                [
                    0.30842527747154236,
                    0.9512271881103516,
                    -0.006383239757269621
                ],
                [
                    0.01254308968782425,
                    0.0026430170983076096,
                    0.9999178647994995
                ]
            ]
        ],
        [
            -0.04351552200317383,
            0.006189367771148682,
            0.3990621337890625,
            -0.008133207164828321,
            -0.016302954079369103,
            0.29281076512385706,
            [
                [
                    0.9573091268539429,
                    -0.28850799798965454,
                    -0.017955413088202477
                ],
                [
                    0.2886061370372772,
                    0.9574429392814636,
                    0.0030815484933555126
                ],
                [
                    0.016302231699228287,
                    -0.00813203677535057,
                    0.9998340606689453
                ]
            ]
        ],
        [
            -0.04160757446289062,
            0.002563857316970825,
            0.397796630859375,
            -0.005201192293847329,
            -0.004334316217645684,
            0.3535518521433316,
            [
                [
                    0.9381400346755981,
                    -0.34620630741119385,
                    -0.0058669778518378735
                ],
                [
                    0.3462288975715637,
                    0.9381439685821533,
                    0.0033788159489631653
                ],
                [
                    0.004334302619099617,
                    -0.005201119929552078,
                    0.9999770522117615
                ]
            ]
        ],
        [
            -0.04239068222045898,
            0.0021718838214874266,
            0.397158935546875,
            0.03233425141077437,
            0.01466405948130678,
            0.3169837349541501,
            [
                [
                    0.9500777721405029,
                    -0.3110886216163635,
                    0.02400260791182518
                ],
                [
                    0.3116684854030609,
                    0.9498310089111328,
                    -0.02614974044263363
                ],
                [
                    -0.014663533307611942,
                    0.0323251411318779,
                    0.9993698596954346
                ]
            ]
        ],
        [
            -0.0448621826171875,
            -0.0008889533877372742,
            0.3960552978515625,
            0.0017423873016993996,
            0.015007140055153245,
            0.30212237268572817,
            [
                [
                    0.9545996189117432,
                    -0.297521710395813,
                    0.014845306053757668
                ],
                [
                    0.29751360416412354,
                    0.9547134637832642,
                    0.002801688155159354
                ],
                [
                    -0.015006576664745808,
                    0.0017421902157366276,
                    0.9998858571052551
                ]
            ]
        ],
        [
            -0.042239696502685546,
            -0.004262568950653076,
            0.3953942565917969,
            -0.017444291202454748,
            0.023580836643591674,
            0.3277869561236949,
            [
                [
                    0.946493923664093,
                    -0.32228901982307434,
                    0.016703980043530464
                ],
                [
                    0.32185909152030945,
                    0.9464806914329529,
                    0.024104628711938858
                ],
                [
                    -0.023578651249408722,
                    -0.017438556998968124,
                    0.9995698928833008
                ]
            ]
        ],
        [
            -0.040936958312988284,
            -0.0037051894664764406,
            0.39484002685546876,
            0.014956067643021348,
            0.047445594301562366,
            0.3070825642725059,
            [
                [
                    0.9521468281745911,
                    -0.30156904458999634,
                    0.04972478002309799
                ],
                [
                    0.3019388020038605,
                    0.9533272981643677,
                    7.89381520007737e-05
                ],
                [
                    -0.04742779582738876,
                    0.014938680455088615,
                    0.9987629652023315
                ]
            ]
        ],
        [
            -0.04127799224853516,
            -0.005810333728790283,
            0.3942469482421875,
            -0.0392853817476929,
            0.042152261125094403,
            0.2767133454689738,
            [
                [
                    0.9611040353775024,
                    -0.2745768129825592,
                    0.02977561391890049
                ],
                [
                    0.2729528248310089,
                    0.9607641696929932,
                    0.04928470402956009
                ],
                [
                    -0.04213977977633476,
                    -0.03924039006233215,
                    0.9983408451080322
                ]
            ]
        ],
        [
            -0.03880276870727539,
            -0.009072364807128907,
            0.3944139099121094,
            -0.03276422285809141,
            0.036123157872073985,
            0.309573978444892,
            [
                [
                    0.9518420696258545,
                    -0.30561622977256775,
                    0.02440011315047741
                ],
                [
                    0.30445414781570435,
                    0.9515918493270874,
                    0.04219786822795868
                ],
                [
                    -0.03611530363559723,
                    -0.032736990600824356,
                    0.9988113045692444
                ]
            ]
        ],
        [
            -0.036087169647216796,
            -0.008775867462158204,
            0.39457110595703127,
            -0.005719829144553379,
            0.04101152262421204,
            0.29665805959414393,
            [
                [
                    0.9555146098136902,
                    -0.2925453782081604,
                    0.03753640875220299
                ],
                [
                    0.2920800745487213,
                    0.9562345743179321,
                    0.017455123364925385
                ],
                [
                    -0.04100002720952034,
                    -0.005714988335967064,
                    0.9991428256034851
                ]
            ]
        ],
        [
            -0.036234973907470706,
            -0.009994129180908203,
            0.3954532470703125,
            -0.054015138108710975,
            0.033154776938727926,
            0.28216355349472233,
            [
                [
                    0.9599274396896362,
                    -0.2797470986843109,
                    0.016759058460593224
                ],
                [
                    0.2782812714576721,
                    0.9585561752319336,
                    0.06107017397880554
                ],
                [
                    -0.03314870223402977,
                    -0.053959205746650696,
                    0.997992753982544
                ]
            ]
        ],
        [
            -0.03449175262451172,
            -0.013663471221923828,
            0.3962154541015625,
            -0.026833348950993513,
            0.013830675450594354,
            0.28900055827833515,
            [
                [
                    0.9584375023841858,
                    -0.28524744510650635,
                    0.005605475511401892
                ],
                [
                    0.2849671244621277,
                    0.9580783843994141,
                    0.029657581821084023
                ],
                [
                    -0.013830234296619892,
                    -0.026827562600374222,
                    0.9995443820953369
                ]
            ]
        ],
        [
            -0.031202369689941407,
            -0.014127967834472656,
            0.39823910522460937,
            -0.006175676645524764,
            0.016478414229105454,
            0.2929185486934023,
            [
                [
                    0.9572752714157104,
                    -0.2888396084308624,
                    0.013992303982377052
                ],
                [
                    0.28870847821235657,
                    0.9573575854301453,
                    0.01067038532346487
                ],
                [
                    -0.016477668657898903,
                    -0.006174799054861069,
                    0.9998451471328735
                ]
            ]
        ],
        [
            -0.0323521842956543,
            -0.01456057357788086,
            0.40023403930664064,
            -0.0298807102884992,
            0.004507138769294983,
            0.26778316281267117,
            [
                [
                    0.9643500447273254,
                    -0.2646059989929199,
                    -0.003560539335012436
                ],
                [
                    0.2645915746688843,
                    0.963893711566925,
                    0.030003495514392853
                ],
                [
                    -0.004507123492658138,
                    -0.02987596020102501,
                    0.9995434284210205
                ]
            ]
        ],
        [
            -0.0315480899810791,
            -0.019765363693237305,
            0.40182012939453127,
            -0.030541173884056208,
            -0.011030003680411404,
            0.2762975962241613,
            [
                [
                    0.9620134830474854,
                    -0.27234429121017456,
                    -0.018936695531010628
                ],
                [
                    0.2727789580821991,
                    0.9617152810096741,
                    0.02637076936662197
                ],
                [
                    0.01102977991104126,
                    -0.030534569174051285,
                    0.9994728565216064
                ]
            ]
        ],
        [
            -0.030556787490844728,
            -0.020105737686157227,
            0.4035702819824219,
            0.01141475459776134,
            -0.007400712774285667,
            0.2744659339659997,
            [
                [
                    0.9625437259674072,
                    -0.2710965573787689,
                    -0.004029468633234501
                ],
                [
                    0.27102547883987427,
                    0.9624844789505005,
                    -0.012992950156331062
                ],
                [
                    0.007400645408779383,
                    0.011414194479584694,
                    0.9999074935913086
                ]
            ]
        ],
        [
            -0.031832342147827146,
            -0.021990150451660157,
            0.4056141052246094,
            -0.006109924916651133,
            -0.011980065425490904,
            0.29326244040337124,
            [
                [
                    0.957237184047699,
                    -0.2890014350414276,
                    -0.013234325684607029
                ],
                [
                    0.2890561819076538,
                    0.9573091864585876,
                    0.0023860177025198936
                ],
                [
                    0.011979779228568077,
                    -0.006109448615461588,
                    0.9999095797538757
                ]
            ]
        ],
        [
            -0.031832342147827146,
            -0.021990150451660157,
            0.4056141052246094,
            -0.006109924916651133,
            -0.011980065425490904,
            0.29326244040337124,
            [
                [
                    0.957237184047699,
                    -0.2890014350414276,
                    -0.013234325684607029
                ],
                [
                    0.2890561819076538,
                    0.9573091864585876,
                    0.0023860177025198936
                ],
                [
                    0.011979779228568077,
                    -0.006109448615461588,
                    0.9999095797538757
                ]
            ]
        ],
        [
            -0.03449760437011719,
