{
    "amplitude": 0.08054800522356667,
    "frequency": 0.0262367723725353,
    "seed": 1762035453,
    "time_interval": 0.05,
    "pid_gains": {
        "pid_rate": {
            "roll_kp": "50.0",
            "roll_ki": "0.0",
            "roll_kd": "0.0",
            "pitch_kp": "50.0",
            "pitch_ki": "0.0",
            "pitch_kd": "0.0",
            "yaw_kp": "80.0",
            "yaw_ki": "0.0",
            "yaw_kd": "0.0"
        },
        "pid_attitude": {
            "roll_kp": "8.0",
            "roll_ki": "0.0",
            "roll_kd": "0.20000000298023224",
            "pitch_kp": "8.0",
            "pitch_ki": "0.0",
            "pitch_kd": "1.0",
            "yaw_kp": "10.0",
            "yaw_ki": "0.0",
            "yaw_kd": "0.3499999940395355"
        },
        "velCtlPid": {
            "vxKp": "15.0",
            "vxKi": "1.0",
            "vxKd": "0.0",
            "vyKp": "10.0",
            "vyKi": "1.0",
            "vyKd": "0.0",
            "vzKp": "12.5",
            "vzKi": "0.5",
            "vzKd": "0.0"
        },
        "posCtlPid": {
            "xKp": "1.5",
            "xKi": "0.0",
            "xKd": "0.0",
            "yKp": "1.5",
            "yKi": "0.0",
            "yKd": "0.0",
            "zKp": "5.0",
            "zKi": "0.5",
            "zKd": "0.0"
        }
    },
    "pose": [
        [
            0.029923847198486328,
            0.02151168632507324,
            0.2620472106933594,
            0.020743457613149552,
            0.02905272966582051,
            0.5208881904413187,
            [
                [
                    0.8670114874839783,
                    -0.49702104926109314,
                    0.035512976348400116
                ],
                [
                    0.49744072556495667,
                    0.8674907684326172,
                    -0.00353815034031868
                ],
                [
                    -0.02904864214360714,
                    0.020733216777443886,
                    0.9993629455566406
                ]
            ]
        ],
        [
            0.029920886993408204,
            0.02151923370361328,
            0.2620286865234375,
            0.02052680352174463,
            0.02911315681605453,
            0.5208381033261428,
            [
                [
                    0.8670348525047302,
                    -0.49698421359062195,
                    0.03545750677585602
                ],
                [
                    0.49739640951156616,
                    0.8675169944763184,
                    -0.0033219284377992153
                ],
                [
                    -0.0291090440005064,
                    0.020516663789749146,
                    0.9993656873703003
                ]
            ]
        ],
        [
            0.029237995147705077,
            0.02141838836669922,
            0.2619639892578125,
            0.016790000378675923,
            0.026135031063339476,
            0.5112724791236983,
            [
                [
                    0.8718248009681702,
                    -0.48883581161499023,
                    0.031001893803477287
                ],
                [
                    0.4891203045845032,
                    0.8722143173217773,
                    -0.0018579676980152726
                ],
                [
                    -0.02613205648958683,
                    0.01678347773849964,
                    0.9995176196098328
                ]
            ]
        ],
        [
            0.030016435623168945,
            0.020312145233154298,
            0.2621813049316406,
            0.024933848416187177,
            0.026633303840849498,
            0.6785679372215438,
            [
                [
                    0.7781963348388672,
                    -0.6269668936729431,
                    0.03637322410941124
                ],
                [
                    0.6274562478065491,
                    0.7786471247673035,
                    -0.002698312047868967
                ],
                [
                    -0.026630155742168427,
                    0.02492242306470871,
                    0.9993346333503723
                ]
            ]
        ],
        [
            0.03073773384094238,
            0.022733266830444337,
            0.26204150390625,
            0.019632271647331057,
            0.03619032142501699,
            0.688279628544826,
            [
                [
                    0.7718341946601868,
                    -0.6345384120941162,
                    0.040409546345472336
                ],
                [
                    0.6347934603691101,
                    0.7726423144340515,
                    0.007817171514034271
                ],
                [
                    -0.03618242219090462,
                    0.01961815543472767,
                    0.9991526007652283
                ]
            ]
        ],
        [
            0.02877462387084961,
            0.023289306640625,
            0.26617898559570313,
            0.009923487838749856,
            0.020004038262178225,
            0.7159140095609021,
            [
                [
                    0.7543427348136902,
                    -0.6561252474784851,
                    0.021603921428322792
                ],
                [
                    0.656175971031189,
                    0.7545868158340454,
                    0.005640188232064247
                ],
                [
                    -0.020002704113721848,
                    0.009921339340507984,
                    0.9997506737709045
                ]
            ]
        ],
        [
            0.02372257614135742,
            0.022842191696166993,
            0.27900411987304685,
            0.009336360137913197,
            -0.08428846424663838,
            0.5041032559018646,
            [
                [
                    0.872499406337738,
                    -0.4836896061897278,
                    -0.06920347362756729
                ],
                [
                    0.48130762577056885,
                    0.8751901388168335,
                    -0.04883812740445137
                ],
                [
                    0.08418869227170944,
                    0.009303079918026924,
                    0.9964063763618469
                ]
            ]
        ],
        [
            0.018531614303588868,
            0.025610321044921874,
            0.30173306274414063,
            0.014028317909345778,
            -0.08170538749634315,
            0.26711989900564864,
            [
                [
                    0.9613174200057983,
                    -0.26503288745880127,
                    -0.07500959932804108
                ],
                [
                    0.26307401061058044,
                    0.9641380310058594,
                    -0.035070765763521194
                ],
                [
                    0.08161450922489166,
                    0.01398106012493372,
                    0.9965658783912659
                ]
            ]
        ],
        [
            0.010000401496887208,
            0.026039304733276366,
            0.3281148681640625,
            -0.005326869408906532,
            -0.0892578840913365,
            0.26795515398196373,
            [
                [
                    0.960475504398346,
                    -0.2642984688282013,
                    -0.08736752718687057
                ],
                [
                    0.26370614767074585,
                    0.9644263386726379,
                    -0.01846347376704216
                ],
                [
                    0.0891394093632698,
                    -0.005305638536810875,
                    0.9960049986839294
                ]
            ]
        ],
        [
            0.0024903573989868166,
            0.02626370429992676,
            0.347319091796875,
            0.006297341469987172,
            -0.08627876633043896,
            0.2922886468383202,
            [
                [
                    0.9540249705314636,
                    -0.28865846991539,
                    -0.08070078492164612
                ],
                [
                    0.2870727479457855,
                    0.9574115872383118,
                    -0.03085964359343052
                ],
                [
                    0.08617176115512848,
                    0.006273875944316387,
                    0.9962605237960815
                ]
            ]
        ],
        [
            -0.00901699161529541,
            0.023204532623291016,
            0.37299935913085935,
            0.03244346397725528,
            -0.05714669596938027,
            0.22237566711708423,
            [
                [
                    0.9737840294837952,
                    -0.2222384363412857,
                    -0.04852581396698952
                ],
                [
                    0.22018738090991974,
                    0.9744543433189392,
                    -0.04422910138964653
                ],
                [
                    0.057115595787763596,
                    0.03238482028245926,
                    0.9978421926498413
                ]
            ]
        ],
        [
            -0.01732390594482422,
            0.02317214584350586,
            0.3892017211914062,
            0.04569060389786922,
            -0.008654313407117531,
            0.23001699372451978,
            [
                [
                    0.9736260771751404,
                    -0.22814099490642548,
                    0.001996080856770277
                ],
                [
                    0.22798553109169006,
                    0.9725562334060669,
                    -0.046442799270153046
                ],
                [
                    0.00865420512855053,
                    0.04567299783229828,
                    0.9989189505577087
                ]
            ]
        ],
        [
            -0.029694799423217774,
            0.021768512725830077,
            0.40568807983398436,
            0.028122327707614567,
            -0.032112902419186184,
            0.22820769799966928,
            [
                [
                    0.973571240901947,
                    -0.22702200710773468,
                    -0.0249012503772974
                ],
                [
                    0.226115420460701,
                    0.9734840393066406,
                    -0.034650448709726334
                ],
                [
                    0.032107383012771606,
                    0.02810412459075451,
                    0.999089241027832
                ]
            ]
        ],
        [
            -0.037369598388671876,
            0.02003653144836426,
            0.41592892456054686,
            0.029777236915284708,
            -0.022145317028528844,
            0.23406539974085855,
            [
                [
                    0.9724929928779602,
                    -0.23247244954109192,
                    -0.014624806120991707
                ],
                [
                    0.23187710344791412,
                    0.9721474051475525,
                    -0.03409453108906746
                ],
                [
                    0.02214350737631321,
                    0.02976553700864315,
                    0.999311625957489
                ]
            ]
        ],
        [
            -0.045182029724121095,
            0.01850970458984375,
            0.42003558349609377,
            0.037259393495759116,
            0.005309420137535659,
            0.1928677138887659,
            [
                [
                    0.981444776058197,
                    -0.19134707748889923,
                    0.012347348034381866
                ],
                [
                    0.19167152047157288,
                    0.9808153510093689,
                    -0.03554312512278557
                ],
                [
                    -0.0053093950264155865,
                    0.03725024685263634,
                    0.9992918372154236
                ]
            ]
        ],
        [
            -0.05270377731323242,
            0.016443504333496093,
            0.42430474853515626,
            0.03519143742871553,
            0.02589293608216736,
            0.22621988224836412,
            [
                [
                    0.9741945266723633,
                    -0.22326874732971191,
                    0.03310642018914223
                ],
                [
                    0.2242201417684555,
                    0.974122166633606,
                    -0.028484303504228592
                ],
                [
                    -0.025890043005347252,
                    0.03517238050699234,
                    0.9990458488464355
                ]
            ]
        ],
        [
            -0.0576718864440918,
            0.015706432342529296,
            0.4280077819824219,
            0.025602290786197565,
            0.04116424359607751,
            0.22995011374315544,
            [
                [
                    0.9728529453277588,
                    -0.22682850062847137,
                    0.04589112475514412
                ],
                [
                    0.22773586213588715,
                    0.9735987782478333,
                    -0.015548858791589737
                ],
                [
                    -0.04115261882543564,
                    0.025577807798981667,
                    0.9988254308700562
                ]
            ]
        ],
        [
            -0.06216012573242188,
            0.012711487770080566,
            0.42793936157226564,
            0.029820574887059442,
            0.0457751093477643,
            0.19313166745624233,
            [
                [
                    0.9803799390792847,
                    -0.19050894677639008,
                    0.050611115992069244
                ],
                [
                    0.1917322278022766,
                    0.981233537197113,
                    -0.020483018830418587
                ],
                [
                    -0.04575912654399872,
                    0.029784923419356346,
                    0.9985083937644958
                ]
            ]
        ],
        [
            -0.06580696868896484,
            0.011944437980651855,
            0.4295712585449219,
            0.017646401275984172,
            0.04330787239128453,
            0.20167941992202199,
            [
                [
                    0.9788129329681396,
                    -0.1995353400707245,
                    0.045944876968860626
                ],
                [
                    0.20012716948986053,
                    0.9797320365905762,
                    -0.008616684935986996
                ],
                [
                    -0.04329433664679527,
                    0.01762893982231617,
                    0.9989067912101746
                ]
            ]
        ],
        [
            -0.06757431793212891,
            0.012065265655517578,
            0.4295108947753906,
            -0.0020695831653713415,
            0.062327733459647705,
            0.23309832295763855,
            [
                [
                    0.9710661172866821,
                    -0.2311180830001831,
                    0.060124658048152924
                ],
                [
                    0.23054462671279907,
                    0.9729235172271729,
                    0.016401540488004684
                ],
                [
                    -0.06228738650679588,
                    -0.0020655624102801085,
                    0.9980561137199402
                ]
            ]
        ],
        [
            -0.06811811065673828,
            0.011935575485229492,
            0.428267822265625,
            -0.022854553317503773,
            0.07475181011837684,
            0.20986760104659188,
            [
                [
                    0.97532719373703,
                    -0.20994523167610168,
                    0.06826361268758774
                ],
                [
                    0.2077486217021942,
                    0.977447509765625,
                    0.037905655801296234
                ],
                [
                    -0.07468221336603165,
                    -0.022788746282458305,
                    0.9969469308853149
                ]
            ]
        ],
        [
            -0.07000546264648437,
            0.012107169151306153,
            0.42968017578125,
            -0.010847641234643934,
            0.07622073344564284,
            0.22027147872804956,
            [
                [
                    0.973004937171936,
                    -0.21928773820400238,
                    0.07193262875080109
                ],
                [
                    0.2178601771593094,
                    0.9756003022193909,
                    0.027222050353884697
                ],
                [
                    -0.07614695280790329,
                    -0.010815934278070927,
                    0.997037947177887
                ]
            ]
        ],
        [
            -0.07046562957763672,
            0.012769492149353027,
            0.4285939331054687,
            -0.03441889086000882,
            0.05339068055083085,
            0.20377235087340864,
            [
                [
                    0.9779146909713745,
                    -0.20404362678527832,
                    0.04526643827557564
                ],
                [
                    0.20207670331001282,
                    0.9783585071563721,
                    0.044492993503808975
                ],
                [
                    -0.0533653199672699,
                    -0.03436306118965149,
                    0.9979836344718933
                ]
            ]
        ],
        [
            -0.06816092681884765,
            0.015619411468505859,
            0.4268638000488281,
            -0.023980942202169855,
            0.05366171961296917,
            0.1814471205734342,
            [
                [
                    0.9821677803993225,
                    -0.18166624009609222,
                    0.048413269221782684
                ],
                [
                    0.18019337952136993,
                    0.9830687046051025,
                    0.033260997384786606
                ],
                [
                    -0.05363596975803375,
                    -0.023944126442074776,
                    0.9982734322547913
                ]
            ]
        ],
        [
            -0.07083214569091797,
            0.016802274703979492,
            0.4267205505371094,
            -0.021202615305580763,
            0.03803367247137923,
            0.18864775354024954,
            [
                [
                    0.9815483689308167,
                    -0.18828052282333374,
                    0.03336565941572189
                ],
                [
                    0.18739518523216248,
                    0.9818867444992065,
                    0.02795405685901642
                ],
                [
                    -0.038024503737688065,
                    -0.02118569426238537,
                    0.9990522265434265
                ]
            ]
        ],
        [
            -0.06923328399658203,
            0.019429195404052736,
            0.4252000732421875,
            -0.017754667137542507,
            0.02706720013356345,
            0.20857090925046015,
            [
                [
                    0.9779694676399231,
                    -0.2074994295835495,
                    0.02279706485569477
                ],
                [
                    0.20698614418506622,
                    0.9780741333961487,
                    0.022971993312239647
                ],
                [
                    -0.027063895016908646,
                    -0.01774723082780838,
                    0.9994761347770691
                ]
            ]
        ],
        [
            -0.06762376403808594,
            0.022009159088134767,
            0.4233853454589844,
            -0.0077853737995038225,
            0.030247681285537453,
            0.19871494957488017,
            [
                [
                    0.9798726439476013,
                    -0.19763456284999847,
                    0.02811012603342533
                ],
                [
                    0.19731943309307098,
                    0.9802448749542236,
                    0.013602184131741524
                ],
                [
                    -0.03024306893348694,
                    -0.007781733758747578,
                    0.999512255191803
                ]
            ]
        ],
        [
            -0.07092234039306641,
            0.022829662322998046,
            0.422756591796875,
            0.02241688637424799,
            0.025270044317819762,
            0.18604428628486028,
            [
                [
                    0.9824298620223999,
                    -0.18436983227729797,
                    0.028971262276172638
                ],
                [
                    0.18491384387016296,
                    0.9826014637947083,
                    -0.017355605959892273
                ],
                [
                    -0.025267355144023895,
                    0.022407852113246918,
                    0.9994295835494995
                ]
            ]
        ],
        [
            -0.07087242126464843,
            0.024793657302856445,
            0.42034130859375,
            0.009194932849430584,
            0.004454210212901488,
            0.20132487978188224,
            [
                [
                    0.9797927737236023,
                    -0.19991904497146606,
                    0.006202710326761007
                ],
                [
                    0.19996564090251923,
                    0.9797692894935608,
                    -0.008118433877825737
                ],
                [
                    -0.004454195499420166,
                    0.009194712154567242,
                    0.9999477863311768
                ]
            ]
        ],
        [
            -0.06958332061767578,
            0.02737308883666992,
            0.4180171203613281,
            0.014162324247857613,
            0.014986863190117772,
            0.16079945233506293,
            [
                [
                    0.9869887232780457,
                    -0.1598818451166153,
                    0.017058907076716423
                ],
                [
                    0.1600894182920456,
                    0.9870346188545227,
                    -0.01157998014241457
                ],
                [
                    -0.014986301772296429,
                    0.014160260558128357,
                    0.999787449836731
                ]
            ]
        ],
        [
            -0.07199970245361328,
            0.028233774185180666,
            0.4182908935546875,
            0.01697909755441053,
            0.017456371201404197,
            0.17184929035337443,
            [
                [
                    0.9851201176643372,
                    -0.17068804800510406,
                    0.020099256187677383
                ],
                [
                    0.1709786355495453,
                    0.9851788878440857,
                    -0.013743655756115913
                ],
                [
                    -0.017455484718084335,
                    0.01697569526731968,
                    0.9997035264968872
                ]
            ]
        ],
        [
            -0.0733050537109375,
            0.02717193031311035,
            0.4156061706542969,
            0.023004440957118594,
            -0.006854437915417622,
            0.17156615360506705,
            [
                [
                    0.9852954745292664,
                    -0.17083589732646942,
                    -0.0028248620219528675
                ],
                [
                    0.17072170972824097,
                    0.9850309491157532,
                    -0.02383461408317089
                ],
                [
                    0.006854384206235409,
                    0.02300187200307846,
                    0.9997119307518005
                ]
            ]
        ],
        [
            -0.07129326629638671,
            0.03072378158569336,
            0.41505572509765626,
            0.006817789008177866,
            0.0243240365165327,
            0.1717127881465018,
            [
                [
                    0.9850021004676819,
                    -0.17070284485816956,
                    0.02512834407389164
                ],
                [
                    0.17081965506076813,
                    0.9852989912033081,
                    -0.002561724977567792
                ],
                [
                    -0.02432163804769516,
                    0.006815719418227673,
                    0.9996809363365173
                ]
            ]
        ],
        [
            -0.07510643005371094,
            0.03155883979797363,
            0.41712872314453125,
            0.007897804027380523,
            0.02286381336373977,
            0.17538344944150966,
            [
                [
                    0.9844023585319519,
                    -0.17430248856544495,
                    0.023888451978564262
                ],
                [
                    0.17444011569023132,
                    0.9846605062484741,
                    -0.0037876316346228123
                ],
                [
                    -0.022861821576952934,
                    0.007895657792687416,
                    0.9997074604034424
                ]
            ]
        ],
        [
            -0.07530004119873047,
            0.03316043472290039,
            0.4165162048339844,
            -0.028716848526297578,
            -0.0005331383863274031,
            0.1950632440423309,
            [
                [
                    0.9810352921485901,
                    -0.19373364746570587,
                    -0.006088193040341139
                ],
                [
                    0.1938285529613495,
                    0.9806339144706726,
                    0.02806507796049118
                ],
                [
                    0.0005331382853910327,
                    -0.02871289849281311,
                    0.9995875358581543
                ]
            ]
        ],
        [
            -0.0728118667602539,
            0.036071617126464846,
            0.4170296325683594,
            -0.02217286546552137,
            0.028787484572393884,
            0.16628624509812068,
            [
                [
                    0.985797643661499,
                    -0.16610963642597198,
                    0.024709725752472878
                ],
                [
                    0.16545239090919495,
                    0.9858582019805908,
                    0.02662833034992218
                ],
                [
                    -0.028783507645130157,
                    -0.02216186188161373,
                    0.9993399381637573
                ]
            ]
        ],
        [
            -0.07576966857910156,
            0.037557544708251955,
            0.42040301513671874,
            -0.018242140662992637,
            0.03347720653440378,
            0.16788431438850365,
            [
                [
                    0.9853880405426025,
                    -0.16767095029354095,
                    0.029946843162178993
                ],
                [
                    0.16700315475463867,
                    0.9856744408607483,
                    0.023576626554131508
                ],
                [
                    -0.03347095474600792,
                    -0.01823090761899948,
                    0.999273419380188
                ]
            ]
        ],
        [
            -0.07534183502197266,
            0.040106842041015625,
            0.42034527587890624,
            -0.03116061848840329,
            0.018422142455137847,
            0.19171012626510897,
            [
                [
                    0.981513261795044,
                    -0.19100888073444366,
                    0.01213852409273386
                ],
                [
                    0.19050563871860504,
                    0.9810939431190491,
                    0.034093014895915985
                ],
                [
                    -0.018421100452542305,
                    -0.031150290742516518,
                    0.9993449449539185
                ]
            ]
        ],
        [
            -0.07252224731445313,
            0.0439703483581543,
            0.42054693603515625,
            -0.021078161226881137,
            0.039325857197146874,
            0.1904289356673531,
            [
                [
                    0.9811639785766602,
                    -0.19005171954631805,
                    0.03460706025362015
                ],
                [
                    0.18913374841213226,
                    0.9815481901168823,
                    0.0281356330960989
                ],
                [
                    -0.03931572288274765,
                    -0.02106030471622944,
                    0.9990049004554749
                ]
            ]
        ],
        [
            -0.0746142807006836,
            0.0477470703125,
            0.42286965942382815,
            -0.027827185514982658,
            0.035727260633698465,
            0.16581127282253322,
            [
                [
                    0.9856553673744202,
                    -0.1659688502550125,
                    0.03062376379966736
                ],
                [
                    0.16494719684123993,
                    0.9857388734817505,
                    0.03333532437682152
                ],
                [
                    -0.03571965917944908,
                    -0.027805838733911514,
                    0.9989749193191528
                ]
            ]
        ],
        [
            -0.0740896224975586,
            0.049510120391845706,
            0.42175048828125,
            -0.007270514609109241,
            0.01952421839767471,
            0.1670903099488398,
            [
                [
                    0.9858849048614502,
                    -0.16644945740699768,
                    0.018041392788290977
                ],
                [
                    0.16628219187259674,
                    0.9860231876373291,
                    0.01041605044156313
                ],
                [
                    -0.019522977992892265,
                    -0.007269064895808697,
                    0.9997829794883728
                ]
            ]
        ],
        [
            -0.0702383575439453,
            0.05399365615844726,
            0.42145123291015624,
            -0.013613166700032667,
            0.05490643290993358,
            0.1757807060236805,
            [
                [
                    0.9831065535545349,
                    -0.1755962073802948,
                    0.051647622138261795
                ],
                [
                    0.1746133267879486,
                    0.9843684434890747,
                    0.022999130189418793
                ],
                [
                    -0.054878849536180496,
                    -0.013592232018709183,
                    0.9984005093574524
                ]
            ]
        ],
        [
            -0.07066773986816406,
            0.05803726577758789,
            0.42223919677734373,
            -0.008998928581082324,
            0.05086244341618262,
            0.16097597146011983,
            [
                [
                    0.9857948422431946,
                    -0.16072674095630646,
                    0.04873884096741676
                ],
                [
                    0.1600743532180786,
                    0.9869580268859863,
                    0.017030935734510422
                ],
                [
                    -0.05084051564335823,
                    -0.008987169712781906,
                    0.9986663460731506
                ]
            ]
        ],
        [
            -0.0697075424194336,
            0.05869659042358399,
            0.4203446350097656,
            -0.003762969966446046,
            0.032309308279201865,
            0.12734179944229107,
            [
                [
                    0.991385281085968,
                    -0.1271175891160965,
                    0.03156400844454765
                ],
                [
                    0.12693163752555847,
                    0.9918805360794067,
                    0.0078349644318223
                ],
                [
                    -0.03230368718504906,
                    -0.003760996973142028,
                    0.9994710087776184
                ]
            ]
        ],
        [
            -0.06470246124267579,
            0.06336611557006835,
            0.419502685546875,
            0.005452945819063526,
            0.0443515702993702,
            0.1694715846712289,
            [
                [
                    0.9847047328948975,
                    -0.1684207171201706,
                    0.04462090879678726
                ],
                [
                    0.16849566996097565,
                    0.9857001304626465,
                    0.0021030399948358536
                ],
                [
                    -0.04433703050017357,
                    0.005447556730359793,
                    0.9990018010139465
                ]
            ]
        ],
        [
            -0.06360497665405274,
            0.06608497619628906,
            0.42003424072265627,
            -0.007697121392845674,
            0.057341339803319125,
            0.16334126606905247,
            [
                [
                    0.9850677847862244,
                    -0.16304633021354675,
                    0.05529375746846199
                ],
                [
                    0.16234862804412842,
                    0.9865884780883789,
                    0.016913821920752525
                ],
                [
                    -0.05730992183089256,
                    -0.007684394717216492,
                    0.99832683801651
                ]
            ]
        ],
        [
            -0.06206616973876953,
            0.06575978088378906,
            0.41842779541015623,
            0.00710612477244113,
            0.034317259271335665,
            0.13775937265658647,
            [
                [
                    0.9899429678916931,
                    -0.13707908987998962,
                    0.03496044874191284
                ],
                [
                    0.13724321126937866,
                    0.9905346632003784,
                    -0.0023272016551345587
                ],
                [
                    -0.03431052342057228,
                    0.007101881317794323,
                    0.9993860125541687
                ]
            ]
        ],
        [
            -0.056010284423828126,
            0.06892599487304688,
            0.417566162109375,
            0.012247579678427739,
            0.04264737982611755,
            0.1586307037506824,
            [
                [
                    0.9865466952323914,
                    -0.15743879973888397,
                    0.044030655175447464
                ],
                [
                    0.1578226238489151,
                    0.9874529242515564,
                    -0.005359203089028597
                ],
                [
                    -0.04263445362448692,
                    0.012236137874424458,
                    0.9990158081054688
                ]
            ]
        ],
        [
            -0.05500086975097656,
            0.06903811645507812,
            0.41862753295898436,
            0.007574810782090019,
            0.03879554867484725,
            0.1561251099996819,
            [
                [
                    0.9870939254760742,
                    -0.15519694983959198,
                    0.03949078172445297
                ],
                [
                    0.15537461638450623,
                    0.987854540348053,
                    -0.0014519116375595331
                ],
                [
                    -0.038785818964242935,
                    0.007569038774818182,
                    0.9992188811302185
                ]
            ]
        ],
        [
            -0.0527843132019043,
            0.0674048843383789,
            0.4177309265136719,
            0.0085694725828825,
            0.025433127459010274,
            0.1380262611904502,
            [
                [
                    0.9901691675186157,
                    -0.13736751675605774,
                    0.02636665105819702
                ],
                [
                    0.1375439167022705,
                    0.9904831051826477,
                    -0.004989070352166891
                ],
                [
                    -0.025430385023355484,
                    0.008566596545279026,
                    0.9996398687362671
                ]
            ]
        ],
        [
            -0.04691007995605469,
            0.06882085418701171,
            0.41852694702148435,
            0.017637219189771763,
            0.03286124966108184,
            0.16121596131053192,
            [
                [
                    0.9864999651908875,
                    -0.15992161631584167,
                    0.035255204886198044
                ],
                [
                    0.1604318618774414,
                    0.9869723320007324,
                    -0.012134542688727379
                ],
                [
                    -0.032855335623025894,
                    0.01762678287923336,
                    0.9993046522140503
                ]
            ]
        ],
        [
            -0.047091781616210936,
            0.07096842193603516,
            0.4198365783691406,
            -0.013070151650343649,
            0.020988332099879603,
            0.12505154242031874,
            [
                [
                    0.9919726848602295,
                    -0.12498737126588821,
                    0.019190991297364235
                ],
                [
                    0.12469840049743652,
                    0.9920722842216492,
                    0.015585092827677727
                ],
                [
                    -0.02098679170012474,
                    -0.01306690089404583,
                    0.9996943473815918
                ]
            ]
        ],
        [
            -0.045932453155517576,
            0.06752434539794921,
            0.41929638671875,
            0.00900222855337679,
            -0.00027991339390576186,
            0.1427009499112193,
            [
                [
                    0.9898354411125183,
                    -0.1422138661146164,
                    0.001003196812234819
                ],
                [
                    0.14221711456775665,
                    0.9897950291633606,
                    -0.008950412273406982
                ],
                [
                    0.00027991339447908103,
                    0.00900210626423359,
                    0.9999594688415527
                ]
            ]
        ],
        [
            -0.04316748809814453,
            0.0685605010986328,
            0.4207070617675781,
            0.02566743328946427,
