{"amplitude": 0.08053133443911904, "frequency": 0.021052567917992787, "seed": 1762494366, "time_interval": 0.05, "pid_gains": {"pid_rate": {"roll_kp": "50.0", "roll_ki": "0.0", "roll_kd": "0.0", "pitch_kp": "50.0", "pitch_ki": "0.0", "pitch_kd": "0.0", "yaw_kp": "80.0", "yaw_ki": "0.0", "yaw_kd": "0.0"}, "pid_attitude": {"roll_kp": "8.0", "roll_ki": "0.0", "roll_kd": "0.20000000298023224", "pitch_kp": "8.0", "pitch_ki": "0.0", "pitch_kd": "1.0", "yaw_kp": "10.0", "yaw_ki": "0.0", "yaw_kd": "0.3499999940395355"}, "velCtlPid": {"vxKp": "15.0", "vxKi": "1.0", "vxKd": "0.0", "vyKp": "10.0", "vyKi": "1.0", "vyKd": "0.0", "vzKp": "12.5", "vzKi": "0.5", "vzKd": "0.0"}, "posCtlPid": {"xKp": "1.5", "xKi": "0.0", "xKd": "0.0", "yKp": "1.5", "yKi": "0.0", "yKd": "0.0", "zKp": "5.0", "zKi": "0.5", "zKd": "0.0"}}, "mocap_pose": [[-0.03694723510742187, 0.061308834075927736, 0.25710009765625, 0.02131547665750866, 0.03977960180202578, 1.2087843645609735, [[0.35387635231018066, -0.934673547744751, 0.034013718366622925], [0.9344463348388672, 0.3548687696456909, 0.0296346303075552], [-0.039769113063812256, 0.021297000348567963, 0.9989818930625916]]], [-0.03701166534423828, 0.061195755004882814, 0.25731893920898435, 0.02084615408993251, 0.04149110306177728, 1.206283378301939, [[0.35618749260902405, -0.9337862730026245, 0.03425898402929306], [0.933493435382843, 0.35722464323043823, 0.03131449595093727], [-0.0414792001247406, 0.020826704800128937, 0.9989222884178162]]], [-0.03721533966064453, 0.060959091186523436, 0.2570444030761719, 0.017440373210724447, 0.038243999960650976, 1.2102164173144891, [[0.3525589108467102, -0.9353148341178894, 0.029805786907672882], [0.93500816822052, 0.35338714718818665, 0.029617510735988617], [-0.03823467716574669, 0.017426738515496254, 0.999116837978363]]], [-0.036720024108886716, 0.060517593383789064, 0.2575414733886719, 0.022784863091236063, 0.03848036218523765, 1.3280411243007464, [[0.240200012922287, -0.9702167510986328, 0.03136003017425537], [0.9699608087539673, 0.241166353225708, 0.03185667842626572], [-0.03847086802124977, 0.022766025736927986, 0.9990003705024719]]], [-0.037012508392333984, 0.06203749084472656, 0.25714324951171874, 0.024009460192028542, 0.04376465724263556, 1.3819425401092942, [[0.18755342066287994, -0.9817398190498352, 0.03179139643907547], [0.9812795519828796, 0.18871073424816132, 0.03845347836613655], [-0.043750688433647156, 0.023984165862202644, 0.9987545609474182]]], [-0.037659961700439455, 0.06195494079589844, 0.2607051696777344, 0.036178923044794864, 0.03163595353869564, 1.4462013912795366, [[0.12421062588691711, -0.9914565682411194, 0.0398188978433609], [0.9917516112327576, 0.1253267377614975, 0.026869865134358406], [-0.03163067623972893, 0.03615293279290199, 0.9988455772399902]]], [-0.03987637329101563, 0.05900247955322266, 0.26936224365234374, 0.024326960589440727, -0.008764359546727274, 1.2660406970225648, [[0.3000485301017761, -0.9537020325660706, 0.020574670284986496], [0.9538836479187012, 0.2997679114341736, -0.01565674878656864], [0.00876424740999937, 0.02432362735271454, 0.9996657371520996]]], [-0.04507078552246094, 0.06118571853637695, 0.2918906860351563, -0.019452064326539564, -0.10196533983369194, 1.0388090029842174, [[0.504612386226654, -0.860633373260498, -0.06838501244783401], [0.8573245406150818, 0.5088573098182678, -0.07783863693475723], [0.10178874433040619, -0.01934981159865856, 0.9946178197860718]]], [-0.053874889373779294, 0.061272518157958984, 0.31849075317382813, -0.0007453642033311003, -0.1240095681872424, 0.8265249097302696, [[0.6722338199615479, -0.7355189919471741, -0.08434165269136429], [0.7299329042434692, 0.6775037050247192, -0.09048058092594147], [0.12369196861982346, -0.0007396385772153735, 0.9923203587532043]]], [-0.06141665267944336, 0.06309993743896485, 0.3350245056152344, 0.0211238194572137, -0.1398699107918906, 0.6732680280461452, [[0.7741532325744629, -0.6257072687149048, -0.09579746425151825], [0.6174547672271729, 0.779777467250824, -0.10342470556497574], [0.13941429555416107, 0.02091597206890583, 0.9900132417678833]]], [-0.0717703628540039, 0.0648755874633789, 0.35073141479492187, -0.0002874922535797131, -0.1676650862648994, 0.609119903961885, [[0.8086509704589844, -0.5721064805984497, -0.1370319426059723], [0.56412273645401, 0.820179283618927, -0.09524427354335785], [0.16688063740730286, -0.00028346056933514774, 0.985977053642273]]], [-0.08008499908447266, 0.0640345230102539, 0.3654933471679688, 0.025660623636699853, -0.14757341273728142, 0.5731169507768117, [[0.8310824036598206, -0.5452449321746826, -0.10959010571241379], [0.5363597273826599, 0.8378925323486328, -0.10126389563083649], [0.14703835546970367, 0.025378931313753128, 0.9888051748275757]]], [-0.09442815399169922, 0.06575757598876954, 0.37580300903320313, 0.047972194450715266, -0.14881055396674125, 0.498829224166808, [[0.8684381246566772, -0.48409074544906616, -0.10710445046424866], [0.473110556602478, 0.8737317323684692, -0.11295688152313232], [0.1482619345188141, 0.047423817217350006, 0.9878103733062744]]], [-0.10424176025390625, 0.06618831634521484, 0.3822258605957031, 0.015558358919817356, -0.10789678469530628, 0.4751802103429592, [[0.8840393424034119, -0.4589330852031708, -0.0886276513338089], [0.45483824610710144, 0.888336181640625, -0.06309504806995392], [0.1076875552535057, 0.015467260032892227, 0.994064450263977]]], [-0.11447994232177734, 0.06443466186523437, 0.38736322021484376, 0.04233696452576746, -0.10446479051369595, 0.468298937013412, [[0.8874728083610535, -0.4549027681350708, -0.07386112213134766], [0.44890838861465454, 0.889545738697052, -0.08479185402393341], [0.10427489131689072, 0.042093586176633835, 0.9936573505401611]]], [-0.12708472442626953, 0.06646161651611328, 0.3898494873046875, 0.03571813763088383, -0.08097214130978347, 0.4484518666043063, [[0.8981669545173645, -0.43589726090431213, -0.05735631659626961], [0.4321504235267639, 0.8992923498153687, -0.06722591817378998], [0.08088368922472, 0.03559353947639465, 0.9960877895355225]]], [-0.13800776672363282, 0.06761812591552735, 0.392206298828125, -0.001099407790798923, -0.057732545564254334, 0.42976701414273627, [[0.9075483083724976, -0.4166010916233063, -0.05291140824556351], [0.41596484184265137, 0.9090887308120728, -0.02304198034107685], [0.05770048126578331, -0.001097576110623777, 0.9983333349227905]]], [-0.14569941711425782, 0.06715988159179688, 0.3927865295410156, 0.04991405814219807, -0.02579477518610629, 0.43963442958975424, [[0.904606282711029, -0.4262430965900421, -0.002075187861919403], [0.4254671037197113, 0.9032326340675354, -0.05611243471503258], [0.025791915133595467, 0.04987673833966255, 0.9984223246574402]]], [-0.15509486389160157, 0.07343733978271484, 0.39144119262695315, 0.021089159493951654, 0.005088734947275686, 0.42299028083109247, [[0.9118537306785583, -0.4102998971939087, 0.013295416720211506], [0.4104836881160736, 0.911706805229187, -0.01714065670967102], [-0.0050887130200862885, 0.021087322384119034, 0.9997646808624268]]], [-0.16099603271484375, 0.07739344024658203, 0.3915693664550781, 0.003616145294566442, 0.041259453912598554, 0.42511246775150063, [[0.9102170467376709, -0.4122846722602844, 0.03906751796603203], [0.41207224130630493, 0.9110479354858398, 0.013717145659029484], [-0.04124774783849716, 0.0036130601074546576, 0.9991424083709717]]], [-0.16459310913085937, 0.08120490264892578, 0.39165576171875, 0.0005351430797867207, 0.061920868378711136, 0.4190974325344583, [[0.9117059707641602, -0.406905859708786, 0.056743647903203964], [0.4061562716960907, 0.9134699702262878, 0.02469290792942047], [-0.061881307512521744, 0.00053411751287058, 0.9980833530426025]]], [-0.16834181213378907, 0.09302355194091796, 0.390500244140625, 0.0020989264745304437, 0.07225532963488956, 0.4079798193709596, [[0.9155290722846985, -0.39661580324172974, 0.06709983199834824], [0.395720511674881, 0.917982280254364, 0.026716062799096107], [-0.0721924751996994, 0.002093448070809245, 0.9973885416984558]]], [-0.16693540954589844, 0.10366620635986327, 0.3908226928710937, -0.04762766325580209, 0.10680074562235387, 0.41262192090936733, [[0.9108529686927795, -0.40520697832107544, 0.07844853401184082], [0.398727685213089, 0.9129985570907593, 0.08631249517202377], [-0.10659782588481903, -0.04733838886022568, 0.99317467212677]]], [-0.16618954467773436, 0.11451376342773438, 0.3906096496582031, -0.02962338427507194, 0.11133974349337539, 0.35572922359207765, [[0.9315885305404663, -0.3512061536312103, 0.09379232674837112], [0.3461175560951233, 0.9358353614807129, 0.06644438207149506], [-0.11110984534025192, -0.0294356532394886, 0.9933720827102661]]], [-0.1626337890625, 0.12349347686767578, 0.3921358947753906, 0.032229388252373675, 0.10909809638268975, 0.37289536945104984, [[0.9257397055625916, -0.36085668206214905, 0.11308596283197403], [0.36214739084243774, 0.9320710301399231, 0.00963722076267004], [-0.10888180136680603, 0.032032229006290436, 0.9935384392738342]]], [-0.15616055297851564, 0.1364044647216797, 0.39470376586914063, 0.04159035493476271, 0.09103150062722709, 0.3752114501119996, [[0.9265776872634888, -0.36263561248779297, 0.09974557161331177], [0.3649519085884094, 0.9310107231140137, -0.005400381051003933], [-0.09090583026409149, 0.041406210511922836, 0.9949983358383179]]], [-0.15118478393554688, 0.13806318664550782, 0.394731201171875, 0.08947381011484118, 0.08071476772786035, 0.3529925740196867, [[0.9352874159812927, -0.3375643491744995, 0.10624374449253082], [0.3445819020271301, 0.9370794892311096, -0.056083180010318756], [-0.08062715828418732, 0.08906356990337372, 0.992757260799408]]], [-0.14244621276855468, 0.14531161499023437, 0.39639566040039065, 0.14325153979147642, 0.06166720717370655, 0.37043899255209667, [[0.9303966164588928, -0.3501151204109192, 0.10854277014732361], [0.36133652925491333, 0.9258055090904236, -0.11099596321582794], [-0.061628129333257675, 0.14249072968959808, 0.9878756999969482]]], [-0.13465594482421875, 0.15088426208496095, 0.3965281982421875, 0.13918218418278702, 0.0354389848882295, 0.3805405411425514, [[0.9278810024261475, -0.3632667660713196, 0.08410745114088058], [0.3711891770362854, 0.9213113188743591, -0.11577601730823517], [-0.03543156757950783, 0.13864614069461823, 0.9897079467773438]]], [-0.12491232299804687, 0.15067591857910156, 0.39617495727539065, 0.1406729212928292, 0.018033636938850073, 0.38100358638566695, [[0.9281409978866577, -0.36583203077316284, 0.06871140748262405], [0.371791809797287, 0.9200623035430908, -0.1235160231590271], [-0.018032660707831383, 0.1401866227388382, 0.9899608492851257]]], [-0.11848137664794922, 0.15117994689941405, 0.3977098083496094, 0.1718746915377951, 0.007315990850969012, 0.35485439642962113, [[0.9376720190048218, -0.3411611318588257, 0.06618397682905197], [0.3474445343017578, 0.9243156909942627, -0.15786957740783691], [-0.007315925322473049, 0.1710251420736313, 0.9852395057678223]]], [-0.1104935073852539, 0.1500306091308594, 0.39859249877929687, 0.12479624428788978, -0.013362767081563698, 0.3710930044168585, [[0.9318483471870422, -0.36136409640312195, 0.03278204798698425], [0.3626018762588501, 0.9240807890892029, -0.12080787867307663], [0.013362370431423187, 0.12446144968271255, 0.9921344518661499]]], [-0.10451741790771485, 0.14445075988769532, 0.39933071899414063, 0.1101884130009903, -0.03450111028201541, 0.37506084622318464, [[0.9299315810203552, -0.3676370084285736, 0.008381837978959084], [0.3661111295223236, 0.9234527349472046, -0.11488097161054611], [0.03449426591396332, 0.10990013182163239, 0.9933438897132874]]], [-0.10102494812011718, 0.13981752014160156, 0.4015308837890625, 0.15117625118804762, -0.041554090653913356, 0.356424775781011, [[0.9363412857055664, -0.35080939531326294, 0.01406142394989729], [0.34862473607063293, 0.924278736114502, -0.15546564757823944], [0.04154213145375252, 0.1504710614681244, 0.987741231918335]]], [-0.09869617462158203, 0.13483328247070311, 0.40335760498046874, 0.089935616341251, -0.05765396943290191, 0.3652629007643201, [[0.9324779510498047, -0.36058515310287476, -0.021521935239434242], [0.356601357460022, 0.9284064173698425, -0.10438846796751022], [0.0576220341026783, 0.08966519683599472, 0.9943037033081055]]], [-0.09567035675048828, 0.1253284225463867, 0.40442156982421873, 0.08128746297464076, -0.07472339081711898, 0.35545725384505045, [[0.9348713755607605, -0.35255271196365356, -0.04149752855300903], [0.34704792499542236, 0.9322822690010071, -0.10201726108789444], [0.07465387135744095, 0.08097139000892639, 0.9939166903495789]]], [-0.09361094665527343, 0.11698446655273438, 0.40653057861328123, 0.11639986491079199, -0.06270425010302416, 0.3683038719991306, [[0.9311058521270752, -0.36438676714897156, -0.016252052038908005], [0.35932600498199463, 0.9240061640739441, -0.130757138133049], [0.06266316771507263, 0.11590895056724548, 0.9912812113761902]]], [-0.09462665557861329, 0.11119438934326172, 0.4079053955078125, 0.07129156632182135, -0.05485671387974089, 0.34909385779870894, [[0.9382694959640503, -0.34484758973121643, -0.027026820927858353], [0.3415319323539734, 0.9359602332115173, -0.08564124256372452], [0.05482920631766319, 0.07112403959035873, 0.9959594011306763]]], [-0.09382015991210937, 0.09917608642578125, 0.40733493041992186, 0.07387876815910105, -0.0554119568416771, 0.35441552849073477, [[0.9364100098609924, -0.3499295115470886, -0.02618405967950821], [0.3465096056461334, 0.9338725209236145, -0.08839217573404312], [0.055383604019880295, 0.07369828969240189, 0.9957415461540222]]], [-0.09432030487060547, 0.09121459197998047, 0.4085718994140625, 0.09919925306936467, -0.04464915338796671, 0.3541390203563145, [[0.937010645866394, -0.3492242097854614, -0.007314523681998253], [0.34643733501434326, 0.9318013191223145, -0.10829328745603561], [0.044634319841861725, 0.09893793612718582, 0.9940921068191528]]], [-0.09564585113525391, 0.08559664916992188, 0.40884005737304685, 0.0585354327722164, -0.03455899913419014, 0.3300330792843483, [[0.9454667568206787, -0.32543155550956726, -0.013672416098415852], [0.3238808214664459, 0.9437562823295593, -0.06652303040027618], [0.03455211967229843, 0.0584670789539814, 0.9976912140846252]]], [-0.09643389129638671, 0.07383872985839844, 0.40997317504882813, 0.05675289167239769, -0.02090147926802688, 0.33152912317158834, [[0.9453392028808594, -0.326086163520813, -0.0012675070902332664], [0.3254181742668152, 0.9436375498771667, -0.06042541190981865], [0.020899957045912743, 0.05671004205942154, 0.9981719255447388]]], [-0.09667716217041016, 0.06913490295410156, 0.41063409423828123, 0.08144080552642413, -0.017096954151982757, 0.31492919921966733, [[0.950679361820221, -0.31004488468170166, 0.008996916003525257], [0.30970388650894165, 0.9472360610961914, -0.0826277956366539], [0.01709612086415291, 0.08133891969919205, 0.9965398907661438]]], [-0.09794597625732422, 0.06481147766113281, 0.41157534790039063, 0.04388654897092603, 0.002322612802357016, 0.3234692077798681, [[0.9481358528137207, -0.31745508313179016, 0.016145238652825356], [0.31785690784454346, 0.9472578763961792, -0.04085961729288101], [-0.0023226107005029917, 0.043872345238924026, 0.9990344643592834]]], [-0.09620560455322266, 0.054990055084228516, 0.41047857666015625, 0.052472908960444736, 0.007313853433529083, 0.3219307438822361, [[0.9486009478569031, -0.31559932231903076, 0.023523245006799698], [0.3163902461528778, 0.9474419951438904, -0.0474434532225132], [-0.007313788402825594, 0.05244743078947067, 0.9985969066619873]]], [-0.0944266128540039, 0.050316108703613284, 0.4105326538085938, 0.09061689154536075, 0.021651421756434974, 0.3284814890166669, [[0.9463114738464355, -0.31942805647850037, 0.049601681530475616], [0.32253047823905945, 0.9432818293571472, -0.07869889587163925], [-0.021649731323122978, 0.09047171473503113, 0.9956637024879456]]], [-0.09368661499023437, 0.048392669677734375, 0.4109914245605469, 0.053786680164101625, 0.035867393857513585, 0.32394314249375933, [[0.9473779201507568, -0.3160191774368286, 0.05105782300233841], [0.3181023597717285, 0.9472303986549377, -0.039566636085510254], [-0.03585970401763916, 0.05372617393732071, 0.9979116320610046]]], [-0.09004003143310547, 0.03965695953369141, 0.409946533203125, 0.07647886727260719, 0.05061556764534525, 0.32135190224602983, [[0.947594165802002, -0.31125858426094055, 0.07199597358703613], [0.31544503569602966, 0.9472568035125732, -0.05655977502465248], [-0.05059395730495453, 0.07630648463964462, 0.9957999587059021]]], [-0.0859234619140625, 0.03692034912109375, 0.41078509521484374, 0.07783235999573383, 0.045827378251784845, 0.30030795053349674, [[0.9542425274848938, -0.2915162444114685, 0.06662928313016891], [0.2955038249492645, 0.9534072279930115, -0.06076333671808243], [-0.04581134021282196, 0.07767216861248016, 0.9959259033203125]]], [-0.0822441177368164, 0.03591168975830078, 0.41183999633789065, 0.0701764510873594, 0.05473035512264279, 0.31177337907887603, [[0.9503659605979919, -0.30234119296073914, 0.07344646006822586], [0.3062877058982849, 0.9506250023841858, -0.049999821931123734], [-0.054703038185834885, 0.0700138732790947, 0.9960449934005737]]], [-0.07620277404785156, 0.03000613212585449, 0.4141858215332031, 0.05512436294852227, 0.05213240876049596, 0.3134311898485682, [[0.949988842010498, -0.30512499809265137, 0.06648240983486176], [0.3079055845737457, 0.9507215023040771, -0.036370206624269485], [-0.052108798176050186, 0.05502159520983696, 0.9971244931221008]]], [-0.07149507904052735, 0.025586450576782226, 0.41539990234375, 0.08876545068857568, 0.05518697392244731, 0.31571955501820015, [[0.9491260647773743, -0.30462998151779175, 0.07975174486637115], [0.3100278377532959, 0.9483489990234375, -0.06720783561468124], [-0.05515896528959274, 0.08851397037506104, 0.9945465326309204]]], [-0.06712318420410156, 0.02446025276184082, 0.41890582275390625, 0.06566090320436266, 0.04857129246020353, 0.311432513672272, [[0.9507729411125183, -0.3027297854423523, 0.06622255593538284], [0.30606117844581604, 0.9508205056190491, -0.04761199280619621], [-0.048552196472883224, 0.06553635001182556, 0.99666827917099]]], [-0.06085248184204101, 0.016636661529541016, 0.42147366333007813, 0.06774725925249571, 0.02485920239833228, 0.3143248961244739, [[0.9507114887237549, -0.30686503648757935, 0.04451427981257439], [0.30907899141311646, 0.9493439793586731, -0.05671131983399391], [-0.02485664188861847, 0.06767453253269196, 0.997397780418396]]], [-0.05638614654541016, 0.012568110466003419, 0.4246091918945312, 0.08927875347028569, 0.021730362691137595, 0.30056305678318423, [[0.9549444317817688, -0.29302847385406494, 0.04706849157810211], [0.29598817229270935, 0.9519393444061279, -0.07875581830739975], [-0.021728653460741043, 0.08913914859294891, 0.9957821369171143]]], [-0.05075416946411133, 0.007942864894866944, 0.4283849182128906, 0.10812831535720172, 0.014497854153159517, 0.3008724531870358, [[0.9549779295921326, -0.2931285798549652, 0.045747045427560806], [0.29632243514060974, 0.9499641060829163, -0.09879864007234573], [-0.014497345313429832, 0.10790639370679855, 0.9940553307533264]]], [-0.047693180084228515, 0.001769384741783142, 0.43094769287109375, 0.06664432445145262, -0.008784071953688466, 0.3058302361396248, [[0.9535605311393738, -0.30097442865371704, 0.01169299054890871], [0.3010733723640442, 0.9513042569160461, -0.06614366173744202], [0.008783958852291107, 0.06659243255853653, 0.9977415800094604]]], [-0.04504968643188476, -0.005410651206970215, 0.43211257934570313, 0.09245276732152083, -0.030214542038449865, 0.3000125739875792, [[0.9548967480659485, -0.2969345152378082, -0.0014534305082634091], [0.2953973412513733, 0.9504286050796509, -0.09708727151155472], [0.030209945514798164, 0.09227897971868515, 0.9952747821807861]]], [-0.042325931549072264, -0.014298062324523925, 0.4343363037109375, 0.11206654484301203, -0.03708420170534765, 0.3079263362794926, [[0.9523088932037354, -0.305133193731308, -0.001215748954564333], [0.30287477374076843, 0.9457296133041382, -0.11773853003978729], [0.0370757021009922, 0.11175522953271866, 0.9930438995361328]]], [-0.04286144638061523, -0.018055559158325196, 0.4354114990234375, 0.07221042604958837, -0.05493622959723421, 0.3134558180778408, [[0.9498385787010193, -0.31131282448768616, -0.029850397258996964], [0.30788272619247437, 0.9475730657577515, -0.08551902323961258], [0.05490859970450401, 0.07203884422779083, 0.9958892464637756]]], [-0.0437885627746582, -0.027125574111938475, 0.43577117919921876, 0.07262175229840774, -0.05644824218708, 0.279602580001291, [[0.9596342444419861, -0.2791808843612671, -0.03406026214361191], [0.27553412318229675, 0.957502007484436, -0.08526907861232758], [0.056418269872665405, 0.07244236767292023, 0.9957756400108337]]], [-0.045734970092773435, -0.033986614227294924, 0.4372378845214844, 0.08202707731757324, -0.06745875191116135, 0.29402406974694384, [[0.954908549785614, -0.2941175401210785, -0.04055262356996536], [0.2891467809677124, 0.9522667527198792, -0.09788835048675537], [0.06740760058164597, 0.08174876123666763, 0.9943708181381226]]], [-0.04909778213500977, -0.04232851028442383, 0.4375503234863281, 0.04499914174214424, -0.08172768212005121, 0.28391998426857135, [[0.9567605257034302, -0.28336259722709656, -0.0656881108880043], [0.27918583154678345, 0.957964301109314, -0.06602801382541656], [0.08163672685623169, 0.04483380541205406, 0.9956532120704651]]], [-0.05372933578491211, -0.05121815490722656, 0.438283203125, 0.062216948800547955, -0.07837844889266954, 0.27460452948429875, [[0.9595775008201599, -0.27532756328582764, -0.058358509093523026], [0.27033382654190063, 0.959350049495697, -0.0810379683971405], [0.07829822599887848, 0.06198593229055405, 0.9950010776519775]]], [-0.05870045471191406, -0.05893380355834961, 0.4403970642089844, 0.09202095752885221, -0.0644700502635307, 0.2988087312590166, [[0.953702449798584, -0.2987942099571228, -0.03425897657871246], [0.29377037286758423, 0.9499016404151917, -0.10670468211174011], [0.06442540138959885, 0.0917002409696579, 0.993700385093689]]], [-0.06619134521484375, -0.06298542022705078, 0.44249609375, 0.04067598283787703, -0.06315265109729995, 0.27460190130091905, [[0.9606144428253174, -0.27340972423553467, -0.04966907203197479], [0.27062320709228516, 0.9610411524772644, -0.05624036490917206], [0.06311067938804626, 0.04058370366692543, 0.9971810579299927]]], [-0.07165361022949218, -0.07404879760742188, 0.4436515808105469, 0.05266704419372081, -0.05920664577721846, 0.2701039069034171, [[0.9620544910430908, -0.2694636285305023, -0.04290086403489113], [0.26636403799057007, 0.9615756869316101, -0.06650112569332123], [0.05917206034064293, 0.052550457417964935, 0.9968636631965637]]], [-0.07685271453857422, -0.07868961334228515, 0.44594769287109376, 0.0785107368257485, -0.04038211796093227, 0.2675241089900702, [[0.9636421203613281, -0.2665838301181793, -0.018082579597830772], [0.2641289234161377, 0.9606205224990845, -0.08627922832965851], [0.04037114232778549, 0.07836616784334183, 0.9961068630218506]]], [-0.08327961730957031, -0.08118818664550781, 0.44786514282226564, 0.050184264493164224, -0.023272031260951564, 0.27140677237858063, [[0.9631338715553284, -0.26887401938438416, -0.008941803127527237], [0.26801440119743347, 0.9618688821792603, -0.054557476192712784], [0.023269930854439735, 0.050149619579315186, 0.9984706044197083]]], [-0.08786820220947265, -0.08986203002929688, 0.4493306274414062, 0.05477826633333316, -0.014565946790916273, 0.2719192065581236, [[0.9631550312042236, -0.26894593238830566, 0.0006958114681765437], [0.26855212450027466, 0.9615981578826904, -0.05664530023932457], [0.014565431512892246, 0.05474506691098213, 0.9983941316604614]]], [-0.09046266937255859, -0.09094620513916016, 0.4513236389160156, 0.0809227225069027, 0.01174179734902081, 0.2727594250423319, [[0.9629648327827454, -0.26759427785873413, 0.033046431839466095], [0.26937130093574524, 0.9601354002952576, -0.07469338178634644], [-0.01174152735620737, 0.08082886040210724, 0.9966588616371155]]], [-0.0946849365234375, -0.0905127182006836, 0.45409918212890626, 0.026475607134643725, 0.022281553446916513, 0.2532212059341449, [[0.9678701758384705, -0.24986495077610016, 0.028193654492497444], [0.25046154856681824, 0.9679189324378967, -0.020048677921295166], [-0.022279709577560425, 0.026465943083167076, 0.9994013905525208]]], [-0.09701661682128906, -0.09626681518554688, 0.4549781494140625, 0.026016020723530472, 0.026769815682452736, 0.24578393048474723, [[0.9695993661880493, -0.24255907535552979, 0.03228283300995827], [0.24322959780693054, 0.9697880744934082, -0.018720747902989388], [-0.026766618713736534, 0.026003766804933548, 0.9993034601211548]]], [-0.09691162109375, -0.09506312561035156, 0.45596075439453126, 0.03095680920691432, 0.03466719291270315, 0.267205577955285, [[0.963932991027832, -0.2628759741783142, 0.04158667102456093], [0.26387858390808105, 0.9643336534500122, -0.02070624940097332], [-0.03466024994850159, 0.03093326836824417, 0.9989203214645386]]], [-0.09653041839599609, -0.09629105377197265, 0.45749874877929686, 0.08248332472556172, 0.04504836953915281, 0.2542272486507694, [[0.9668760299682617, -0.24705150723457336, 0.06415833532810211], [0.25124242901802063, 0.96550053358078, -0.06845442950725555], [-0.045033134520053864, 0.08230624347925186, 0.9955891370773315]]], [-0.09689397430419922, -0.09292466735839844, 0.4579786376953125, 0.01291534354656558, 0.03588582680621544, 0.2578255825611657, [[0.9663241505622864, -0.254509299993515, 0.037982385605573654], [0.2548144459724426, 0.966984212398529, -0.0033407099545001984], [-0.035878125578165054, 0.01290666963905096, 0.9992728233337402]]], [-0.09368488311767578, -0.09288822937011719, 0.4572747802734375, 0.048219386938943246, 0.044667395694385936, 0.24008092317525914, [[0.970349907875061, -0.2354142963886261, 0.05478266254067421], [0.23754405975341797, 0.9707015156745911, -0.03621305152773857], [-0.0446525439620018, 0.0481526255607605, 0.9978414177894592]]], [-0.09066361999511718, -0.09282833862304687, 0.4577613525390625, 0.0698888827792195, 0.04672959113939279, 0.23307728497063518, [[0.9718981385231018, -0.22723500430583954, 0.06146782264113426], [0.23072054982185364, 0.9713384509086609, -0.05718076974153519], [-0.04671258479356766, 0.06975577026605606, 0.9964697957038879]]], [-0.08933750152587891, -0.0901555633544922, 0.4583291015625, 0.05384389283847674, 0.03870670233648643, 0.2314998967824658, [[0.9725943207740784, -0.2270781248807907, 0.0499579943716526], [0.22926580905914307, 0.9723905920982361, -0.04351650923490524], [-0.03869703784584999, 0.05377756804227829, 0.9978028535842896]]], [-0.08593650817871094, -0.09108591461181641, 0.4587470397949219, 0.06734157894966107, 0.026732928655718746, 0.2199745958720571, [[0.9755542874336243, -0.21595492959022522, 0.04070966690778732], [0.21812686324119568, 0.9740834832191467, -0.05984984710812569], [-0.02672974392771721, 0.06726665049791336, 0.9973769187927246]]], [-0.08269362640380859, -0.08800985717773438, 0.4593131103515625, 0.08223748133003458, 0.0155082578549528, 0.2279275975931416, [[0.9740196466445923, -0.22395463287830353, 0.03361688181757927], [0.2259320318698883, 0.9711323976516724, -0.07652803510427475], [-0.015507636591792107, 0.08213493973016739, 0.996500551700592]]], [-0.08133464050292968, -0.08410144805908203, 0.46096334838867187, 0.05268814480885742, 0.00818915724693614, 0.23070625782447496, [[0.9734724760055542, -0.22792796790599823, 0.02000340260565281], [0.22865745425224304, 0.9722528457641602, -0.04939849674701691], [-0.008189065381884575, 0.05266200378537178, 0.9985787868499756]]], [-0.07942371368408203, -0.08626580810546874, 0.46088772583007814, 0.06892719401197617, -0.006134327222680591, 0.20385652433128043, [[0.9792746901512146, -0.20238050818443298, 0.007950088940560818], [0.2024436891078949, 0.9768822193145752, -0.06868541240692139], [0.006134288851171732, 0.06887133419513702, 0.9976066946983337]]], [-0.07605274963378907, -0.08488232421875, 0.46247967529296874, 0.06657081734667351, -0.011108719835355219, 0.21847703410533625, [[0.9761684536933899, -0.21698440611362457, 0.003597704228013754], [0.21672974526882172, 0.9739061594009399, -0.06734270602464676], [0.011108491569757462, 0.06651755422353745, 0.997723400592804]]], [-0.07526419067382813, -0.08196820831298827, 0.46673916625976564, 0.028185149429512918, -0.030709956043307285, 0.224573068263669, [[0.9744296073913574, -0.22344531118869781, -0.023646486923098564], [0.22258517146110535, 0.9743093848228455, -0.0343087762594223], [0.030705129727721214, 0.028168130666017532, 0.9991315007209778]]], [-0.07480419921875, -0.08217582702636719, 0.469850830078125, 0.029294330617377698, -0.028320004117601716, 0.2093339080940979, [[0.9777773022651672, -0.2085305154323578, -0.02159944176673889], [0.20772506296634674, 0.9775775074958801, -0.03453254699707031], [0.02831621840596199, 0.02927839569747448, 0.9991701245307922]]], [-0.07420993041992187, -0.07792204284667968, 0.47341769409179685, 0.013849744406227077, -0.023309595750831136, 0.20288830807797428, [[0.9792225956916809, -0.20179608464241028, -0.02003660425543785], [0.20144449174404144, 0.9793297052383423, -0.018261224031448364], [0.02330748550593853, 0.013845539651811123, 0.9996324777603149]]], [-0.07519293212890625, -0.07557151794433593, 0.47969985961914063, 0.00509674797312458, -0.0246947396276036, 0.1919160546987922, [[0.9813412427902222, -0.19086118042469025, -0.02326642908155918], [0.19068196415901184, 0.9816038012504578, -0.009712890721857548], [0.02469222992658615, 0.005095171742141247, 0.9996821284294128]]], [-0.07675699615478515, -0.07233488464355468, 0.48163241577148436, 0.0036392887557005343, -0.030555875673542454, 0.18355377991136262, [[0.9827423095703125, -0.1826329082250595, -0.029373442754149437], [0.18243959546089172, 0.9831744432449341, -0.009154445491731167], [0.03055112063884735, 0.0036375820636749268, 0.9995265603065491]]], [-0.07693655395507812, -0.07230911254882813, 0.4844792175292969, 0.02540474305969627, -0.017572579546410783, 0.20944434051738203, [[0.9779955744743347, -0.20828592777252197, -0.011900633573532104], [0.2078843116760254, 0.9777381420135498, -0.028499150648713112], [0.017571674659848213, 0.02539808861911297, 0.9995229840278625]]], [-0.07999983978271484, -0.0728384017944336, 0.48681634521484374, 0.07671512280315043, -0.030262248014082838, 0.20538146620771494, [[0.978534996509552, -0.20561100542545319, -0.013904601335525513], [0.2038472443819046, 0.9756309986114502, -0.08118178695440292], [0.030257629230618477, 0.07660480588674545, 0.9966022968292236]]], [-0.08233980560302734, -0.06751378631591796, 0.4881177978515625, 0.07321531954154917, -0.026587174177122197, 0.20320949803182273, [[0.9790777564048767, -0.20317776501178741, -0.011204625479876995], [0.2017425000667572, 0.976407527923584, -0.07699543982744217], [0.026584042236208916, 0.07312407344579697, 0.9969685077667236]]], [-0.08409349060058594, -0.06665911865234375, 0.4889823303222656, 0.07350471449964645, -0.013469280914816695, 0.20080581851611778, [[0.979817271232605, -0.19988968968391418, 0.0014853861648589373], [0.19944092631340027, 0.9770628809928894, -0.074642114341259], [0.01346887368708849, 0.07343187928199768, 0.9972092509269714]]], [-0.0875664825439453, -0.06527912902832031, 0.4907289733886719, 0.030850026981716683, -0.011570783168955323, 0.17976496487398366, [[0.9838199019432068, -0.17906439304351807, -0.0058635990135371685], [0.17878636717796326, 0.9833537936210632, -0.03241589292883873], [0.011570525355637074, 0.030843069776892662, 0.9994572401046753]]], [-0.08801155853271485, -0.06448263549804688, 0.4913441162109375, 0.053930746731718646, 0.006153627488750368, 0.1937079110524746, [[0.981278657913208, -0.19189339876174927, 0.016406290233135223], [0.19249512255191803, 0.9799343347549438, -0.05171360448002815], [-0.006153589114546776, 0.05390358716249466, 0.9985271692276001]]], [-0.08841692352294922, -0.06277204132080078, 0.4912251892089844, 0.05250032868897336, 0.018465852524445214, 0.20893630952915304, [[0.9780853390693665, -0.20618578791618347, 0.028922932222485542], [0.20738409459590912, 0.9771052002906799, -0.047510284930467606], [-0.01846480369567871, 0.05246726796030998, 0.9984519481658936]]], [-0.09065851593017578, -0.061786121368408206, 0.492502197265625, 0.032072302793565086, 0.029829124524802353, 0.21034149600410768, [[0.9775246381759644, -0.20775119960308075, 0.03584770858287811], [0.2087009996175766, 0.9776564240455627, -0.025136029347777367], [-0.029824700206518173, 0.03205253928899765, 0.9990410804748535]]], [-0.09034428405761719, -0.057801891326904296, 0.494565673828125, 0.05579954466054578, 0.0374433037037889, 0.1855814617278282, [[0.9821402430534363, -0.18217895925045013, 0.04702518880367279], [0.18438871204853058, 0.981684684753418, -0.047916363924741745], [-0.03743455559015274, 0.055731501430273056, 0.9977437853813171]]], [-0.08964337158203126, -0.05448685073852539, 0.4958402404785156, 0.02128129693201075, 0.05167681178196326, 0.18814400740419038, [[0.981041669845581, -0.1859138458967209, 0.054710861295461655], [0.18678629398345947, 0.9823362231254578, -0.011245234869420528], [-0.05165381357073784, 0.021251283586025238, 0.9984388947486877]]], [-0.0889399642944336, -0.05652246856689453, 0.49900131225585936, 0.032397001986347845, 0.05813245758090657, 0.14947615230856168, [[0.9871788620948792, -0.14698106050491333, 0.0622454397380352], [0.1486685872077942, 0.988610565662384, -0.02338246814906597], [-0.05809972062706947, 0.03233661875128746, 0.9977869391441345]]], [-0.08683236694335937, -0.05597553253173828, 0.5017685241699219, 0.06219582915167935, 0.0554241563936857, 0.17804671042774906, [[0.9826802611351013, -0.17337632179260254, 0.0654228925704956], [0.1768355518579483, 0.9828983545303345, -0.05138111114501953], [-0.055395785719156265, 0.06206029653549194, 0.9965339303016663]]], [-0.08304222106933594, -0.055417385101318356, 0.5051589660644531, 0.07591281599111915, 0.06329237423246203, 0.18099257094655624, [[0.9816959500312805, -0.1747690737247467, 0.07568942755460739], [0.1796455979347229, 0.9816960096359253, -0.06324850767850876], [-0.06325012445449829, 0.07568807154893875, 0.9951235055923462]]], [-0.07914082336425782, -0.06260771560668946, 0.5069537048339844, 0.09834656215355142, 0.06260500780816391, 0.17378167860066357, [[0.9830083847045898, -0.16602225601673126, 0.07830154895782471], [0.17256955802440643, 0.9812407493591309, -0.08594360202550888], [-0.06256411969661713, 0.09799575060606003, 0.9932183027267456]]], [-0.07553514862060547, -0.06664212799072265, 0.5093063049316406, 0.12240323807226158, 0.05400076888449612, 0.1605695434469742, [[0.9856974482536316, -0.1521788388490677, 0.07240263372659683], [0.1596473902463913, 0.9808043241500854, -0.11196228861808777], [-0.05397452786564827, 0.12191983312368393, 0.9910712838172913]]], [-0.07101821136474609, -0.06857823944091797, 0.5118641357421875, 0.10871155551862093, 0.053824210089198354, 0.1676259674149477, [[0.9845557808876038, -0.160101979970932, 0.0708329901099205], [0.16660045087337494, 0.9811369180679321, -0.09805399179458618], [-0.05379822477698326, 0.10834042727947235, 0.9926570653915405]]], [-0.06646657562255859, -0.07438729095458985, 0.5131327514648437, 0.10484252191776373, 0.05800760502668423, 0.17478092446408822, [[0.9831083416938782, -0.1669628769159317, 0.07497625797986984], [0.17359992861747742, 0.9804124236106873, -0.09303010255098343], [-0.057975079864263535, 0.10447453707456589, 0.9928362965583801]]], [-0.06170654296875, -0.08028716278076171, 0.5166687622070313, 0.08238971363366696, 0.05577089440046734, 0.15738097319541205, [[0.9861055612564087, -0.15166975557804108, 0.06776484102010727], [0.15648840367794037, 0.9850099682807922, -0.07257252186536789], [-0.055741988122463226, 0.0821685791015625, 0.9950583577156067]]], [-0.05829183197021484, -0.08359595489501953, 0.518680908203125, 0.04633207241580917, 0.04002524385120543, 0.14143049926867465, [[0.9892224669456482, -0.1389734148979187, 0.046101123094558716], [0.14084658026695251, 0.9892141819000244, -0.04021867737174034], [-0.04001455754041672, 0.04627840220928192, 0.9981268048286438]]], [-0.05287153244018555, -0.09082489776611329, 0.5199219970703125, 0.00837917883190735, 0.03080140753575278, 0.14004150183323544, [[0.9897405505180359, -0.13932378590106964, 0.03166356310248375], [0.13951800763607025, 0.9902114868164062, -0.0039984919130802155], [-0.030796537175774574, 0.008375106379389763, 0.9994905591011047]]], [-0.04950314712524414, -0.09417153930664063, 0.5196597900390625, 0.037573104383210106, 0.04090010529134558, 0.14573277381258287, [[0.988572359085083, -0.14359530806541443, 0.04588170722126961], [0.1450960338115692, 0.988924503326416, -0.03123250976204872], [-0.0408887043595314, 0.03753285109996796, 0.9984585046768188]]], [-0.048486591339111325, -0.09705926513671875, 0.5193657836914063, 0.016322505354631547, 0.04043710954267521, 0.12327721473789195, [[0.9915997385978699, -0.12229400873184204, 0.04212096333503723], [0.12286468595266342, 0.9923599362373352, -0.011227574199438095], [-0.040426090359687805, 0.016308438032865524, 0.9990494251251221]]], [-0.045057628631591795, -0.10598121643066406, 0.5169165649414063, 0.036665326345405334, 0.011070397863418568, 0.1509933355617814, [[0.9885615706443787, -0.14991796016693115, 0.016450833529233932], [0.15041102468967438, 0.9880187511444092, -0.03457597270607948], [-0.011070171371102333, 0.036654867231845856, 0.9992666840553284]]], [-0.04164386367797852, -0.10752364349365234, 0.515018798828125, 0.044766074570480124, 0.01857748545447757, 0.15890777105068582, [[0.9872303009033203, -0.157260462641716, 0.02540540136396885], [0.15821252763271332, 0.9865430593490601, -0.04125070571899414], [-0.01857641711831093, 0.04474340379238129, 0.9988257884979248]]], [-0.04177698135375976, -0.10828096771240234, 0.5145926513671875, 0.024259532502440284, 0.009067336538572723, 0.1316088216735088, [[0.9913113117218018, -0.13097256422042847, 0.012169402092695236], [0.13122382760047913, 0.9910892248153687, -0.022857844829559326], [-0.009067212231457233, 0.024256156757473946, 0.9996646642684937]]], [-0.04065680694580078, -0.1141673583984375, 0.51299560546875, 0.028479092256641927, -0.012042760183853751, 0.17389857757611993, [[0.984846293926239, -0.17329101264476776, -0.006929147057235241], [0.17301088571548462, 0.9844589829444885, -0.03012855537235737], [0.012042469345033169, 0.028473177924752235, 0.9995220303535461]]], [-0.03886211013793945, -0.11748689270019531, 0.5129710693359375, 0.06534531908628655, -0.0029483966983996357, 0.1506453159088876, [[0.9886701107025146, -0.1499462127685547, 0.006891018711030483], [0.1500755250453949, 0.9865354895591736, -0.06500081717967987], [0.002948392415419221, 0.06529854238033295, 0.9978614449501038]]], [-0.04005357360839844, -0.12068505096435547, 0.5148619384765625, 0.0673267160327653, -0.0033193762923269254, 0.12733639176879735, [[0.9918981790542603, -0.12692634761333466, 0.005258497316390276], [0.1269918531179428, 0.9896280765533447, -0.0671517550945282], [0.003319369861856103, 0.06727549433708191, 0.9977289438247681]]], [-0.04081270980834961, -0.12425353240966797, 0.5172932739257813, 0.05356402832789369, -0.0046123285495875965, 0.15359805824006803, [[0.9882164597511292, -0.15301941335201263, 0.003639626083895564], [0.15299318730831146, 0.9867718815803528, -0.053612757474184036], [0.004612312186509371, 0.053537849336862564, 0.9985551834106445]]], [-0.039045722961425784, -0.12992269897460937, 0.5207098999023437, 0.06696290743684813, 0.007501675153783749, 0.15165208137105515, [[0.9884950518608093, -0.15023668110370636, 0.017507513985037804], [0.15106721222400665, 0.9863831996917725, -0.06501416862010956], [-0.007501604501157999, 0.0669109895825386, 0.9977307319641113]]], [-0.039145957946777346, -0.1311319580078125, 0.5231781005859375, 0.09267563271587348, 0.01723512910872138, 0.12510872559290723, [[0.992036759853363, -0.1226646825671196, 0.028573956340551376], [0.12476407736539841, 0.9881253242492676, -0.08967841416597366], [-0.017234275117516518, 0.0925292819738388, 0.9955608248710632]]], [-0.03894763946533203, -0.13202154541015626, 0.5274520263671875, 0.04084240369688208, 0.02358