{
    "amplitude": 0.0696895885856812,
    "frequency": 0.0116479235792513,
    "seed": 1762039021,
    "time_interval": 0.05,
    "pid_gains": {
        "pid_rate": {
            "roll_kp": "50.0",
            "roll_ki": "0.0",
            "roll_kd": "0.0",
            "pitch_kp": "50.0",
            "pitch_ki": "0.0",
            "pitch_kd": "0.0",
            "yaw_kp": "80.0",
            "yaw_ki": "0.0",
            "yaw_kd": "0.0"
        },
        "pid_attitude": {
            "roll_kp": "8.0",
            "roll_ki": "0.0",
            "roll_kd": "0.20000000298023224",
            "pitch_kp": "8.0",
            "pitch_ki": "0.0",
            "pitch_kd": "1.0",
            "yaw_kp": "10.0",
            "yaw_ki": "0.0",
            "yaw_kd": "0.3499999940395355"
        },
        "velCtlPid": {
            "vxKp": "15.0",
            "vxKi": "1.0",
            "vxKd": "0.0",
            "vyKp": "10.0",
            "vyKi": "1.0",
            "vyKd": "0.0",
            "vzKp": "12.5",
            "vzKi": "0.5",
            "vzKd": "0.0"
        },
        "posCtlPid": {
            "xKp": "1.5",
            "xKi": "0.0",
            "xKd": "0.0",
            "yKp": "1.5",
            "yKi": "0.0",
            "yKd": "0.0",
            "zKp": "5.0",
            "zKi": "0.5",
            "zKd": "0.0"
        }
    },
    "pose": [
        [
            0.016494297027587892,
            -0.010480393409729004,
            0.26223565673828125,
            -0.006006067913454927,
            0.019261421530065936,
            0.8457031124374941,
            [
                [
                    0.6630821824073792,
                    -0.7485008239746094,
                    0.008278113789856434
                ],
                [
                    0.7482987642288208,
                    0.6631066799163818,
                    0.01839805208146572
                ],
                [
                    -0.019260231405496597,
                    -0.006004917901009321,
                    0.999796450138092
                ]
            ]
        ],
        [
            0.01652004051208496,
            -0.010487495422363281,
            0.26231027221679687,
            -0.006466809416663666,
            0.019293757947689505,
            0.8447044844237807,
            [
                [
                    0.6638287305831909,
                    -0.7478421330451965,
                    0.007973387837409973
                ],
                [
                    0.7476357817649841,
                    0.6638451218605042,
                    0.018719814717769623
                ],
                [
                    -0.0192925613373518,
                    -0.006465561222285032,
                    0.9997929930686951
                ]
            ]
        ],
        [
            0.01585745048522949,
            -0.010769098281860352,
            0.2622441101074219,
            -0.006977879745938997,
            0.015328225072923196,
            0.8366367929935419,
            [
                [
                    0.6698847413063049,
                    -0.7424476742744446,
                    0.005088403355330229
                ],
                [
                    0.7423068881034851,
                    0.6698676943778992,
                    0.01605374738574028
                ],
                [
                    -0.01532762497663498,
                    -0.006977003533393145,
                    0.9998582005500793
                ]
            ]
        ],
        [
            0.01709622573852539,
            -0.01124349308013916,
            0.2623519592285156,
            0.00012493956331016687,
            0.019108070626420837,
            0.9850322223615291,
            [
                [
                    0.5527353286743164,
                    -0.8332885503768921,
                    0.010667102411389351
                ],
                [
                    0.8331378102302551,
                    0.5528382658958435,
                    0.01585252210497856
                ],
                [
                    -0.01910690777003765,
                    0.000124916696222499,
                    0.999817430973053
                ]
            ]
        ],
        [
            0.017023391723632812,
            -0.009937737464904785,
            0.2622303161621094,
            -0.002810799103769912,
            0.024538090325554762,
            1.024387920898434,
            [
                [
                    0.5194655060768127,
                    -0.854428768157959,
                    0.010347667150199413
                ],
                [
                    0.8541390895843506,
                    0.5195609927177429,
                    0.02242361754179001
                ],
                [
                    -0.02453562803566456,
                    -0.0028099496848881245,
                    0.9996950030326843
                ]
            ]
        ],
        [
            0.015586393356323242,
            -0.008939767837524414,
            0.2650213928222656,
            -0.006232357819217937,
            0.011632515139706534,
            1.049556429450928,
            [
                [
                    0.4979220926761627,
                    -0.8672217130661011,
                    0.0003875543479807675
                ],
                [
                    0.8671437501907349,
                    0.49788323044776917,
                    0.0131907407194376
                ],
                [
                    -0.011632252484560013,
                    -0.00623189564794302,
                    0.9999129176139832
                ]
            ]
        ],
        [
            0.009757790565490723,
            -0.010372694969177245,
            0.274087890625,
            -0.07013978819043903,
            -0.0500225241629757,
            0.8326077386596551,
            [
                [
                    0.6721073389053345,
                    -0.735511839389801,
                    -0.08540492504835129
                ],
                [
                    0.7387635111808777,
                    0.6738865375518799,
                    0.010267088189721107
                ],
                [
                    0.05000166594982147,
                    -0.06999462842941284,
                    0.9962934255599976
                ]
            ]
        ],
        [
            0.0016985541582107543,
            -0.010299609184265137,
            0.2961674499511719,
            -0.008088356286023612,
            -0.061610354521464794,
            0.5476342541705639,
            [
                [
                    0.8521388173103333,
                    -0.5202267169952393,
                    -0.05677669495344162
                ],
                [
                    0.5196810364723206,
                    0.8539900779724121,
                    -0.025151828303933144
                ],
                [
                    0.0615713857114315,
                    -0.008072922006249428,
                    0.9980700612068176
                ]
            ]
        ],
        [
            -0.0114985990524292,
            -0.014315597534179688,
            0.3177884521484375,
            -0.02158641465824987,
            -0.17184625710686818,
            0.4350135107174651,
            [
                [
                    0.8935068845748901,
                    -0.4179772138595581,
                    -0.16413551568984985
                ],
                [
                    0.415215402841568,
                    0.9082085490226746,
                    -0.05247277393937111
                ],
                [
                    0.17100170254707336,
                    -0.021266812458634377,
                    0.9850412011146545
                ]
            ]
        ],
        [
            -0.018510557174682616,
            -0.01913142204284668,
            0.3316250915527344,
            -0.0164645892343267,
            -0.15287908975874864,
            0.46669194428094746,
            [
                [
                    0.8826455473899841,
                    -0.44763439893722534,
                    -0.14338845014572144
                ],
                [
                    0.44468674063682556,
                    0.8940685987472534,
                    -0.05380542576313019
                ],
                [
                    0.15228426456451416,
                    -0.01627182401716709,
                    0.9882027506828308
                ]
            ]
        ],
        [
            -0.031668115615844726,
            -0.0239002628326416,
            0.35302044677734373,
            -0.002461967863916059,
            -0.1664956180064725,
            0.4193495824689142,
            [
                [
                    0.9007237553596497,
                    -0.4067925810813904,
                    -0.15236979722976685
                ],
                [
                    0.4015360176563263,
                    0.9135172963142395,
                    -0.06522981077432632
                ],
                [
                    0.16572745144367218,
                    -0.0024279183708131313,
                    0.986168622970581
                ]
            ]
        ],
        [
            -0.04760814666748047,
            -0.03282665634155273,
            0.36719326782226563,
            -0.039489094242143974,
            -0.15293906545431413,
            0.3390343286495466,
            [
                [
                    0.9320682883262634,
                    -0.32664528489112854,
                    -0.15668931603431702
                ],
                [
                    0.32869458198547363,
                    0.9443413019180298,
                    -0.013394842855632305
                ],
                [
                    0.1523435413837433,
                    -0.039018020033836365,
                    0.9875571131706238
                ]
            ]
        ],
        [
            -0.06175030136108398,
            -0.03989996337890625,
            0.37558334350585937,
            -0.024104267800830942,
            -0.16678716872377697,
            0.3716946714401622,
            [
                [
                    0.9187840223312378,
                    -0.35936135053634644,
                    -0.16338708996772766
                ],
                [
                    0.35815492272377014,
                    0.9328957796096802,
                    -0.0378221832215786
                ],
                [
                    0.16601496934890747,
                    -0.02376747690141201,
                    0.9858367443084717
                ]
            ]
        ],
        [
            -0.07805722808837891,
            -0.0493625717163086,
            0.38614535522460935,
            -0.024086675112317185,
            -0.13802261817752526,
            0.35233193720007405,
            [
                [
                    0.9296447038650513,
                    -0.3418772518634796,
                    -0.13740679621696472
                ],
                [
                    0.341805636882782,
                    0.9394418001174927,
                    -0.024860156700015068
                ],
                [
                    0.13758480548858643,
                    -0.0238553024828434,
                    0.9902026653289795
                ]
            ]
        ],
        [
            -0.09348452758789062,
            -0.05653956604003906,
            0.39101046752929686,
            -0.02780465029771262,
            -0.10731121134255805,
            0.27963875464685206,
            [
                [
                    0.9556263089179993,
                    -0.2730397880077362,
                    -0.11057842522859573
                ],
                [
                    0.27442076802253723,
                    0.9616055488586426,
                    -0.0028294201474636793
                ],
                [
                    0.10710536688566208,
                    -0.02764114737510681,
                    0.9938634037971497
                ]
            ]
        ],
        [
            -0.1129760971069336,
            -0.06468714141845704,
            0.39430584716796874,
            -0.061581968386846986,
            -0.09326777903032424,
            0.3598976664522445,
            [
                [
                    0.9318650364875793,
                    -0.34614643454551697,
                    -0.1086747869849205
                ],
                [
                    0.35064777731895447,
                    0.9361773133277893,
                    0.02486303821206093
                ],
                [
                    0.0931326150894165,
                    -0.06127556785941124,
                    0.9937663674354553
                ]
            ]
        ],
        [
            -0.12653035736083984,
            -0.07071558380126954,
            0.39774945068359374,
            -0.04219858179925176,
            -0.062211454491917895,
            0.37673716219677633,
            [
                [
                    0.9280710816383362,
                    -0.36512207984924316,
                    -0.07327955216169357
                ],
                [
                    0.36717674136161804,
                    0.9300070405006409,
                    0.016375796869397163
                ],
                [
                    0.0621713325381279,
                    -0.04210444912314415,
                    0.997177004814148
                ]
            ]
        ],
        [
            -0.14311129760742186,
            -0.07650328826904297,
            0.39692108154296873,
            -0.053615426177125974,
            -0.03535628386439282,
            0.3044775710192166,
            [
                [
                    0.9534074664115906,
                    -0.2975568175315857,
                    -0.049740467220544815
                ],
                [
                    0.29960745573043823,
                    0.9532007575035095,
                    0.040542617440223694
                ],
                [
                    0.03534891828894615,
                    -0.053556252270936966,
                    0.9979389905929565
                ]
            ]
        ],
        [
            -0.15740187072753906,
            -0.08052754211425782,
            0.39595675659179685,
            -0.05563339244272281,
            -0.02343268152087008,
            0.2787242795280067,
            [
                [
                    0.9611432552337646,
                    -0.27345114946365356,
                    -0.03778992220759392
                ],
                [
                    0.27505385875701904,
                    0.9602782130241394,
                    0.04702230170369148
                ],
                [
                    0.023430537432432175,
                    -0.05558943375945091,
                    0.9981787800788879
                ]
            ]
        ],
        [
            -0.16701451110839843,
            -0.08218380737304687,
            0.3962137451171875,
            -0.07880154725865673,
            0.0049805136837213215,
            0.3228828165273341,
            [
                [
                    0.9483128786087036,
                    -0.3166888654232025,
                    -0.02026952989399433
                ],
                [
                    0.3172977864742279,
                    0.9452573657035828,
                    0.07622754573822021
                ],
                [
                    -0.00498049333691597,
                    -0.07871904224157333,
                    0.9968844056129456
                ]
            ]
        ],
        [
            -0.17642134094238282,
            -0.08323981475830078,
            0.39385113525390625,
            -0.09112115585448377,
            0.039837860584526874,
            0.2732823033285046,
            [
                [
                    0.9621262550354004,
                    -0.2722632884979248,
                    0.013631263747811317
                ],
                [
                    0.2696792483329773,
                    0.9579173922538757,
                    0.09832283854484558
                ],
                [
                    -0.03982732445001602,
                    -0.09092291444540024,
                    0.9950612187385559
                ]
            ]
        ],
        [
            -0.18827857971191406,
            -0.08345793914794922,
            0.39067630004882814,
            -0.08714757306876734,
            0.036983595430118754,
            0.2733559453093116,
            [
                [
                    0.9622119069099426,
                    -0.2720385193824768,
                    0.0119702173396945
                ],
                [
                    0.26977968215942383,
                    0.958347499370575,
                    0.09374973177909851
                ],
                [
                    -0.03697516396641731,
                    -0.08697778731584549,
                    0.9955238103866577
                ]
            ]
        ],
        [
            -0.19139363098144532,
            -0.08175912475585938,
            0.38827386474609377,
            -0.0707220735807715,
            0.09074255323908931,
            0.29480289117217423,
            [
                [
                    0.9529226422309875,
                    -0.29595205187797546,
                    0.06596074253320694
                ],
                [
                    0.2893558442592621,
                    0.9526070356369019,
                    0.09387806057929993
                ],
                [
                    -0.0906180739402771,
                    -0.07037241011857986,
                    0.9933962225914001
                ]
            ]
        ],
        [
            -0.19318753051757812,
            -0.07870281219482422,
            0.38334811401367186,
            -0.06861187770148297,
            0.1352999680802749,
            0.29717417121981776,
            [
                [
                    0.9474292397499084,
                    -0.30097272992134094,
                    0.10859652608633041
                ],
                [
                    0.29014331102371216,
                    0.9512101411819458,
                    0.10495775938034058
                ],
                [
                    -0.13488754630088806,
                    -0.06793150305747986,
                    0.9885295629501343
                ]
            ]
        ],
        [
            -0.19556678771972658,
            -0.07760105133056641,
            0.38122598266601565,
            -0.03714595838834217,
            0.13888515219103126,
            0.29417816250915346,
            [
                [
                    0.9478253722190857,
                    -0.2946738004684448,
                    0.12163233011960983
                ],
                [
                    0.2871614396572113,
                    0.9548898339271545,
                    0.07565521448850632
                ],
                [
                    -0.1384390890598297,
                    -0.036779820919036865,
                    0.9896877408027649
                ]
            ]
        ],
        [
            -0.1915792236328125,
            -0.07463343048095702,
            0.3785954284667969,
            -0.015311489960180058,
            0.1369671757325297,
            0.29244064455363034,
            [
                [
                    0.9485753774642944,
                    -0.2902580797672272,
                    0.1263129860162735
                ],
                [
                    0.28559017181396484,
                    0.9568281769752502,
                    0.05401916056871414
                ],
                [
                    -0.13653932511806488,
                    -0.015167499892413616,
                    0.9905185103416443
                ]
            ]
        ],
        [
            -0.18493301391601563,
            -0.07107233428955079,
            0.37690451049804685,
            0.00933250831113891,
            0.14420575304685834,
            0.28340296959333494,
            [
                [
                    0.9501438736915588,
                    -0.278324693441391,
                    0.140577495098114
                ],
                [
                    0.2767220735549927,
                    0.9604426622390747,
                    0.03122199885547161
                ],
                [
                    -0.14370647072792053,
                    0.009235505945980549,
                    0.9895772337913513
                ]
            ]
        ],
        [
            -0.18149113464355468,
            -0.06893840026855469,
            0.3773061828613281,
            -0.012222387974691273,
            0.111407475973206,
            0.2726125001844643,
            [
                [
                    0.9571003317832947,
                    -0.2705368995666504,
                    0.10377269983291626
                ],
                [
                    0.26757919788360596,
                    0.962632954120636,
                    0.041702765971422195
                ],
                [
                    -0.11117716133594513,
                    -0.012146313674747944,
                    0.993726372718811
                ]
            ]
        ],
        [
            -0.17480206298828124,
            -0.06432843780517578,
            0.38025033569335936,
            -0.030136198098897615,
            0.09487827012943995,
            0.28246550427285316,
            [
                [
                    0.9560518264770508,
                    -0.281339168548584,
                    0.08254197984933853
                ],
                [
                    0.2774707078933716,
                    0.9591394662857056,
                    0.0553307868540287
                ],
                [
                    -0.09473598748445511,
                    -0.02999611757695675,
                    0.9950504302978516
                ]
            ]
        ],
        [
            -0.16621223449707032,
            -0.062001678466796876,
            0.38201858520507814,
            -0.03962689366177474,
            0.07540585543572065,
            0.28858359323128646,
            [
                [
                    0.9559237957000732,
                    -0.28723233938217163,
                    0.060887835919857025
                ],
                [
                    0.28378593921661377,
                    0.9570459723472595,
                    0.059401240199804306
                ],
                [
                    -0.07533441483974457,
                    -0.03950394690036774,
                    0.9963755011558533
                ]
            ]
        ],
        [
            -0.16076589965820312,
            -0.058707984924316406,
            0.38630233764648436,
            -0.021267270700307997,
            0.02686239693387904,
            0.25607890375988,
            [
                [
                    0.967041552066803,
                    -0.25378453731536865,
                    0.020591063424944878
                ],
                [
                    0.25319790840148926,
                    0.9670271277427673,
                    0.02737380750477314
                ],
                [
                    -0.026859166100621223,
                    -0.021257994696497917,
                    0.9994131922721863
                ]
            ]
        ],
        [
            -0.15661477661132814,
            -0.05538199615478516,
            0.3916496887207031,
            -0.056299684828121394,
            -0.001097359916362839,
            0.2810548039281595,
            [
                [
                    0.9607627987861633,
                    -0.2768704295158386,
                    -0.016660183668136597
                ],
                [
                    0.27736905217170715,
                    0.9592583179473877,
                    0.05375821515917778
                ],
                [
                    0.001097360160201788,
                    -0.05626991391181946,
                    0.9984149932861328
                ]
            ]
        ],
        [
            -0.15103656005859376,
            -0.0523589859008789,
            0.39570639038085936,
            -0.08525595237031532,
            -0.029860773885296288,
            0.3005010231894439,
            [
                [
                    0.9547624588012695,
                    -0.2924953103065491,
                    -0.05361994355916977
                ],
                [
                    0.29586684703826904,
                    0.9524714946746826,
                    0.07253152877092361
                ],
                [
                    0.029856335371732712,
                    -0.0851147472858429,
                    0.9959237575531006
                ]
            ]
        ],
        [
            -0.15185470581054689,
            -0.05097039031982422,
            0.39855413818359375,
            -0.05671857520208652,
            -0.06530078654422633,
            0.24013356378945983,
            [
                [
                    0.9692360162734985,
                    -0.2338569015264511,
                    -0.07676234841346741
                ],
                [
                    0.23732545971870422,
                    0.9706240892410278,
                    0.039566922932863235
                ],
                [
                    0.06525439023971558,
                    -0.056567348539829254,
                    0.9962640404701233
                ]
            ]
        ],
        [
            -0.1524229736328125,
            -0.049365165710449216,
            0.4025747375488281,
            -0.058137952647423996,
            -0.08089564386525772,
            0.2515922079855745,
            [
                [
                    0.9653499722480774,
                    -0.24397824704647064,
                    -0.09259625524282455
                ],
                [
                    0.24813222885131836,
                    0.9680498242378235,
                    0.03619316592812538
                ],
                [
                    0.08080743998289108,
                    -0.05791518837213516,
                    0.9950457215309143
                ]
            ]
        ],
        [
            -0.15453041076660157,
            -0.046900768280029294,
            0.4040963439941406,
            -0.04439068150436816,
            -0.08353941516465535,
            0.27466240865389485,
            [
                [
                    0.9591601490974426,
                    -0.26739078760147095,
                    -0.09227126091718674
                ],
                [
                    0.27027615904808044,
                    0.9625729322433472,
                    0.020103655755519867
                ],
                [
                    0.08344227820634842,
                    -0.04422134906053543,
                    0.9955309629440308
                ]
            ]
        ],
        [
            -0.15834799194335938,
            -0.047291576385498045,
            0.4049268493652344,
            -0.016127110391846305,
            -0.08200112232418388,
            0.2444928923899161,
            [
                [
                    0.9669999480247498,
                    -0.2407512366771698,
                    -0.08336658775806427
                ],
                [
                    0.24125094711780548,
                    0.9704537987709045,
                    -0.004177914932370186
                ],
                [
                    0.08190925419330597,
                    -0.016072222962975502,
                    0.9965102076530457
                ]
            ]
        ],
        [
            -0.16275697326660157,
            -0.04680913543701172,
            0.4069981079101562,
            0.0032474392361533377,
            -0.0705503541335033,
            0.24292665266204888,
            [
                [
                    0.968223512172699,
                    -0.2407653033733368,
                    -0.06764055788516998
                ],
                [
                    0.23994597792625427,
                    0.9705779552459717,
                    -0.020108409225940704
                ],
                [
                    0.07049184292554855,
                    0.003239355282858014,
                    0.9975070953369141
                ]
            ]
        ],
        [
            -0.1691228942871094,
            -0.04656111907958985,
            0.4070063781738281,
            -0.008640722559785985,
            -0.06426918842790874,
            0.26602253511974727,
            [
                [
                    0.9628322720527649,
                    -0.26235073804855347,
                    -0.06423506140708923
                ],
                [
                    0.26235321164131165,
                    0.9649340510368347,
                    -0.008547177538275719
                ],
                [
                    0.06422495096921921,
                    -0.008622776716947556,
                    0.9978982210159302
                ]
            ]
        ],
        [
            -0.1725674591064453,
            -0.04653841781616211,
            0.4076070556640625,
            0.005507025637387447,
            -0.02755812513791356,
            0.26598151877276965,
            [
                [
                    0.9644685983657837,
                    -0.2629988193511963,
                    -0.025137724354863167
                ],
                [
                    0.2627565860748291,
                    0.9647804498672485,
                    -0.012556146830320358
                ],
                [
                    0.02755463682115078,
                    0.005504906643182039,
                    0.999605119228363
                ]
            ]
        ],
        [
            -0.18187176513671874,
            -0.04542722702026367,
            0.40854879760742185,
            -0.01343238311899507,
            -0.028416632085335625,
            0.25659680307917293,
            [
                [
                    0.9668687582015991,
                    -0.25339820981025696,
                    -0.030888978391885757
                ],
                [
                    0.2536877989768982,
                    0.9672688841819763,
                    0.005781963467597961
                ],
                [
                    0.02841280773282051,
                    -0.013426556251943111,
                    0.9995061159133911
                ]
            ]
        ],
        [
            -0.1866617431640625,
            -0.04627215957641601,
            0.4071682434082031,
            -0.030720765617351736,
            -0.021293729446942633,
            0.2610086798355098,
            [
                [
                    0.9659111499786377,
                    -0.25730156898498535,
                    -0.028487659990787506
                ],
                [
                    0.25799670815467834,
                    0.9658430814743042,
                    0.024183640256524086
                ],
                [
                    0.021292120218276978,
                    -0.03070897050201893,
                    0.999301552772522
                ]
            ]
        ],
        [
            -0.18817185974121095,
            -0.043884597778320315,
            0.40715380859375,
            -0.06499927920703084,
            0.00835068891520696,
            0.27504743537341,
            [
                [
                    0.962378740310669,
                    -0.2715410888195038,
                    -0.009621153585612774
                ],
                [
                    0.27158311009407043,
                    0.960232675075531,
                    0.06477523595094681
                ],
                [
                    -0.008350592106580734,
                    -0.06495125591754913,
                    0.9978535175323486
                ]
            ]
        ],
        [
            -0.19396406555175782,
            -0.041976806640625,
            0.4091612243652344,
            -0.06087775724269266,
            0.03200396779349535,
            0.2632728661584487,
            [
                [
                    0.9650489687919617,
                    -0.26163965463638306,
                    0.015005544759333134
                ],
                [
                    0.2601087689399719,
                    0.9632481336593628,
                    0.06705574691295624
                ],
                [
                    -0.03199850395321846,
                    -0.06080900505185127,
                    0.9976363778114319
                ]
            ]
        ],
        [
            -0.19620477294921876,
            -0.04039196014404297,
            0.4081610412597656,
            -0.061281872035678045,
            0.03912447157573573,
            0.24870406202045126,
            [
                [
                    0.968490481376648,
                    -0.2480078488588333,
                    0.022764883935451508
                ],
                [
                    0.24595972895622253,
                    0.966823160648346,
                    0.06896907836198807
                ],
                [
                    -0.039114490151405334,
                    -0.06119665503501892,
                    0.997359037399292
                ]
            ]
        ],
        [
            -0.19314483642578126,
            -0.03497472763061524,
            0.4077342529296875,
            -0.08077731718732684,
            0.07812706461883923,
            0.2684072689625481,
            [
                [
                    0.9612533450126648,
                    -0.2704034745693207,
                    0.05360915884375572
                ],
                [
                    0.2643871307373047,
                    0.9593804478645325,
                    0.0984308049082756
                ],
                [
                    -0.07804761081933975,
                    -0.0804433673620224,
                    0.9936988949775696
                ]
            ]
        ],
        [
            -0.19388914489746092,
            -0.032857372283935544,
            0.40970318603515626,
            -0.05971801321475302,
            0.08638625084834306,
            0.2514117688181818,
            [
                [
                    0.964950442314148,
                    -0.25331559777259827,
                    0.06857014447450638
                ],
                [
                    0.2478439211845398,
                    0.9655545949935913,
                    0.07923170179128647
                ],
                [
                    -0.08627884835004807,
                    -0.05945996940135956,
                    0.9944950938224792
                ]
            ]
        ],
        [
            -0.1930787353515625,
            -0.028267606735229493,
            0.4085853576660156,
            -0.04712749563802984,
            0.0838673734564499,
            0.23293057298638917,
            [
                [
                    0.9695742130279541,
                    -0.23441344499588013,
                    0.07054192572832108
                ],
                [
                    0.23001861572265625,
                    0.9710028767585754,
                    0.06515274941921234
                ],
                [
                    -0.08376909047365189,
                    -0.04694446921348572,
                    0.9953787922859192
                ]
            ]
        ],
        [
            -0.18357398986816406,
            -0.022914812088012694,
            0.4078893432617188,
            -0.009603645568267122,
            0.10838822224233313,
            0.2619697764522385,
            [
                [
                    0.9602136611938477,
                    -0.2599751055240631,
                    0.1019933745265007
                ],
                [
                    0.25746384263038635,
                    0.9655681252479553,
                    0.03729039430618286
                ],
                [
                    -0.10817611962556839,
                    -0.009547143243253231,
                    0.9940859079360962
                ]
            ]
        ],
        [
            -0.18038887023925781,
            -0.020591808319091798,
            0.4097637939453125,
            0.014073122879626615,
            0.10326181150130243,
            0.24193621051102257,
            [
                [
                    0.9657042622566223,
                    -0.23815083503723145,
                    0.10343798995018005
                ],
                [
                    0.2383066862821579,
                    0.9711273312568665,
                    0.011030569672584534
                ],
                [
                    -0.10307839512825012,
                    0.013997696340084076,
                    0.9945747256278992
                ]
            ]
        ],
        [
            -0.17394142150878905,
            -0.016555654525756837,
            0.40955227661132815,
            0.017973003125062226,
            0.08659065535005106,
            0.22915869848970194,
            [
                [
                    0.9702091813087463,
                    -0.2256079763174057,
                    0.08829054236412048
                ],
                [
                    0.226307213306427,
                    0.9740536212921143,
                    0.0021398335229605436
                ],
                [
                    -0.08648248761892319,
                    0.017904700711369514,
                    0.9960924386978149
                ]
            ]
        ],
        [
            -0.1637240753173828,
            -0.012592290878295899,
            0.4093538513183594,
            0.019033053976700617,
            0.08338456503317482,
            0.25079611001868274,
            [
                [
                    0.9653493762016296,
                    -0.24659475684165955,
                    0.08539095520973206
                ],
                [
                    0.24731296300888062,
                    0.96893310546875,
                    0.0022297734394669533
                ],
                [
                    -0.08328796923160553,
                    0.01896577887237072,
                    0.996345043182373
                ]
            ]
        ],
        [
            -0.1586155242919922,
            -0.00992894172668457,
            0.41276324462890623,
            0.01539504794107012,
            0.05469133111162283,
            0.2497870440880437,
            [
                [
                    0.967516303062439,
                    -0.2463529258966446,
                    0.05676676705479622
                ],
                [
                    0.24682800471782684,
                    0.9690582752227783,
                    -0.001405447954311967
                ],
                [
                    -0.05466407164931297,
                    0.015371422283351421,
                    0.9983865022659302
                ]
            ]
        ],
        [
            -0.15307496643066407,
            -0.00883315086364746,
            0.4133858947753906,
            -0.021068687731940525,
            0.021280003711760198,
