{
    "amplitude": 0.07496755750089087,
    "frequency": 0.01792662966354723,
    "seed": 1762039378,
    "time_interval": 0.05,
    "pid_gains": {
        "pid_rate": {
            "roll_kp": "50.0",
            "roll_ki": "0.0",
            "roll_kd": "0.0",
            "pitch_kp": "50.0",
            "pitch_ki": "0.0",
            "pitch_kd": "0.0",
            "yaw_kp": "80.0",
            "yaw_ki": "0.0",
            "yaw_kd": "0.0"
        },
        "pid_attitude": {
            "roll_kp": "8.0",
            "roll_ki": "0.0",
            "roll_kd": "0.20000000298023224",
            "pitch_kp": "8.0",
            "pitch_ki": "0.0",
            "pitch_kd": "1.0",
            "yaw_kp": "10.0",
            "yaw_ki": "0.0",
            "yaw_kd": "0.3499999940395355"
        },
        "velCtlPid": {
            "vxKp": "15.0",
            "vxKi": "1.0",
            "vxKd": "0.0",
            "vyKp": "10.0",
            "vyKi": "1.0",
            "vyKd": "0.0",
            "vzKp": "12.5",
            "vzKi": "0.5",
            "vzKd": "0.0"
        },
        "posCtlPid": {
            "xKp": "1.5",
            "xKi": "0.0",
            "xKd": "0.0",
            "yKp": "1.5",
            "yKi": "0.0",
            "yKd": "0.0",
            "zKp": "5.0",
            "zKi": "0.5",
            "zKd": "0.0"
        }
    },
    "pose": [
        [
            -0.0367768440246582,
            -0.008071835517883302,
            0.2621231384277344,
            -0.014527922182712205,
            0.0044567860131528025,
            0.5361368518158216,
            [
                [
                    0.8596799373626709,
                    -0.5108204483985901,
                    -0.003589842701330781
                ],
                [
                    0.5108136534690857,
                    0.8595646619796753,
                    0.014765409752726555
                ],
                [
                    -0.004456771072000265,
                    -0.014527266845107079,
                    0.9998845458030701
                ]
            ]
        ],
        [
            -0.036960166931152345,
            -0.008092405319213868,
            0.26214483642578124,
            -0.015749855571252858,
            0.004970530909198079,
            0.5374708804363512,
            [
                [
                    0.8589956164360046,
                    -0.5119688510894775,
                    -0.0037938731256872416
                ],
                [
                    0.5119587779045105,
                    0.858859658241272,
                    0.016073077917099
                ],
                [
                    -0.0049705104902386665,
                    -0.01574900932610035,
                    0.9998636245727539
                ]
            ]
        ],
        [
            -0.037949573516845705,
            -0.008463664054870606,
            0.2622501220703125,
            -0.017224282937495228,
            0.0006342569053319203,
            0.519992410397353,
            [
                [
                    0.8678227663040161,
                    -0.49680933356285095,
                    -0.008007526397705078
                ],
                [
                    0.4968734383583069,
                    0.867688775062561,
                    0.015261988155543804
                ],
                [
                    -0.0006342568667605519,
                    -0.017223427072167397,
                    0.9998514652252197
                ]
            ]
        ],
        [
            -0.0360717887878418,
            -0.008568007469177246,
            0.2622334289550781,
            -0.01074491596931676,
            0.0034516898344922886,
            0.6601218907666813,
            [
                [
                    0.789912760257721,
                    -0.6132070422172546,
                    -0.003862409619614482
                ],
                [
                    0.6132094860076904,
                    0.7898491621017456,
                    0.010603928938508034
                ],
                [
                    -0.0034516830928623676,
                    -0.01074464526027441,
                    0.9999363422393799
                ]
            ]
        ],
        [
            -0.035737178802490235,
            -0.0074479708671569824,
            0.26218438720703124,
            -0.012623063566981396,
            0.009236621766557152,
            0.718848544950232,
            [
                [
                    0.7525323629379272,
                    -0.6585538387298584,
                    -0.0013618000084534287
                ],
                [
                    0.6584904789924622,
                    0.7524277567863464,
                    0.015581333078444004
                ],
                [
                    -0.009236490353941917,
                    -0.012622189708054066,
                    0.9998776912689209
                ]
            ]
        ],
        [
            -0.037238765716552734,
            -0.004468625545501709,
            0.2661837463378906,
            -0.04979995282933164,
            0.0173746580601275,
            0.7137608356973526,
            [
                [
                    0.7557910084724426,
                    -0.6545233130455017,
                    -0.019472969695925713
                ],
                [
                    0.6545824408531189,
                    0.7544017434120178,
                    0.048988670110702515
                ],
                [
                    -0.017373783513903618,
                    -0.049771856516599655,
                    0.9986094832420349
                ]
            ]
        ],
        [
            -0.04167104721069336,
            -0.0025908493995666503,
            0.2817518615722656,
            -0.023593484573657647,
            -0.04383077559579873,
            0.504881362710753,
            [
                [
                    0.8743912577629089,
                    -0.4826642572879791,
                    -0.04975033178925514
                ],
                [
                    0.4832390546798706,
                    0.87548828125,
                    -0.000540563662070781
                ],
                [
                    0.043816741555929184,
                    -0.023568637669086456,
                    0.9987615346908569
                ]
            ]
        ],
        [
            -0.04710321426391602,
            0.001791502594947815,
            0.3020674743652344,
            -0.09802932076311786,
            -0.14411437600246702,
            0.3083209880312275,
            [
                [
                    0.9429667592048645,
                    -0.2886090874671936,
                    -0.1658870279788971
                ],
                [
                    0.30031341314315796,
                    0.9525352120399475,
                    0.04988478496670723
                ],
                [
                    0.14361605048179626,
                    -0.09685779362916946,
                    0.9848822355270386
                ]
            ]
        ],
        [
            -0.05363394546508789,
            0.0067983527183532715,
            0.33011148071289065,
            -0.08509619980240353,
            -0.11175021777662697,
            0.3071639990797359,
            [
                [
                    0.9472492933273315,
                    -0.2922278642654419,
                    -0.1316118836402893
                ],
                [
                    0.30047062039375305,
                    0.9526115655899048,
                    0.04741927981376648
                ],
                [
                    0.1115177720785141,
                    -0.08446338027715683,
                    0.9901664853096008
                ]
            ]
        ],
        [
            -0.05986063766479492,
            0.008676773071289062,
            0.35245928955078126,
            -0.1074132130753663,
            -0.11672090023953774,
            0.30904302584937193,
            [
                [
                    0.9461432695388794,
                    -0.29050084948539734,
                    -0.14290621876716614
                ],
                [
                    0.30207768082618713,
                    0.9509320855140686,
                    0.0669122263789177
                ],
                [
                    0.1164560541510582,
                    -0.10647733509540558,
                    0.9874718189239502
                ]
            ]
        ],
        [
            -0.06878697967529297,
            0.008247325897216797,
            0.3740286865234375,
            0.005803821558960837,
            -0.10982426692196467,
            0.22813402738027508,
            [
                [
                    0.9682215452194214,
                    -0.226776123046875,
                    -0.10544942319393158
                ],
                [
                    0.22479775547981262,
                    0.9739298224449158,
                    -0.030440984293818474
                ],
                [
                    0.1096036285161972,
                    0.005768823437392712,
                    0.9939586520195007
                ]
            ]
        ],
        [
            -0.07710410308837891,
            0.01035249137878418,
            0.39266903686523436,
            -0.00041234310871234026,
            -0.10643766564567114,
            0.24257182684086348,
            [
                [
                    0.9652299880981445,
                    -0.24015741050243378,
                    -0.10322559624910355
                ],
                [
                    0.23884062469005585,
                    0.9707338809967041,
                    -0.02511780336499214
                ],
                [
                    0.10623680800199509,
                    -0.0004100100486539304,
                    0.9943407773971558
                ]
            ]
        ],
        [
            -0.08565008544921875,
            0.012768894195556641,
            0.40416928100585936,
            0.004521115916908319,
            -0.07122961490959678,
            0.24098126261490935,
            [
                [
                    0.9686417579650879,
                    -0.23896567523479462,
                    -0.06803321093320847
                ],
                [
                    0.23805047571659088,
                    0.9710175395011902,
                    -0.02137526497244835
                ],
                [
                    0.0711693987250328,
                    0.004509636200964451,
                    0.997454047203064
                ]
            ]
        ],
        [
            -0.09468746185302734,
            0.011787503242492677,
            0.41434515380859377,
            -0.005301562137948676,
            -0.09322161553281982,
            0.2289270370017037,
            [
                [
                    0.9696817398071289,
                    -0.22644886374473572,
                    -0.09185988456010818
                ],
                [
                    0.22594735026359558,
                    0.9740087389945984,
                    -0.01596088521182537
                ],
                [
                    0.09308665245771408,
                    -0.005278518423438072,
                    0.9956440329551697
                ]
            ]
        ],
        [
            -0.10109870147705079,
            0.010049447059631348,
            0.4211004333496094,
            0.03746754653718122,
            -0.09427999814270027,
            0.22886107483277768,
            [
                [
                    0.9696001410484314,
                    -0.23014365136623383,
                    -0.08312315493822098
                ],
                [
                    0.22586090862751007,
                    0.9724418520927429,
                    -0.057824552059173584
                ],
                [
                    0.09414038807153702,
                    0.03729242458939552,
                    0.9948602318763733
                ]
            ]
        ],
        [
            -0.10836279296875,
            0.008453748703002929,
            0.42522708129882814,
            0.03466126449287947,
            -0.055087924892146534,
            0.24536934218201123,
            [
                [
                    0.9685761332511902,
                    -0.24461963772773743,
                    -0.04496076703071594
                ],
                [
                    0.24254612624645233,
                    0.9690015316009521,
                    -0.04698320850729942
                ],
                [
                    0.055060066282749176,
                    0.03460175544023514,
                    0.9978833198547363
                ]
            ]
        ],
        [
            -0.11128559112548828,
            0.005324899196624756,
            0.42886279296875,
            0.05259980663038524,
            -0.048939239552835634,
            0.2441095630359559,
            [
                [
                    0.9691911339759827,
                    -0.2438538372516632,
                    -0.03469661623239517
                ],
                [
                    0.2414030134677887,
                    0.9683892726898193,
                    -0.06282401084899902
                ],
                [
                    0.04891970753669739,
                    0.05251260846853256,
                    0.9974213242530823
                ]
            ]
        ],
        [
            -0.11670986938476563,
            0.0019954410791397097,
            0.43110055541992187,
            0.05168780284646958,
            -0.018451371885390255,
            0.22505002670055568,
            [
                [
                    0.9746170043945312,
                    -0.22378629446029663,
                    -0.006431779358536005
                ],
                [
                    0.2231171429157257,
                    0.9732683897018433,
                    -0.054473742842674255
                ],
                [
                    0.01845032535493374,
                    0.05165599659085274,
                    0.9984945058822632
                ]
            ]
        ],
        [
            -0.1203960189819336,
            -0.0015061253309249878,
            0.43256478881835936,
            0.03349467013202009,
            -0.009625643316364396,
            0.24005932228572427,
            [
                [
                    0.9712788462638855,
                    -0.2379399836063385,
                    -0.0013820166932418942
                ],
                [
                    0.23774923384189606,
                    0.9707024097442627,
                    -0.03481536731123924
                ],
                [
                    0.009625494480133057,
                    0.033486854285001755,
                    0.9993928074836731
                ]
            ]
        ],
        [
            -0.12033428192138672,
            -0.0035399580001831054,
            0.43498941040039063,
            0.0192850737348772,
            0.008025419089086716,
            0.2755195026378941,
            [
                [
                    0.9622530341148376,
                    -0.27184736728668213,
                    0.012967332266271114
                ],
                [
                    0.27203813195228577,
                    0.9621471762657166,
                    -0.016373706981539726
                ],
                [
                    -0.008025333285331726,
                    0.01928325742483139,
                    0.9997818470001221
                ]
            ]
        ],
        [
            -0.12125308990478516,
            -0.00526745080947876,
            0.4356175842285156,
            -0.027494189351601,
            0.015203792512347158,
            0.22669843136606152,
            [
                [
                    0.9743011593818665,
                    -0.22508396208286285,
                    0.008629754185676575
                ],
                [
                    0.22473569214344025,
                    0.9739515781402588,
                    0.03020314872264862
                ],
                [
                    -0.015203206799924374,
                    -0.02748754806816578,
                    0.9995065331459045
                ]
            ]
        ],
        [
            -0.12363159942626953,
            -0.006787673473358154,
            0.43556857299804685,
            -0.038486253414635296,
            0.0017557472865825652,
            0.23070469441758307,
            [
                [
                    0.9735040068626404,
                    -0.22856004536151886,
                    -0.0070902700535953045
                ],
                [
                    0.22866325080394745,
                    0.9727691411972046,
                    0.0378585085272789
                ],
                [
                    -0.0017557464307174087,
                    -0.038476694375276566,
                    0.9992579817771912
                ]
            ]
        ],
        [
            -0.12100862121582032,
            -0.006873024940490723,
            0.43845196533203123,
            -0.07256532070303304,
            0.00628409960914178,
            0.24287585040170548,
            [
                [
                    0.9706311821937561,
                    -0.2403043806552887,
                    -0.0113527188077569
                ],
                [
                    0.24049031734466553,
                    0.9679863452911377,
                    0.07188106328248978
                ],
                [
                    -0.0062840585596859455,
                    -0.07250022143125534,
                    0.9973486065864563
                ]
            ]
        ],
        [
            -0.12114498901367188,
            -0.006451890468597412,
            0.43739019775390625,
            -0.06143036888215768,
            0.0007398578476058848,
            0.2208964065651255,
            [
                [
                    0.9757011532783508,
                    -0.21873536705970764,
                    -0.012730677612125874
                ],
                [
                    0.21910427510738373,
                    0.9738510847091675,
                    0.06006180867552757
                ],
                [
                    -0.0007398577290587127,
                    -0.06139172241091728,
                    0.9981134533882141
                ]
            ]
        ],
        [
            -0.12311944580078125,
            -0.007812777042388915,
            0.436851806640625,
            -0.039239698109503035,
            -0.022863869447123486,
            0.20190600985559548,
            [
                [
                    0.979430079460144,
                    -0.19950397312641144,
                    -0.030247215181589127
                ],
                [
                    0.20048457384109497,
                    0.9791118502616882,
                    0.03385160118341446
                ],
                [
                    0.02286187745630741,
                    -0.03921937569975853,
                    0.9989690780639648
                ]
            ]
        ],
        [
            -0.12083878326416016,
            -0.003998704195022583,
            0.4380285949707031,
            -0.0478361772617512,
            -0.01623404887616986,
            0.2309433188948018,
            [
                [
                    0.9733226299285889,
                    -0.2278784215450287,
                    -0.026729607954621315
                ],
                [
                    0.22886574268341064,
                    0.9725150465965271,
                    0.04283691942691803
                ],
                [
                    0.016233336180448532,
                    -0.047811634838581085,
                    0.9987244606018066
                ]
            ]
        ],
        [
            -0.12107405090332031,
            -0.0022478132247924806,
            0.4380201721191406,
            -0.024501032748046103,
            -0.00030729291902087397,
            0.18867009864067388,
            [
                [
                    0.9822545051574707,
                    -0.1874890774488449,
                    -0.004896525759249926
                ],
                [
                    0.18755275011062622,
                    0.9819611310958862,
                    0.024006227031350136
                ],
                [
                    0.00030729302670806646,
                    -0.024498580023646355,
                    0.9996998310089111
                ]
            ]
        ],
        [
            -0.1244754638671875,
            -0.0023731498718261718,
            0.4380013732910156,
            -0.00022470133429315642,
            -0.023350585784096323,
            0.20112180369801896,
            [
                [
                    0.9795759916305542,
                    -0.19976350665092468,
                    -0.02292271889746189
                ],
                [
                    0.19971418380737305,
                    0.9798440933227539,
                    -0.004444119054824114
                ],
                [
                    0.02334846369922161,
                    -0.00022464024368673563,
                    0.9997273683547974
                ]
            ]
        ],
        [
            -0.12206889343261719,
            0.0002696456909179688,
            0.43937200927734377,
            -0.009904013916073498,
            -0.016921043678253422,
            0.21461433295619947,
            [
                [
                    0.9769187569618225,
                    -0.21279644966125488,
                    -0.018640480935573578
                ],
                [
                    0.21294014155864716,
                    0.9770463705062866,
                    0.006073307245969772
                ],
                [
                    0.016920236870646477,
                    -0.009902434423565865,
                    0.9998078346252441
                ]
            ]
        ],
        [
            -0.12227803039550782,
            0.004500438213348388,
            0.43918414306640624,
            0.002131495564845265,
            -0.007343000765818397,
            0.179502668698905,
            [
                [
                    0.983906090259552,
                    -0.17855525016784668,
                    -0.006844379007816315
                ],
                [
                    0.17853544652462006,
                    0.9839276075363159,
                    -0.0034082529600709677
                ],
                [
                    0.00734293507412076,
                    0.002131436485797167,
                    0.9999707937240601
                ]
            ]
        ],
        [
            -0.12568631744384764,
            0.004220648765563965,
            0.4385982666015625,
            0.01583798159835538,
            -0.02773973110624639,
            0.181549917904892,
            [
                [
                    0.9831866025924683,
                    -0.1809636354446411,
                    -0.024417413398623466
                ],
                [
                    0.18048477172851562,
                    0.9833623766899109,
                    -0.020584288984537125
                ],
                [
                    0.027736173942685127,
                    0.015831226482987404,
                    0.9994899034500122
                ]
            ]
        ],
        [
            -0.12337062835693359,
            0.004857991695404053,
            0.439731689453125,
            0.019866805799430218,
            -0.03168417819040936,
            0.23291823452161126,
            [
                [
                    0.9725086092948914,
                    -0.23138470947742462,
                    -0.026232054457068443
                ],
                [
                    0.23070208728313446,
                    0.972659707069397,
                    -0.026639679446816444
                ],
                [
                    0.031678877770900726,
                    0.019855529069900513,
                    0.9993008375167847
                ]
            ]
        ],
        [
            -0.12369537353515625,
            0.008550921440124511,
            0.43919854736328123,
            0.01781951346508648,
            -0.01744749976675486,
            0.18458495762716506,
            [
                [
                    0.9828628897666931,
                    -0.18381501734256744,
                    -0.013877122662961483
                ],
                [
                    0.18351061642169952,
                    0.9827994108200073,
                    -0.020717496052384377
                ],
                [
                    0.017446614801883698,
                    0.017815858125686646,
                    0.9996890425682068
                ]
            ]
        ],
        [
            -0.12461589050292969,
            0.00610648775100708,
            0.439580078125,
            0.038277348056493285,
            -0.02669200932461724,
            0.1805148704526811,
            [
                [
                    0.9834009408950806,
                    -0.18040932714939117,
                    -0.01936546340584755
                ],
                [
                    0.1794721484184265,
                    0.9828474521636963,
                    -0.04243430122733116
                ],
                [
                    0.026688840240240097,
                    0.03825436905026436,
                    0.9989115595817566
                ]
            ]
        ],
        [
            -0.1252490005493164,
            0.006069315433502197,
            0.4397529907226562,
            0.03445976003508411,
            -0.03637878179618137,
            0.21855304760707406,
            [
                [
                    0.9755663275718689,
                    -0.21791186928749084,
                    -0.02801450528204441
                ],
                [
                    0.2166738659143448,
                    0.9753609299659729,
                    -0.04151450842618942
                ],
                [
                    0.03637075796723366,
                    0.03443014621734619,
                    0.9987450838088989
                ]
            ]
        ],
        [
            -0.1260447463989258,
            0.00923449993133545,
            0.43893740844726564,
            0.014504544539726869,
            -0.030175137705932054,
            0.17878270574248734,
            [
                [
                    0.9836128950119019,
                    -0.1782437264919281,
                    -0.02710726484656334
                ],
                [
                    0.1777508556842804,
                    0.983879566192627,
                    -0.01963757537305355
                ],
                [
                    0.030170558020472527,
                    0.014497432857751846,
                    0.9994395971298218
                ]
            ]
        ],
        [
            -0.13053431701660156,
            0.007925983905792236,
            0.43896490478515626,
            0.0029581084382555023,
            -0.039484970228177874,
            0.17075865458046957,
            [
                [
                    0.9846880435943604,
                    -0.17004434764385223,
                    -0.03839775547385216
                ],
                [
                    0.16979756951332092,
                    0.985431969165802,
                    -0.00962299108505249
                ],
                [
                    0.03947471082210541,
                    0.002955798292532563,
                    0.9992161989212036
                ]
            ]
        ],
        [
            -0.12825799560546874,
            0.005617122650146484,
            0.43912625122070315,
            0.016855156094376336,
            -0.03373576567199943,
            0.1951722686908257,
            [
                [
                    0.9804560542106628,
                    -0.19446568191051483,
                    -0.029815630987286568
                ],
                [
                    0.19382518529891968,
                    0.9807646870613098,
                    -0.023074759170413017
                ],
                [
                    0.03372936695814133,
                    0.016844768077135086,
                    0.9992890357971191
                ]
            ]
        ],
        [
            -0.12822607421875,
            0.008487384796142578,
            0.43764306640625,
            0.011169583766744276,
            -0.014061302693832323,
            0.17941640244389662,
            [
                [
                    0.9838507175445557,
                    -0.1785987764596939,
                    -0.011841041035950184
                ],
                [
                    0.1784377247095108,
                    0.983858585357666,
                    -0.01349913701415062
                ],
                [
                    0.01406083907932043,
                    0.01116824708878994,
                    0.9998387694358826
                ]
            ]
        ],
        [
            -0.13355732727050781,
            0.005758322715759277,
            0.4370316162109375,
            -0.005705011673092508,
            -0.02780216923403156,
            0.1347941090178068,
            [
                [
                    0.9905460476875305,
                    -0.1342269480228424,
                    -0.028312649577856064
                ],
                [
                    0.13433435559272766,
                    0.9909341931343079,
                    0.0019175426568835974
                ],
                [
                    0.027798587456345558,
                    -0.005702775903046131,
                    0.9995972514152527
                ]
            ]
        ],
        [
            -0.12979058837890625,
            0.0044815816879272465,
            0.43664419555664064,
            -0.005534578799728518,
            -0.007825746204235262,
            0.19286539895728036,
            [
                [
                    0.9814289808273315,
                    -0.19162650406360626,
                    -0.008741271682083607
                ],
                [
                    0.19166608154773712,
                    0.9814523458480835,
                    0.003931996878236532
                ],
                [
                    0.007825666107237339,
                    -0.00553438114002347,
                    0.9999540448188782
                ]
            ]
        ],
        [
            -0.12863534545898436,
            0.005686919212341309,
            0.43668753051757814,
            0.011056978401019116,
            0.014749169877939838,
            0.1715659979412077,
            [
                [
                    0.9852114319801331,
                    -0.17055444419384003,
                    0.016418887302279472
                ],
                [
                    0.17070700228214264,
                    0.9852862358093262,
                    -0.008376609534025192
                ],
                [
                    -0.014748634770512581,
                    0.011055550538003445,
                    0.9998301267623901
                ]
            ]
        ],
        [
            -0.1316272430419922,
            0.0020292534828186036,
            0.43646633911132815,
            0.005371977832698938,
            0.011296821154103576,
            0.12573138467442166,
            [
                [
                    0.9920428991317749,
                    -0.1253383606672287,
                    0.011880891397595406
                ],
                [
                    0.1253923773765564,
                    0.9920995235443115,
                    -0.003912971820682287
                ],
                [
                    -0.011296580545604229,
                    0.00537160923704505,
                    0.9999217391014099
                ]
            ]
        ],
        [
            -0.12565277099609376,
            0.0008458979725837708,
            0.43737548828125,
            0.014946588210820191,
            0.01838905574329064,
            0.1770957144282383,
            [
                [
                    0.9841930866241455,
                    -0.1758812516927719,
                    0.02073146402835846
                ],
                [
                    0.1761416792869568,
                    0.9842979907989502,
                    -0.011473186314105988
                ],
                [
                    -0.018388019874691963,
                    0.014943504706025124,
                    0.9997192621231079
                ]
            ]
        ],
        [
            -0.12225752258300782,
            0.0037267255783081056,
            0.43805392456054687,
            0.004341511279544852,
            0.03758146350846858,
            0.1802597565950208,
            [
                [
                    0.9831025004386902,
                    -0.1791229546070099,
                    0.037741851061582565
                ],
                [
                    0.1791585385799408,
                    0.9838171005249023,
                    0.0024649950210005045
                ],
                [
                    -0.03757261857390404,
                    0.004338432103395462,
                    0.9992845058441162
                ]
            ]
        ],
        [
            -0.12163603973388672,
            0.002062762975692749,
            0.43915087890625,
            0.005533772638918931,
            0.020971527722210226,
            0.12551710239128439,
            [
                [
                    0.9919149279594421,
                    -0.1250707358121872,
                    0.021497460082173347
                ],
                [
                    0.12516026198863983,
                    0.9921324253082275,
                    -0.00286506419070065
                ],
                [
                    -0.020969990640878677,
                    0.005532527808099985,
                    0.9997648000717163
                ]
            ]
        ],
        [
            -0.11440987396240235,
            0.0022886130809783934,
            0.4409580993652344,
            -0.039169956847227363,
            0.027063296293501793,
            0.1755606056261959,
            [
                [
                    0.9842682480812073,
                    -0.1755695641040802,
                    0.019783928990364075
                ],
                [
                    0.17459619045257568,
                    0.9836884140968323,
                    0.04328068345785141
                ],
                [
                    -0.027059992775321007,
                    -0.03914560005068779,
                    0.9988670349121094
                ]
            ]
        ],
        [
            -0.10959772491455078,
            0.005611507892608642,
            0.4424689636230469,
            -0.01300487090380778,
            0.04784127272728678,
            0.16011542962102449,
            [
                [
                    0.9860793352127075,
                    -0.16003264486789703,
                    0.045133985579013824
                ],
                [
                    0.15924973785877228,
                    0.9870262742042542,
                    0.020462045446038246
                ],
                [
                    -0.04782302677631378,
                    -0.012989625334739685,
                    0.9987713694572449
                ]
            ]
        ],
        [
            -0.10810041046142578,
            0.006842194080352783,
            0.44404067993164065,
            -0.030403717153506024,
            0.017456799274457646,
            0.11185980520338958,
            [
                [
                    0.9935988187789917,
                    -0.11210241168737411,
                    0.013945456594228745
                ],
                [
                    0.11160966753959656,
                    0.9932317137718201,
                    0.03215669095516205
                ],
                [
                    -0.01745591312646866,
                    -0.030394401401281357,
                    0.9993855357170105
                ]
            ]
        ],
        [
            -0.10067816162109375,
            0.007251869201660157,
            0.4461434631347656,
            -0.05635285473799463,
            0.007101131231132429,
            0.16817089406793578,
            [
                [
                    0.9858677387237549,
                    -0.16750794649124146,
                    -0.002437531016767025
                ],
                [
                    0.1673751026391983,
                    0.984260618686676,
                    0.05671514570713043
                ],
                [
                    -0.007101071532815695,
                    -0.05632161349058151,
                    0.9983873963356018
                ]
            ]
        ],
        [
            -0.09594593811035156,
            0.008363237380981445,
            0.4491432189941406,
            0.010946193712854366,
            0.013759268645649803,
            0.14100844654441097,
            [
                [
                    0.9899810552597046,
                    -0.14038409292697906,
                    0.015159823931753635
                ],
                [
                    0.14052832126617432,
                    0.9900366067886353,
                    -0.008903760462999344
                ],
                [
                    -0.013758834451436996,
                    0.010944939218461514,
                    0.9998454451560974
                ]
            ]
        ],
        [
            -0.09438644409179688,
            0.009859010696411133,
            0.45096160888671877,
            -0.014124860057282668,
            0.002628109966695158,
            0.12936192648971498,
            [
                [
                    0.9916409850120544,
                    -0.12902536988258362,
                    0.000783821102231741
                ],
                [
                    0.1290009766817093,
                    0.9915406703948975,
                    0.01434536837041378
                ],
                [
                    -0.0026281068567186594,
                    -0.014124341309070587,
                    0.999896764755249
                ]
            ]
        ],
        [
            -0.09047113037109375,
            0.006893725395202637,
            0.45325723266601564,
            0.01572390266405055,
            -0.018258751647303617,
            0.14589411785468565,
            [
                [
                    0.98921138048172,
                    -0.14564315974712372,
                    -0.015775738283991814
                ],
                [
                    0.14535287022590637,
                    0.9892122745513916,
                    -0.018210144713521004
                ],
                [
                    0.018257737159729004,
                    0.015720633789896965,
                    0.9997097253799438
                ]
            ]
        ],
        [
            -0.08744422912597656,
