{
    "amplitude": 0.05848384342728926,
    "frequency": 0.023629181368188035,
    "seed": 1762038333,
    "time_interval": 0.05,
    "pid_gains": {
        "pid_rate": {
            "roll_kp": "50.0",
            "roll_ki": "0.0",
            "roll_kd": "0.0",
            "pitch_kp": "50.0",
            "pitch_ki": "0.0",
            "pitch_kd": "0.0",
            "yaw_kp": "80.0",
            "yaw_ki": "0.0",
            "yaw_kd": "0.0"
        },
        "pid_attitude": {
            "roll_kp": "6.0",
            "roll_ki": "0.0",
            "roll_kd": "0.20000000298023224",
            "pitch_kp": "6.0",
            "pitch_ki": "0.0",
            "pitch_kd": "1.0",
            "yaw_kp": "10.0",
            "yaw_ki": "0.0",
            "yaw_kd": "0.3499999940395355"
        },
        "velCtlPid": {
            "vxKp": "15.0",
            "vxKi": "1.0",
            "vxKd": "0.0",
            "vyKp": "10.0",
            "vyKi": "1.0",
            "vyKd": "0.0",
            "vzKp": "12.5",
            "vzKi": "0.5",
            "vzKd": "0.0"
        },
        "posCtlPid": {
            "xKp": "1.5",
            "xKi": "0.0",
            "xKd": "0.0",
            "yKp": "1.5",
            "yKi": "0.0",
            "yKd": "0.0",
            "zKp": "5.0",
            "zKi": "0.5",
            "zKd": "0.0"
        }
    },
    "pose": [
        [
            0.025677797317504882,
            -0.0031499242782592773,
            0.2618000183105469,
            0.01296006315124923,
            0.02442401916355741,
            0.1724875998164722,
            [
                [
                    0.9848670363426208,
                    -0.17130735516548157,
                    0.02628149464726448
                ],
                [
                    0.17158237099647522,
                    0.9851324558258057,
                    -0.008576177060604095
                ],
                [
                    -0.02442159131169319,
                    0.012955835089087486,
                    0.9996178150177002
                ]
            ]
        ],
        [
            0.02572323989868164,
            -0.0031256353855133056,
            0.26166693115234374,
            0.013055552076268517,
            0.025785025368709524,
            0.17168856539172397,
            [
                [
                    0.9849701523780823,
                    -0.17050012946128845,
                    0.027631375938653946
                ],
                [
                    0.17078953981399536,
                    0.9852712154388428,
                    -0.008458826690912247
                ],
                [
                    -0.02578216791152954,
                    0.01305084116756916,
                    0.9995824098587036
                ]
            ]
        ],
        [
            0.02543467903137207,
            -0.003213824987411499,
            0.2617795104980469,
            0.012762204240083161,
            0.024436718915514577,
            0.17375925387141405,
            [
                [
                    0.9846477508544922,
                    -0.17256499826908112,
                    0.02627073973417282
                ],
                [
                    0.1728345900774002,
                    0.9849154949188232,
                    -0.008345680311322212
                ],
                [
                    -0.02443428710103035,
                    0.012758047319948673,
                    0.9996200203895569
                ]
            ]
        ],
        [
            0.026056770324707032,
            -0.003223010301589966,
            0.2617120971679687,
            0.013956055259188818,
            0.02612761056574664,
            0.1986066545284912,
            [
                [
                    0.9800078272819519,
                    -0.19692693650722504,
                    0.028362087905406952
                ],
                [
                    0.19723622500896454,
                    0.9803189039230347,
                    -0.008527287282049656
                ],
                [
                    -0.026124637573957443,
                    0.013950838707387447,
                    0.9995613694190979
                ]
            ]
        ],
        [
            0.025444944381713866,
            -0.003028160810470581,
            0.2617921142578125,
            0.014533807776630478,
            0.025042321977631232,
            0.23867699367602696,
            [
                [
                    0.9713469743728638,
                    -0.23603877425193787,
                    0.02776322327554226
                ],
                [
                    0.23634320497512817,
                    0.9716350436210632,
                    -0.00820210576057434
                ],
                [
                    -0.025039704516530037,
                    0.014528739266097546,
                    0.9995808601379395
                ]
            ]
        ],
        [
            0.025580163955688476,
            -0.0024203169345855713,
            0.26593817138671877,
            0.006517984168600804,
            0.017301430021253505,
            0.3192815211133554,
            [
                [
                    0.949319064617157,
                    -0.31377074122428894,
                    0.018471747636795044
                ],
                [
                    0.3138374984264374,
                    0.949476420879364,
                    -0.0007582649122923613
                ],
                [
                    -0.017300566658377647,
                    0.00651696277782321,
                    0.999829113483429
                ]
            ]
        ],
        [
            0.02754950714111328,
            -0.0016812916994094849,
            0.2784268798828125,
            0.0533242087355494,
            0.024527498435520156,
            0.1790446006238588,
            [
                [
                    0.9837183356285095,
                    -0.17655013501644135,
                    0.03359067067503929
                ],
                [
                    0.17803595960140228,
                    0.9828484058380127,
                    -0.04808547720313072
                ],
                [
                    -0.02452503889799118,
                    0.05328290909528732,
                    0.9982782602310181
                ]
            ]
        ],
        [
            0.026373191833496092,
            -0.0022123348712921142,
            0.2989063415527344,
            0.016065586328969865,
            0.011377744817350877,
            0.085525654428876,
            [
                [
                    0.9962804317474365,
                    -0.08522829413414001,
                    0.012706737034022808
                ],
                [
                    0.08541589975357056,
                    0.9962319731712341,
                    -0.015034419484436512
                ],
                [
                    -0.01137749943882227,
                    0.016063855960965157,
                    0.9998062252998352
                ]
            ]
        ],
        [
            0.029093225479125975,
            -0.0029448070526123045,
            0.32067169189453126,
            0.026870488243755618,
            -0.033436780280053924,
            0.1290136842210312,
            [
                [
                    0.9911349415779114,
                    -0.1295003592967987,
                    -0.02968411333858967
                ],
                [
                    0.12858417630195618,
                    0.991215705871582,
                    -0.030943458899855614
                ],
                [
                    0.0334305502474308,
                    0.026852237060666084,
                    0.999080240726471
                ]
            ]
        ],
        [
            0.029375169754028322,
            -0.0052656373977661135,
            0.340325927734375,
            0.04457236864214578,
            0.04322241360574086,
            0.07385363332306624,
            [
                [
                    0.996342658996582,
                    -0.07179319113492966,
                    0.04633612558245659
                ],
                [
                    0.07371760159730911,
                    0.9964256286621094,
                    -0.04125107824802399
                ],
                [
                    -0.043208956718444824,
                    0.04451599717140198,
                    0.9980738162994385
                ]
            ]
        ],
        [
            0.028596004486083983,
            -0.006396873474121094,
            0.35723837280273435,
            0.04145394939989806,
            0.032581464207515065,
            0.08639037369062076,
            [
                [
                    0.9957419037818909,
                    -0.08486385643482208,
                    0.03600207716226578
                ],
                [
                    0.08623716235160828,
                    0.9955312609672546,
                    -0.038479212671518326
                ],
                [
                    -0.03257570043206215,
                    0.04142008349299431,
                    0.9986106157302856
                ]
            ]
        ],
        [
            0.0306820068359375,
            -0.005878752231597901,
            0.3733609008789063,
            0.017213473997192745,
            0.03087080571634604,
            0.096811919376499,
            [
                [
                    0.9948431253433228,
                    -0.09611764550209045,
                    0.0323806032538414
                ],
                [
                    0.09661470353603363,
                    0.9952212572097778,
                    -0.014148944057524204
                ],
                [
                    -0.030865902081131935,
                    0.017204422503709793,
                    0.9993754625320435
                ]
            ]
        ],
        [
            0.031090539932250978,
            -0.011798912048339844,
            0.3839912109375,
            0.019725222605667708,
            0.03746904130692541,
            0.05587183524806953,
            [
                [
                    0.997738778591156,
                    -0.055094197392463684,
                    0.038495983928442
                ],
                [
                    0.0558035746216774,
                    0.9982866048812866,
                    -0.01760168746113777
                ],
                [
                    -0.03746027499437332,
                    0.019710099324584007,
                    0.9991037249565125
                ]
            ]
        ],
        [
            0.032236892700195315,
            -0.014873507499694825,
            0.3926238098144531,
            0.04245280689359839,
            0.031201880081993538,
            0.058159327210461374,
            [
                [
                    0.9978232979774475,
                    -0.056752417236566544,
                    0.033582903444767
                ],
                [
                    0.05809825286269188,
                    0.9974867105484009,
                    -0.040556568652391434
                ],
                [
                    -0.031196817755699158,
                    0.042419400066137314,
                    0.9986127018928528
                ]
            ]
        ],
        [
            0.03200634765625,
            -0.018196678161621092,
            0.39862957763671875,
            0.005393513105945047,
            0.0069675504070485506,
            0.09014893316788815,
            [
                [
                    0.9959151744842529,
                    -0.08998814225196838,
                    0.0074246590957045555
                ],
                [
                    0.09002469480037689,
                    0.9959282279014587,
                    -0.00474433321505785
                ],
                [
                    -0.006967494264245033,
                    0.005393356084823608,
                    0.9999611973762512
                ]
            ]
        ],
        [
            0.031353307723999024,
            -0.02200497245788574,
            0.40090850830078123,
            0.007525110718984967,
            -0.014111271946015247,
            0.03100474046493142,
            [
                [
                    0.9994198679924011,
                    -0.031105028465390205,
                    -0.01387034822255373
                ],
                [
                    0.030996687710285187,
                    0.9994878172874451,
                    -0.007958842441439629
                ],
                [
                    0.014110803604125977,
                    0.0075242905877530575,
                    0.9998721480369568
                ]
            ]
        ],
        [
            0.02879827880859375,
            -0.026256006240844728,
            0.4031205139160156,
            0.007833071635239164,
            -0.0251148647172732,
            0.015173152545311902,
            [
                [
                    0.9995695352554321,
                    -0.015368785709142685,
                    -0.024989716708660126
                ],
                [
                    0.015167785808444023,
                    0.9998512268066406,
                    -0.008213095366954803
                ],
                [
                    0.025112224742770195,
                    0.00783052109181881,
                    0.9996539950370789
                ]
            ]
        ],
        [
            0.027279840469360352,
            -0.03160924530029297,
            0.40277374267578125,
            -0.01562599436508209,
            -0.03657433173631852,
            0.0611823521585375,
            [
                [
                    0.9974614381790161,
                    -0.060566432774066925,
                    -0.0374487042427063
                ],
                [
                    0.061103299260139465,
                    0.9980420470237732,
                    0.013360586017370224
                ],
                [
                    0.03656617924571037,
                    -0.015614909119904041,
                    0.9992092251777649
                ]
            ]
        ],
        [
            0.02451602363586426,
            -0.03435395812988281,
            0.4017984008789062,
            0.006340887819438885,
            -0.02772295907225919,
            0.03520781633685517,
            [
                [
                    0.9989962577819824,
                    -0.03537549078464508,
                    -0.027478471398353577
                ],
                [
                    0.035187017172575,
                    0.9993540048599243,
                    -0.007312634494155645
                ],
                [
                    0.0277194082736969,
                    0.006338408682495356,
                    0.9995956420898438
                ]
            ]
        ],
        [
            0.020184791564941407,
            -0.03570392990112305,
            0.40101339721679685,
            -0.02410553661749813,
            -0.027042188361688035,
            0.02074827515900338,
            [
                [
                    0.9994192123413086,
                    -0.020089175552129745,
                    -0.02752528339624405
                ],
                [
                    0.020739201456308365,
                    0.9995078444480896,
                    0.023537207394838333
                ],
                [
                    0.02703889273107052,
                    -0.024094389751553535,
                    0.999343991279602
                ]
            ]
        ],
        [
            0.01698051643371582,
            -0.041234375,
            0.3991849365234375,
            -0.034684455303210994,
            -0.02029572092397247,
            0.04223192318781973,
            [
                [
                    0.9989026188850403,
                    -0.04149084910750389,
                    -0.02172810025513172
                ],
                [
                    0.04221067577600479,
                    0.9985371828079224,
                    0.033790282905101776
                ],
                [
                    0.020294327288866043,
                    -0.03467036038637161,
                    0.9991927146911621
                ]
            ]
        ],
        [
            0.01241287612915039,
            -0.042442481994628904,
            0.39693524169921873,
            -0.03339331992420179,
            -0.012565124858860521,
            0.039190637380883506,
            [
                [
                    0.9991532564163208,
                    -0.038739580661058426,
                    -0.013856274075806141
                ],
                [
                    0.03917751461267471,
                    0.9986914992332458,
                    0.032869454473257065
                ],
                [
                    0.012564794160425663,
                    -0.03338447958230972,
                    0.9993636012077332
                ]
            ]
        ],
        [
            0.00908649444580078,
            -0.04159053802490234,
            0.39712527465820313,
            -0.028485866165981776,
            0.01002964908375703,
            0.022524222608033176,
            [
                [
                    0.9996960759162903,
                    -0.022798769176006317,
                    0.009381388314068317
                ],
                [
                    0.022521184757351875,
                    0.9993343353271484,
                    0.028700584545731544
                ],
                [
                    -0.010029480792582035,
                    -0.02848058193922043,
                    0.9995440244674683
                ]
            ]
        ],
        [
            0.005274688720703125,
            -0.04534845733642578,
            0.3958230285644531,
            -0.034792016390444415,
            0.0030866192805794057,
            0.04174437181598716,
            [
                [
                    0.9991240501403809,
                    -0.04181426763534546,
                    0.0016304028686136007
                ],
                [
                    0.041732050478458405,
                    0.9985197186470032,
                    0.03488342836499214
                ],
                [
                    -0.0030866144225001335,
                    -0.03478483110666275,
                    0.9993900656700134
                ]
            ]
        ],
        [
            0.0019042156934738158,
            -0.04575197601318359,
            0.39470767211914065,
            0.0014767507658786094,
            0.011116563936140134,
            0.05214653728534736,
            [
                [
                    0.9985789656639099,
                    -0.052106454968452454,
                    0.011178184300661087
                ],
                [
                    0.05211968719959259,
                    0.9986404180526733,
                    -0.0008953277720138431
                ],
                [
                    -0.011116335168480873,
                    0.0014766589738428593,
                    0.999937117099762
                ]
            ]
        ],
        [
            -0.001114479422569275,
            -0.04536723709106445,
            0.39493527221679686,
            0.001283282688232388,
            0.01843046790956593,
            0.02664563072376181,
            [
                [
                    0.9994752407073975,
                    -0.02661881409585476,
                    0.01845705695450306
                ],
                [
                    0.026637952774763107,
                    0.9996448159217834,
                    -0.0007918216870166361
                ],
                [
                    -0.018429424613714218,
                    0.0012830643681809306,
                    0.9998293519020081
                ]
            ]
        ],
        [
            -0.002368685722351074,
            -0.04945866012573242,
            0.3948062744140625,
            -0.009214513646760986,
            0.02621876581034721,
            0.049320240490916226,
            [
                [
                    0.9984407424926758,
                    -0.04953942447900772,
                    0.0257285013794899
                ],
                [
                    0.04928330332040787,
                    0.9987297058105469,
                    0.010495567694306374
                ],
                [
                    -0.02621576189994812,
                    -0.009211216121912003,
                    0.999613881111145
                ]
            ]
        ],
        [
            -0.004081060886383056,
            -0.051865604400634764,
            0.39458010864257814,
            0.021913588558226643,
            0.030167133365455623,
            0.053492367021995085,
            [
                [
                    0.9981153011322021,
                    -0.05279405042529106,
                    0.03128373995423317
                ],
                [
                    0.05344253405928612,
                    0.9983652234077454,
                    -0.020268183201551437
                ],
                [
                    -0.03016255795955658,
                    0.021901864558458328,
                    0.999305009841919
                ]
            ]
        ],
        [
            -0.005599838256835937,
            -0.05216634368896484,
            0.3950028991699219,
            0.031909122125120065,
            0.03824510112313351,
            0.043333266217895836,
            [
                [
                    0.9983307123184204,
                    -0.042078934609889984,
                    0.03956249728798866
                ],
                [
                    0.04328802973031998,
                    0.9986055493354797,
                    -0.03021823801100254
                ],
                [
                    -0.038235779851675034,
                    0.03188037872314453,
                    0.9987600445747375
                ]
            ]
        ],
        [
            -0.005320321083068848,
            -0.05394143295288086,
            0.39576824951171874,
            -0.010798040223879903,
            0.02820998006843478,
            0.06651179304702687,
            [
                [
                    0.997391939163208,
                    -0.0667627826333046,
                    0.027424577623605728
                ],
                [
                    0.06643632054328918,
                    0.9977104663848877,
                    0.012648510746657848
                ],
                [
                    -0.02820623852312565,
                    -0.010793534107506275,
                    0.9995438456535339
                ]
            ]
        ],
        [
            -0.004206675052642822,
            -0.05602442169189453,
            0.39673065185546874,
            0.012695657353637129,
            0.046080466679090826,
            0.05803673348469664,
            [
                [
                    0.9972566366195679,
                    -0.0574156679213047,
                    0.046719279140233994
                ],
                [
                    0.05794258788228035,
                    0.99826979637146,
                    -0.010002244263887405
                ],
                [
                    -0.04606416076421738,
                    0.012681839987635612,
                    0.9988579750061035
                ]
            ]
        ],
        [
            -0.0028982532024383546,
            -0.05406464385986328,
            0.3982816162109375,
            0.004405478813444136,
            0.0537547898001316,
            0.05346610435636085,
            [
                [
                    0.9971286654472351,
                    -0.053203754127025604,
                    0.05388703942298889
                ],
                [
                    0.05336344242095947,
                    0.9985739588737488,
                    -0.001527890213765204
                ],
                [
                    -0.05372890457510948,
                    0.004399101249873638,
                    0.9985458850860596
                ]
            ]
        ],
        [
            -0.0001413731276988983,
            -0.0539432258605957,
            0.40076943969726564,
            -0.036772527342292596,
            0.06225442860612618,
            0.06301804706753956,
            [
                [
                    0.9960817098617554,
                    -0.06521648913621902,
                    0.05973347648978233
                ],
                [
                    0.0628543496131897,
                    0.9971962571144104,
                    0.04060664027929306
                ],
                [
                    -0.06221422553062439,
                    -0.0366930216550827,
                    0.9973881244659424
                ]
            ]
        ],
        [
            0.002738329887390137,
            -0.053417957305908204,
            0.4024324340820313,
            -0.015448141079015869,
            0.06442010956183686,
            0.04851819878346655,
            [
                [
                    0.9967514276504517,
                    -0.04948665201663971,
                    0.063542939722538
                ],
                [
                    0.048398565500974655,
                    0.9986557960510254,
                    0.018551137298345566
                ],
                [
                    -0.06437556445598602,
                    -0.015415484085679054,
                    0.9978066682815552
                ]
            ]
        ],
        [
            0.006025642395019531,
            -0.048212001800537106,
            0.4044257507324219,
            -0.03208961913890725,
            0.06609718798892428,
            0.04639453221207525,
            [
                [
                    0.9967426657676697,
                    -0.04847085848450661,
                    0.0644560381770134
                ],
                [
                    0.04627661779522896,
                    0.9983114004135132,
                    0.03511122614145279
                ],
                [
                    -0.06604906916618347,
                    -0.03201405331492424,
                    0.9973026514053345
                ]
            ]
        ],
        [
            0.010797633171081542,
            -0.045886817932128905,
            0.40730551147460936,
            -0.05405143681766673,
            0.06691449553074813,
            0.05745047203391961,
            [
                [
                    0.9961159229278564,
                    -0.0609414242208004,
                    0.06355470418930054
                ],
                [
                    0.05729037523269653,
                    0.996684730052948,
                    0.05776967108249664
                ],
                [
                    -0.06686457246541977,
                    -0.0539042167365551,
                    0.9963049292564392
                ]
            ]
        ],
        [
            0.015225794792175293,
            -0.0430330924987793,
            0.4093574829101562,
            -0.019823926892043167,
            0.06667356667807867,
            0.04683076806150875,
            [
                [
                    0.996684193611145,
                    -0.04812367260456085,
                    0.06561008840799332
                ],
                [
                    0.046709638088941574,
                    0.998645544052124,
                    0.022919204086065292
                ],
                [
                    -0.06662417948246002,
                    -0.01977858506143093,
                    0.9975820779800415
                ]
            ]
        ],
        [
            0.021462789535522463,
            -0.0356828498840332,
            0.4122908020019531,
            -0.013330058684376134,
            0.06630393769370424,
            0.0460657236160501,
            [
                [
                    0.9967442154884338,
                    -0.046927567571401596,
                    0.06556537747383118
                ],
                [
                    0.045948248356580734,
                    0.9988097548484802,
                    0.016366275027394295
                ],
                [
                    -0.0662553682923317,
                    -0.013300374150276184,
                    0.9977140426635742
                ]
            ]
        ],
        [
            0.025586353302001954,
            -0.033628875732421876,
            0.4152376708984375,
            -0.030462817785246264,
            0.06511438803604142,
            0.047844216376124585,
            [
                [
                    0.9967389106750488,
                    -0.0497833676636219,
                    0.063507080078125
                ],
                [
                    0.047724612057209015,
                    0.9982974529266357,
                    0.033533766865730286
                ],
                [
                    -0.06506838649511337,
                    -0.030393559485673904,
                    0.9974178075790405
                ]
            ]
        ],
        [
            0.03143471908569336,
            -0.030710046768188476,
            0.4180093078613281,
            0.010752795571278409,
            0.06412690931026233,
            0.0529261241071641,
            [
                [
                    0.9965471625328064,
                    -0.05221026763319969,
                    0.06455836445093155
                ],
                [
                    0.052792683243751526,
                    0.9985784888267517,
                    -0.007347648032009602
                ],
                [
                    -0.06408296525478363,
                    0.010730487294495106,
                    0.9978868961334229
                ]
            ]
        ],
        [
            0.0372265625,
            -0.024140144348144533,
            0.4211705627441406,
            0.012672056252422396,
            0.06877525650089145,
            0.05254295016270447,
            [
                [
                    0.9962590932846069,
                    -0.0516449473798275,
                    0.06928620487451553
                ],
                [
                    0.05239461734890938,
                    0.9985854625701904,
                    -0.009045373648405075
                ],
                [
                    -0.06872104853391647,
                    0.01264175958931446,
                    0.9975557923316956
                ]
            ]
        ],
        [
            0.04177545166015625,
            -0.020484634399414062,
            0.42516754150390623,
            -0.0019021430376718919,
            0.06250385716013196,
            0.05505513460616794,
            [
                [
                    0.996535062789917,
                    -0.055145859718322754,
                    0.062263742089271545
                ],
                [
                    0.05491987243294716,
                    0.998476505279541,
                    0.005336434580385685
                ],
                [
                    -0.06246316805481911,
                    -0.0018984276102855802,
                    0.9980454444885254
                ]
            ]
        ],
        [
            0.048702049255371097,
            -0.01756641960144043,
            0.4288161315917969,
            0.02242691676134907,
            0.06547165900497309,
            0.05460897384329175,
            [
                [
                    0.9963700175285339,
                    -0.053103141486644745,
                    0.06653493642807007
                ],
                [
                    0.05446489527821541,
                    0.9983382821083069,
                    -0.01882149465382099
                ],
                [
                    -0.06542489677667618,
                    0.02237699180841446,
                    0.9976065754890442
                ]
            ]
        ],
        [
            0.053794586181640625,
            -0.009886774063110351,
            0.43101278686523437,
            0.004515470595910089,
            0.05728660038018951,
            0.05131405864707529,
            [
                [
                    0.9970454573631287,
                    -0.05103282630443573,
                    0.05741092935204506
                ],
                [
                    0.05120740085840225,
                    0.9986867904663086,
                    -0.001572830486111343
                ],
                [
                    -0.05725527182221413,
                    0.004508047830313444,
                    0.9983493685722351
                ]
            ]
        ],
        [
            0.057957164764404295,
            -0.0056964030265808105,
            0.43425564575195313,
            -0.015208790599051353,
            0.05685361008496281,
            0.037447743739934786,
            [
                [
                    0.9976842999458313,
                    -0.03829823061823845,
                    0.05620720237493515
                ],
                [
                    0.037378501147031784,
                    0.9991509914398193,
                    0.017324691638350487
                ],
                [
                    -0.05682298541069031,
                    -0.015183631330728531,
                    0.9982687830924988
                ]
            ]
        ],
        [
            0.06437368011474609,
            -0.00125784432888031,
            0.43619985961914065,
            0.004060335789887171,
            0.04575018914896245,
            0.05407063309912366,
            [
                [
                    0.9974936842918396,
                    -0.05385841801762581,
                    0.04588645324110985
                ],
                [
                    0.053987741470336914,
                    0.9985403418540955,
                    -0.0015827369643375278
                ],
                [
                    -0.0457342304289341,
                    0.004056076053529978,
                    0.998945415019989
                ]
            ]
        ],
        [
            0.0696058120727539,
            0.006455457687377929,
            0.4370447692871094,
            -0.007848092451105688,
            0.05219592942338358,
            0.053308249755724145,
            [
                [
                    0.9972195029258728,
                    -0.05369023233652115,
                    0.05167834833264351
                ],
                [
                    0.053210437297821045,
                    0.9985268712043762,
                    0.010616671293973923
                ],
                [
                    -0.052172232419252396,
                    -0.007837323471903801,
                    0.998607337474823
                ]
            ]
        ],
        [
            0.07189483642578125,
            0.010309545516967774,
            0.4386751708984375,
            -0.020693933771555525,
            0.03674736049559968,
            0.016583584912713507,
            [
                [
                    0.9991874694824219,
                    -0.017339391633868217,
                    0.03638303279876709
                ],
                [
                    0.01657162979245186,
                    0.9996358156204224,
                    0.021298719570040703
                ],
                [
                    -0.03673909232020378,
                    -0.020678486675024033,
                    0.9991109371185303
                ]
            ]
        ],
        [
            0.07681683349609375,
            0.015617156982421875,
            0.4397781066894531,
            0.017676074302563086,
            0.02893059787041663,
            0.039011849676135926,
            [
                [
                    0.9988210201263428,
                    -0.03848496824502945,
                    0.029589403420686722
                ],
                [
                    0.038985636085271835,
                    0.9991029500961304,
                    -0.016533689573407173
                ],
                [
                    -0.028926562517881393,
                    0.017667757347226143,
                    0.9994254112243652
                ]
            ]
        ],
        [
            0.08144535064697266,
            0.023151771545410156,
            0.4403603515625,
            -0.002924149723282317,
            0.04082715772634837,
            0.05588956748677992,
            [
                [
                    0.9976065754890442,
                    -0.055979400873184204,
                    0.04058856889605522
                ],
                [
                    0.055813927203416824,
                    0.9984276294708252,
                    0.005199560895562172
                ],
                [
                    -0.0408158153295517,
                    -0.002921708859503269,
                    0.9991624355316162
                ]
            ]
        ],
        [
            0.08272618865966797,
            0.026781579971313477,
            0.4416531677246094,
            -0.014671338456396524,
            0.02679534509448822,
            0.03796263754317043,
            [
                [
                    0.9989207983016968,
                    -0.03834221512079239,
                    0.02621314488351345
                ],
                [
                    0.0379398949444294,
                    0.9991570711135864,
                    0.015676988288760185
                ],
                [
                    -0.026792138814926147,
                    -0.014665545895695686,
                    0.9995334148406982
                ]
            ]
        ],
        [
            0.08708676910400391,
            0.03213856887817383,
            0.4432497863769531,
            0.023359648715470867,
            0.031221610910685538,
            0.037260698873549235,
            [
                [
                    0.9988188743591309,
                    -0.036513280123472214,
                    0.032056476920843124
                ],
                [
                    0.03723392263054848,
                    0.9990604519844055,
                    -0.02217874862253666
                ],
                [
                    -0.031216539442539215,
                    0.02334614098072052,
                    0.999239981174469
                ]
            ]
        ],
        [
            0.09098522186279297,
            0.039662567138671875,
            0.44362255859375,
            0.0022474378559253147,
            0.04213223627452023,
            0.05389937878291125,
            [
                [
                    0.9976616501808167,
                    -0.05377862602472305,
                    0.04217957705259323
                ],
                [
                    0.05382547527551651,
                    0.9985503554344177,
                    2.495260014256928e-05
                ],
                [
                    -0.042119771242141724,
                    0.0022454415448009968,
                    0.9991100430488586
                ]
            ]
        ],
        [
            0.09240786743164063,
