{
    "amplitude": 0.06462219644303212,
    "frequency": 0.011932477448182325,
    "seed": 1762037612,
    "time_interval": 0.05,
    "pid_gains": {
        "pid_rate": {
            "roll_kp": "50.0",
            "roll_ki": "0.0",
            "roll_kd": "0.0",
            "pitch_kp": "50.0",
            "pitch_ki": "0.0",
            "pitch_kd": "0.0",
            "yaw_kp": "80.0",
            "yaw_ki": "0.0",
            "yaw_kd": "0.0"
        },
        "pid_attitude": {
            "roll_kp": "6.0",
            "roll_ki": "0.0",
            "roll_kd": "0.20000000298023224",
            "pitch_kp": "6.0",
            "pitch_ki": "0.0",
            "pitch_kd": "1.0",
            "yaw_kp": "10.0",
            "yaw_ki": "0.0",
            "yaw_kd": "0.3499999940395355"
        },
        "velCtlPid": {
            "vxKp": "15.0",
            "vxKi": "1.0",
            "vxKd": "0.0",
            "vyKp": "10.0",
            "vyKi": "1.0",
            "vyKd": "0.0",
            "vzKp": "12.5",
            "vzKi": "0.5",
            "vzKd": "0.0"
        },
        "posCtlPid": {
            "xKp": "1.5",
            "xKi": "0.0",
            "xKd": "0.0",
            "yKp": "1.5",
            "yKi": "0.0",
            "yKd": "0.0",
            "zKp": "5.0",
            "zKi": "0.5",
            "zKd": "0.0"
        }
    },
    "pose": [
        [
            0.03490644073486328,
            0.026315969467163088,
            0.2621355285644531,
            0.0019494704703529042,
            0.01027226078846688,
            0.41654960618685544,
            [
                [
                    0.9144421815872192,
                    -0.4045884311199188,
                    0.010182471014559269
                ],
                [
                    0.40458616614341736,
                    0.9144967794418335,
                    0.002373381983488798
                ],
                [
                    -0.010272080078721046,
                    0.0019493664149194956,
                    0.999945342540741
                ]
            ]
        ],
        [
            0.03491707611083984,
            0.026329364776611328,
            0.26213671875,
            0.0011525059654775294,
            0.008634622634964506,
            0.4162987315452751,
            [
                [
                    0.9145578145980835,
                    -0.40436869859695435,
                    0.008363100700080395
                ],
                [
                    0.4043630063533783,
                    0.9145953059196472,
                    0.0024375340435653925
                ],
                [
                    -0.008634515106678009,
                    0.0011524627916514874,
                    0.9999620318412781
                ]
            ]
        ],
        [
            0.03468989562988281,
            0.026184864044189453,
            0.26219158935546877,
            2.1987461944983355e-05,
            0.010542185437986351,
            0.42102612990841387,
            [
                [
                    0.9126193523406982,
                    -0.4086969792842865,
                    0.009630344808101654
                ],
                [
                    0.4086744785308838,
                    0.9126701354980469,
                    0.004288414493203163
                ],
                [
                    -0.010541990399360657,
                    2.1986274077789858e-05,
                    0.9999444484710693
                ]
            ]
        ],
        [
            0.035216064453125,
            0.025290197372436523,
            0.2621334533691406,
            0.005429723460347591,
            0.008333467189560961,
            0.5683873017526408,
            [
                [
                    0.8427408933639526,
                    -0.5382275581359863,
                    0.009945674799382687
                ],
                [
                    0.5382549166679382,
                    0.8427820801734924,
                    -9.041895827976987e-05
                ],
                [
                    -0.00833337102085352,
                    0.005429508164525032,
                    0.9999505281448364
                ]
            ]
        ],
        [
            0.034567291259765626,
            0.027273260116577148,
            0.2621416015625,
            -0.0012871281234381193,
            0.012015498572457872,
            0.6404588425465483,
            [
                [
                    0.8017637729644775,
                    -0.597575306892395,
                    0.00886490661650896
                ],
                [
                    0.5975202918052673,
                    0.8018117547035217,
                    0.008211890235543251
                ],
                [
                    -0.012015209533274174,
                    -0.0012870351783931255,
                    0.9999269843101501
                ]
            ]
        ],
        [
            0.03218891143798828,
            0.030896251678466796,
            0.2655603332519531,
            -0.02657708679883064,
            0.01829592302855154,
            0.6338098565063736,
            [
                [
                    0.8056422472000122,
                    -0.5924015641212463,
                    -0.0010011943522840738
                ],
                [
                    0.5921198129653931,
                    0.8052046298980713,
                    0.03224344924092293
                ],
                [
                    -0.01829490251839161,
                    -0.026569509878754616,
                    0.9994795322418213
                ]
            ]
        ],
        [
            0.028715572357177734,
            0.030482833862304687,
            0.27647622680664063,
            0.004522555572205683,
            -0.01629366400878607,
            0.420232763325453,
            [
                [
                    0.9128727912902832,
                    -0.40803608298301697,
                    -0.013030133210122585
                ],
                [
                    0.4079188108444214,
                    0.9129546284675598,
                    -0.010776064358651638
                ],
                [
                    0.016292942687869072,
                    0.004521939903497696,
                    0.9998570084571838
                ]
            ]
        ],
        [
            0.025377201080322265,
            0.031898059844970704,
            0.2946878356933594,
            0.06030986423796583,
            -0.034565335695491584,
            0.2549068496128122,
            [
                [
                    0.9671087861061096,
                    -0.2537124752998352,
                    -0.018182726576924324
                ],
                [
                    0.2520046532154083,
                    0.9654022455215454,
                    -0.06702394038438797
                ],
                [
                    0.03455845266580582,
                    0.06023730710148811,
                    0.997585654258728
                ]
            ]
        ],
        [
            0.020310188293457033,
            0.03211940002441406,
            0.32260556030273435,
            0.017486272648311305,
            -0.05639680323731833,
            0.2537320916079851,
            [
                [
                    0.9664433598518372,
                    -0.2519339621067047,
                    -0.05016468092799187
                ],
                [
                    0.25061920285224915,
                    0.9675869345664978,
                    -0.031072502955794334
                ],
                [
                    0.05636691302061081,
                    0.01745758205652237,
                    0.9982574582099915
                ]
            ]
        ],
        [
            0.015490063667297363,
            0.030111957550048828,
            0.3394526062011719,
            0.013727108389263692,
            -0.12656760302657677,
            0.22264636901808577,
            [
                [
                    0.9675149917602539,
                    -0.22248058021068573,
                    -0.12007154524326324
                ],
                [
                    0.21904517710208893,
                    0.9748420119285583,
                    -0.04125824570655823
                ],
                [
                    0.12622995674610138,
                    0.013616878539323807,
                    0.99190753698349
                ]
            ]
        ],
        [
            0.006350062847137451,
            0.02663060188293457,
            0.35941574096679685,
            0.017462841335507975,
            -0.10028162293504939,
            0.21082473208925973,
            [
                [
                    0.9729459285736084,
                    -0.2109440118074417,
                    -0.0942278504371643
                ],
                [
                    0.20821508765220642,
                    0.977343738079071,
                    -0.03802255168557167
                ],
                [
                    0.1001136302947998,
                    0.017374224960803986,
                    0.9948242902755737
                ]
            ]
        ],
        [
            -0.002963723659515381,
            0.022459747314453125,
            0.3770585632324219,
            0.014841495266662064,
            -0.11090371010296618,
            0.18608555729421922,
            [
                [
                    0.9766985177993774,
                    -0.1866072714328766,
                    -0.10600803047418594
                ],
                [
                    0.18387682735919952,
                    0.9823238849639893,
                    -0.0350591242313385
                ],
                [
                    0.11067650467157364,
                    0.01474977470934391,
                    0.9937470555305481
                ]
            ]
        ],
        [
            -0.012191594123840332,
            0.011747546195983886,
            0.388908447265625,
            0.019809956775378876,
            -0.12159148740873094,
            0.19793194290997995,
            [
                [
                    0.9732363820075989,
                    -0.19895921647548676,
                    -0.11500535905361176
                ],
                [
                    0.19519023597240448,
                    0.9798104763031006,
                    -0.0432683527469635
                ],
                [
                    0.1212920993566513,
                    0.019662411883473396,
                    0.9924221038818359
                ]
            ]
        ],
        [
            -0.024588949203491212,
            0.00469986629486084,
            0.3987805480957031,
            0.036793049746587245,
            -0.12880555055995857,
            0.17236413478783358,
            [
                [
                    0.977020800113678,
                    -0.1760508269071579,
                    -0.12015164643526077
                ],
                [
                    0.17009112238883972,
                    0.9837048649787903,
                    -0.05825541540980339
                ],
                [
                    0.1284496784210205,
                    0.036480024456977844,
                    0.991044819355011
                ]
            ]
        ],
        [
            -0.03681482696533203,
            -0.0021606800556182863,
            0.4048051452636719,
            0.0172802115810958,
            -0.12166708611231813,
            0.18388989115504314,
            [
                [
                    0.9758721590042114,
                    -0.18488973379135132,
                    -0.11614343523979187
                ],
                [
                    0.1815035343170166,
                    0.9826095700263977,
                    -0.03917732462286949
                ],
                [
                    0.12136713415384293,
                    0.017151616513729095,
                    0.9924594759941101
                ]
            ]
        ],
        [
            -0.05126848983764649,
            -0.011208003044128417,
            0.40821875,
            -0.0013671768188494166,
            -0.1232837587784088,
            0.17727978768369568,
            [
                [
                    0.9768561720848083,
                    -0.17618699371814728,
                    -0.12128536403179169
                ],
                [
                    0.1750141680240631,
                    0.9843558073043823,
                    -0.02034061588346958
                ],
                [
                    0.12297169864177704,
                    -0.0013567993883043528,
                    0.9924092292785645
                ]
            ]
        ],
        [
            -0.06440087127685547,
            -0.017813003540039063,
            0.41071908569335935,
            -0.0012328597670715619,
            -0.10456010924868364,
            0.16129846336201803,
            [
                [
                    0.9816290736198425,
                    -0.1604728251695633,
                    -0.10321284830570221
                ],
                [
                    0.15972284972667694,
                    0.9870395064353943,
                    -0.015544897876679897
                ],
                [
                    0.10436969250440598,
                    -0.0012261259835213423,
                    0.9945378303527832
                ]
            ]
        ],
        [
            -0.0791302490234375,
            -0.028978973388671874,
            0.41115731811523437,
            -0.028136218783764516,
            -0.08639310273351897,
            0.16761192994855037,
            [
                [
                    0.9823086857795715,
                    -0.16436877846717834,
                    -0.08973608911037445
                ],
                [
                    0.16620603203773499,
                    0.9860007166862488,
                    0.013349069282412529
                ],
                [
                    0.08628567308187485,
                    -0.02802758477628231,
                    0.995876133441925
                ]
            ]
        ],
        [
            -0.09348942565917968,
            -0.0363043212890625,
            0.4107979431152344,
            -0.006851532319129147,
            -0.07477244838740016,
            0.18494013782928692,
            [
                [
                    0.9802007675170898,
                    -0.18338027596473694,
                    -0.07468708604574203
                ],
                [
                    0.18337388336658478,
                    0.9830182790756226,
                    -0.007001959718763828
                ],
                [
                    0.07470279186964035,
                    -0.0068323346786201,
                    0.9971824288368225
                ]
            ]
        ],
        [
            -0.10786144256591797,
            -0.04123785018920898,
            0.4102994689941406,
            -0.0313885657670812,
            -0.05278980911409681,
            0.16622122198326883,
            [
                [
                    0.9848431944847107,
                    -0.16374221444129944,
                    -0.05720499902963638
                ],
                [
                    0.16522635519504547,
                    0.9860052466392517,
                    0.022224776446819305
                ],
                [
                    0.052765294909477234,
                    -0.03133969381451607,
                    0.998115062713623
                ]
            ]
        ],
        [
            -0.12040346527099609,
            -0.052344497680664064,
            0.4090491943359375,
            -0.033206636065623976,
            -0.02803906684098445,
            0.19201892934313225,
            [
                [
                    0.9812350869178772,
                    -0.1898222118616104,
                    -0.03384098410606384
                ],
                [
                    0.1907660961151123,
                    0.981257438659668,
                    0.027242984622716904
                ],
                [
                    0.028035392984747887,
                    -0.03318748250603676,
                    0.9990558624267578
                ]
            ]
        ],
        [
            -0.13247416687011718,
            -0.05779441070556641,
            0.4078668212890625,
            -0.00239024760932853,
            -0.014801804377189365,
            0.18463512906732044,
            [
                [
                    0.9828956127166748,
                    -0.1835525780916214,
                    -0.014988469891250134
                ],
                [
                    0.18356776237487793,
                    0.98300701379776,
                    -0.0003677057975437492
                ],
                [
                    0.014801263809204102,
                    -0.00238998350687325,
                    0.9998875856399536
                ]
            ]
        ],
        [
            -0.1439738006591797,
            -0.06117437362670899,
            0.40577194213867185,
            -0.030042406311145325,
            0.009041383116312307,
            0.17115515485205926,
            [
                [
                    0.9853484034538269,
                    -0.17051149904727936,
                    0.003789059817790985
                ],
                [
                    0.1703137755393982,
                    0.984897792339325,
                    0.031138213351368904
                ],
                [
                    -0.009041259996592999,
                    -0.03003665991127491,
                    0.9995079040527344
                ]
            ]
        ],
        [
            -0.1520045928955078,
            -0.06842156982421875,
            0.40320965576171874,
            -0.03289200864242857,
            0.03326588469599612,
            0.1736693548702643,
            [
                [
                    0.984412431716919,
                    -0.17378152906894684,
                    0.027059078216552734
                ],
                [
                    0.17270205914974213,
                    0.9842355847358704,
                    0.03813548386096954
                ],
                [
                    -0.03325974941253662,
                    -0.032867882400751114,
                    0.998906135559082
                ]
            ]
        ],
        [
            -0.15960232543945313,
            -0.07091118621826172,
            0.4010198669433594,
            -0.00980241263140269,
            0.05003462575020534,
            0.17360293739591529,
            [
                [
                    0.9837361574172974,
                    -0.17320682108402252,
                    0.047566454857587814
                ],
                [
                    0.1725160777568817,
                    0.9848368167877197,
                    0.018293488770723343
                ],
                [
                    -0.05001375079154968,
                    -0.009789988398551941,
                    0.9987005591392517
                ]
            ]
        ],
        [
            -0.16478962707519532,
            -0.07147108459472656,
            0.39627764892578127,
            -0.03600350374737842,
            0.08382294106351695,
            0.1605537379571471,
            [
                [
                    0.9836729764938354,
                    -0.1627362221479416,
                    0.07684001326560974
                ],
                [
                    0.15930354595184326,
                    0.9860174059867859,
                    0.04890876263380051
                ],
                [
                    -0.08372481167316437,
                    -0.03586934134364128,
                    0.9958431124687195
                ]
            ]
        ],
        [
            -0.1664190673828125,
            -0.07408668518066407,
            0.3933106384277344,
            -0.05700526885464609,
            0.09598542062083304,
            0.17063709915667247,
            [
                [
                    0.980940580368042,
                    -0.17491541802883148,
                    0.0846179723739624
                ],
                [
                    0.16902858018875122,
                    0.9829487800598145,
                    0.07239480316638947
                ],
                [
                    -0.09583809971809387,
                    -0.05671214312314987,
                    0.9937800765037537
                ]
            ]
        ],
        [
            -0.16647105407714843,
            -0.07306417083740234,
            0.390275146484375,
            -0.019104792108494417,
            0.11466420286805312,
            0.14715217936808597,
            [
                [
                    0.9826968908309937,
                    -0.14875701069831848,
                    0.1103549376130104
                ],
                [
                    0.14565886557102203,
                    0.9886916279792786,
                    0.03566955029964447
                ],
                [
                    -0.11441310495138168,
                    -0.01897818222641945,
                    0.9932519793510437
                ]
            ]
        ],
        [
            -0.16513047790527344,
            -0.0707548828125,
            0.3866820068359375,
            -0.06896906391341186,
            0.12576952100025274,
            0.14261689064836902,
            [
                [
                    0.9820290803909302,
                    -0.15035274624824524,
                    0.11407443135976791
                ],
                [
                    0.14101126790046692,
                    0.9862654805183411,
                    0.08600138127803802
                ],
                [
                    -0.12543821334838867,
                    -0.06837007403373718,
                    0.9897428154945374
                ]
            ]
        ],
        [
            -0.15960299682617188,
            -0.07122279357910156,
            0.38381866455078123,
            -0.054040610642286616,
            0.1359187449005037,
            0.157977735540544,
            [
                [
                    0.9784395694732666,
                    -0.16431961953639984,
                    0.1251203566789627
                ],
                [
                    0.15587051212787628,
                    0.9849543571472168,
                    0.07462773472070694
                ],
                [
                    -0.13550063967704773,
                    -0.05351614952087402,
                    0.9893308877944946
                ]
            ]
        ],
        [
            -0.1534813690185547,
            -0.06797843933105469,
            0.38279080200195315,
            -0.0040020496923093285,
            0.13227530766953,
            0.1360888685374162,
            [
                [
                    0.9820993542671204,
                    -0.13619105517864227,
                    0.130126491189003
                ],
                [
                    0.13448403775691986,
                    0.9906746745109558,
                    0.02185829170048237
                ],
                [
                    -0.13188990950584412,
                    -0.003967078868299723,
                    0.9912564158439636
                ]
            ]
        ],
        [
            -0.14499095153808594,
            -0.06364199829101562,
            0.3816929931640625,
            -0.04130638337698644,
            0.142039055870391,
            0.14389253712247585,
            [
                [
                    0.9796987771987915,
                    -0.14905951917171478,
                    0.1340579241514206
                ],
                [
                    0.14195241034030914,
                    0.9879828691482544,
                    0.06115004047751427
                ],
                [
                    -0.14156192541122437,
                    -0.040878776460886,
                    0.9890850186347961
                ]
            ]
        ],
        [
            -0.13439254760742186,
            -0.06151573944091797,
            0.3824571838378906,
            -0.04298306542605124,
            0.1372858451774739,
            0.17005152547339253,
            [
                [
                    0.9763028621673584,
                    -0.17487263679504395,
                    0.1274845153093338
                ],
                [
                    0.1676408350467682,
                    0.9836705327033997,
                    0.06548904627561569
                ],
                [
                    -0.13685500621795654,
                    -0.04256553202867508,
                    0.9896761775016785
                ]
            ]
        ],
        [
            -0.1303450927734375,
            -0.05890395355224609,
            0.38278192138671874,
            -0.03741425258017424,
            0.1401192979567123,
            0.14753952611929116,
            [
                [
                    0.9794415831565857,
                    -0.1520693004131317,
                    0.1325484663248062
                ],
                [
                    0.14556409418582916,
                    0.9876755475997925,
                    0.05751565098762512
                ],
                [
                    -0.13966123759746552,
                    -0.03703892603516579,
                    0.9895063638687134
                ]
            ]
        ],
        [
            -0.11124015808105468,
            -0.052213134765625,
            0.38576852416992186,
            -0.017345390197719412,
            0.12828828372971923,
            0.14904576913577405,
            [
                [
                    0.9807866811752319,
                    -0.15066660940647125,
                    0.12392368167638779
                ],
                [
                    0.14727427065372467,
                    0.9884349703788757,
                    0.03614726662635803
                ],
                [
                    -0.12793667614459991,
                    -0.017201989889144897,
                    0.9916331171989441
                ]
            ]
        ],
        [
            -0.09865084075927734,
            -0.04878609848022461,
            0.38889498901367187,
            -0.026454809039074843,
            0.11667779016313662,
            0.11743507633440625,
            [
                [
                    0.9863601326942444,
                    -0.12018246203660965,
                    0.11247175186872482
                ],
                [
                    0.11636871844530106,
                    0.9924041628837585,
                    0.039904359728097916
                ],
                [
                    -0.11641323566436768,
                    -0.026271874085068703,
                    0.9928533434867859
                ]
            ]
        ],
        [
            -0.08459171295166015,
            -0.04413882064819336,
            0.39305078125,
            -0.012941533138762007,
            0.10650059780108401,
            0.12285532663382379,
            [
                [
                    0.9868396520614624,
                    -0.12390151619911194,
                    0.10390345007181168
                ],
                [
                    0.12185218185186386,
                    0.992211103439331,
                    0.025869159027934074
                ],
                [
                    -0.10629938542842865,
                    -0.012867849320173264,
                    0.9942508935928345
                ]
            ]
        ],
        [
            -0.07130715179443359,
            -0.03756828689575195,
            0.3959395446777344,
            -0.021928313870504493,
            0.0907881069814398,
            0.12490504597545661,
            [
                [
                    0.9881231784820557,
                    -0.12652301788330078,
                    0.08720387518405914
                ],
                [
                    0.12406744807958603,
                    0.9917232990264893,
                    0.03304792195558548
                ],
                [
                    -0.09066344052553177,
                    -0.021836252883076668,
                    0.9956421852111816
                ]
            ]
        ],
        [
            -0.05733283615112305,
            -0.03278803253173828,
            0.40092050170898436,
            -0.041383731194389095,
            0.09276522545672439,
            0.11339535842296389,
            [
                [
                    0.9893056154251099,
                    -0.11686337739229202,
                    0.08727718144655228
                ],
                [
                    0.11266598850488663,
                    0.9922932982444763,
                    0.05157880857586861
                ],
                [
                    -0.0926322340965271,
                    -0.04119403660297394,
                    0.9948478937149048
                ]
            ]
        ],
        [
            -0.04280606460571289,
            -0.028048145294189454,
            0.4050528869628906,
            -0.015806454766176307,
            0.08909030161540366,
            0.1228119619102738,
            [
                [
                    0.9885320663452148,
                    -0.12388385832309723,
                    0.0863550677895546
                ],
                [
                    0.12201762944459915,
                    0.9921718239784241,
                    0.026584826409816742
                ],
                [
                    -0.08897249400615692,
                    -0.015743112191557884,
                    0.9959096312522888
                ]
            ]
        ],
        [
            -0.03154521560668945,
            -0.02158112335205078,
            0.40724566650390626,
            -0.03386044323809587,
            0.08576361661283016,
            0.10954635440179403,
            [
                [
                    0.9903523921966553,
                    -0.11214721947908401,
                    0.08139508962631226
                ],
                [
                    0.10892555862665176,
                    0.9931190013885498,
                    0.04301049932837486
                ],
                [
                    -0.08565852046012878,
                    -0.03372954577207565,
                    0.9957534670829773
                ]
            ]
        ],
        [
            -0.016081161499023437,
            -0.01620688247680664,
            0.41117398071289063,
            -0.036976815969724006,
            0.0755682378753979,
            0.0952286388494933,
            [
                [
                    0.9926282167434692,
                    -0.09779810905456543,
                    0.07158777117729187
                ],
                [
                    0.09481341391801834,
                    0.9945233464241028,
                    0.043974537402391434
                ],
                [
                    -0.07549633830785751,
                    -0.03686288744211197,
                    0.9964644908905029
                ]
            ]
        ],
        [
            -0.0034030497074127196,
            -0.011069986343383789,
            0.4135843200683594,
            0.0076345224824395375,
            0.06350902573140704,
            0.10015658765617678,
            [
                [
                    0.9929826259613037,
                    -0.09950420260429382,
                    0.06390980631113052
                ],
                [
                    0.0997876450419426,
                    0.9950079917907715,
                    -0.0012504232581704855
                ],
                [
                    -0.06346634030342102,
                    0.0076190573163330555,
                    0.9979549050331116
                ]
            ]
        ],
        [
            0.011566959381103515,
            -0.0031125032901763916,
            0.41529400634765623,
            -0.006897630623559962,
            0.06281751023325399,
            0.10406991292685897,
            [
                [
                    0.9926279187202454,
                    -0.10431034862995148,
                    0.06171853840351105
                ],
                [
                    0.10367726534605026,
                    0.9945209622383118,
                    0.013381429947912693
                ],
                [
                    -0.06277620792388916,
                    -0.006883971393108368,
                    0.9980039000511169
                ]
            ]
        ],
        [
            0.0205965518951416,
            -0.000908109724521637,
            0.41644393920898437,
            -0.03506477049508822,
            0.051328489011970735,
            0.10867860209409977,
            [
                [
                    0.9927910566329956,
                    -0.11018617451190948,
                    0.04716939851641655
                ],
                [
                    0.10832194238901138,
                    0.9932941198348999,
                    0.04041222482919693
                ],
                [
                    -0.05130595341324806,
                    -0.0350114144384861,
                    0.9980691075325012
                ]
            ]
        ],
        [
            0.032870685577392575,
            0.004309971809387207,
            0.41724530029296875,
            0.0032824042562999423,
            0.04960700981834609,
            0.09956617833511891,
            [
                [
                    0.9938232898712158,
                    -0.09923925995826721,
                    0.04966709390282631
                ],
                [
                    0.09927947074174881,
                    0.9950581789016724,
                    0.0016628331504762173
                ],
                [
                    -0.049586664885282516,
                    0.0032783604692667723,
                    0.9987644553184509
                ]
            ]
        ],
        [
            0.04347633743286133,
            0.00965596580505371,
            0.4162883605957031,
            -0.013973570852872173,
            0.05063871538576903,
            0.10277917299133482,
            [
                [
                    0.9934477806091309,
                    -0.10329184681177139,
                    0.048911429941654205
                ],
                [
                    0.10246679931879044,
                    0.9945532083511353,
                    0.019092097878456116
                ],
                [
                    -0.05061707645654678,
                    -0.013955204747617245,
                    0.9986206293106079
                ]
            ]
        ],
        [
            0.05454539108276367,
            0.01369599437713623,
            0.41605975341796875,
            -0.026156759558449136,
            0.04381875237288435,
            0.09328995430807795,
            [
                [
                    0.9946959614753723,
                    -0.09426350891590118,
                    0.04116298630833626
                ],
                [
                    0.0930652767419815,
                    0.9952043294906616,
                    0.0301192719489336
                ],
                [
                    -0.04380473122000694,
                    -0.026128672063350677,
                    0.998698353767395
                ]
            ]
        ],
        [
            0.06362113952636719,
            0.017349544525146483,
            0.415345947265625,
            0.00817340625571781,
            0.04371589957304067,
            0.09993214206553835,
            [
                [
                    0.9940603375434875,
                    -0.09940715879201889,
                    0.04429791122674942
                ],
                [
                    0.09967058151960373,
                    0.9950133562088013,
                    -0.003772716736420989
                ],
                [
                    -0.04370197653770447,
                    0.008165506646037102,
                    0.999011218547821
                ]
            ]
        ],
        [
            0.07322898101806641,
            0.02153845024108887,
            0.4138381652832031,
            -0.0316056443770823,
            0.04771253313277968,
            0.09534630329555593,
            [
                [
                    0.9943251013755798,
                    -0.09665467590093613,
                    0.04444567486643791
                ],
                [
                    0.09509356319904327,
                    0.9948173761367798,
                    0.03599518537521362
                ],
                [
                    -0.047694433480501175,
                    -0.03156442195177078,
                    0.9983631372451782
                ]
            ]
        ],
        [
            0.08236436462402344,
            0.02444393539428711,
            0.41305731201171875,
            -0.02437588992268981,
            0.04893230400283177,
            0.10515966398053318,
            [
                [
                    0.9932854771614075,
                    -0.10612035542726517,
                    0.04606974124908447
                ],
                [
                    0.10484031587839127,
                    0.9940552711486816,
                    0.029371483251452446
                ],
                [
                    -0.04891277849674225,
                    -0.024344302713871002,
                    0.9985063076019287
                ]
            ]
        ],
        [
            0.0918824462890625,
            0.03027815628051758,
            0.4121392211914062,
            0.004378973992382365,
            0.04494487377523848,
            0.09196982216192987,
            [
                [
                    0.9947682023048401,
                    -0.09164343029260635,
                    0.04514159634709358
                ],
                [
                    0.0917474776506424,
                    0.9957822561264038,
                    -0.0002341351646464318
                ],
                [
                    -0.04492974281311035,
                    0.004374538082629442,
                    0.9989805817604065
                ]
            ]
        ],
        [
            0.10186431121826171,
            0.03539365005493164,
            0.4108932189941406,
            -0.024271589223315924,
            0.056015335832162005,
            0.10834356104703735,
            [
                [
                    0.992577314376831,
                    -0.10945064574480057,
                    0.053017113357782364
                ],
                [
                    0.10796212404966354,
                    0.9936968684196472,
                    0.030178990215063095
                ],
                [
                    -0.05598604679107666,
                    -0.024231141433119774,
                    0.9981374740600586
                ]
            ]
        ],
        [
            0.11076953887939453,
            0.03838009262084961,
            0.4113992004394531,
            -0.0346666199709231,
            0.055210093983131925,
