{
    "amplitude": 0.07512054504119389,
    "frequency": 0.02023356738035403,
    "seed": 1762037519,
    "time_interval": 0.05,
    "pid_gains": {
        "pid_rate": {
            "roll_kp": "50.0",
            "roll_ki": "0.0",
            "roll_kd": "0.0",
            "pitch_kp": "50.0",
            "pitch_ki": "0.0",
            "pitch_kd": "0.0",
            "yaw_kp": "80.0",
            "yaw_ki": "0.0",
            "yaw_kd": "0.0"
        },
        "pid_attitude": {
            "roll_kp": "6.0",
            "roll_ki": "0.0",
            "roll_kd": "0.20000000298023224",
            "pitch_kp": "6.0",
            "pitch_ki": "0.0",
            "pitch_kd": "1.0",
            "yaw_kp": "10.0",
            "yaw_ki": "0.0",
            "yaw_kd": "0.3499999940395355"
        },
        "velCtlPid": {
            "vxKp": "15.0",
            "vxKi": "1.0",
            "vxKd": "0.0",
            "vyKp": "10.0",
            "vyKi": "1.0",
            "vyKd": "0.0",
            "vzKp": "12.5",
            "vzKi": "0.5",
            "vzKd": "0.0"
        },
        "posCtlPid": {
            "xKp": "1.5",
            "xKi": "0.0",
            "xKd": "0.0",
            "yKp": "1.5",
            "yKi": "0.0",
            "yKd": "0.0",
            "zKp": "5.0",
            "zKi": "0.5",
            "zKd": "0.0"
        }
    },
    "pose": [
        [
            0.04270439529418945,
            0.0023604583740234374,
            0.26268133544921873,
            -0.0041056280938792655,
            0.025981875686447164,
            0.2216666167044091,
            [
                [
                    0.9752031564712524,
                    -0.21995796263217926,
                    0.024440452456474304
                ],
                [
                    0.2197815626859665,
                    0.9755007028579712,
                    0.009716736152768135
                ],
                [
                    -0.025978952646255493,
                    -0.004104231018573046,
                    0.9996540546417236
                ]
            ]
        ],
        [
            0.042633670806884766,
            0.0023947453498840334,
            0.2628236999511719,
            -0.004509088491899932,
            0.026826309585870733,
            0.2222311720360191,
            [
                [
                    0.9750571846961975,
                    -0.2205222100019455,
                    0.025169366970658302
                ],
                [
                    0.22032716870307922,
                    0.9753715395927429,
                    0.010310109704732895
                ],
                [
                    -0.026823092252016068,
                    -0.004507450852543116,
                    0.9996300339698792
                ]
            ]
        ],
        [
            0.04256146240234375,
            0.0022967264652252197,
            0.2627938232421875,
            -0.0050589106862217875,
            0.02503009378642007,
            0.22303753975549623,
            [
                [
                    0.9749245643615723,
                    -0.22131358087062836,
                    0.023288248106837273
                ],
                [
                    0.22112365067005157,
                    0.9751895666122437,
                    0.010469411499798298
                ],
                [
                    -0.025027479976415634,
                    -0.005057304631918669,
                    0.9996739625930786
                ]
            ]
        ],
        [
            0.04283191680908203,
            0.0021922614574432374,
            0.26274383544921875,
            -0.0014737368862093037,
            0.027948471772316852,
            0.26155242448822946,
            [
                [
                    0.9656124711036682,
                    -0.2586199939250946,
                    0.02661331370472908
                ],
                [
                    0.258479505777359,
                    0.9659780263900757,
                    0.008649595081806183
                ],
                [
                    -0.027944833040237427,
                    -0.0014731608098372817,
                    0.9996083974838257
                ]
            ]
        ],
        [
            0.04223184967041015,
            0.0023981449604034426,
            0.2627809753417969,
            -0.003700574529466455,
            0.02692846172536867,
            0.3268666154525762,
            [
                [
                    0.9467096924781799,
                    -0.32116928696632385,
                    0.024311257526278496
                ],
                [
                    0.32096073031425476,
                    0.947014570236206,
                    0.012149641290307045
                ],
                [
                    -0.026925208047032356,
                    -0.0036992246750742197,
                    0.9996306300163269
                ]
            ]
        ],
        [
            0.04156394958496094,
            0.004487792015075684,
            0.266732421875,
            -0.021997055587331615,
            0.011155571521547891,
            0.43210721348082715,
            [
                [
                    0.908028781414032,
                    -0.4189067482948303,
                    0.0009162499336525798
                ],
                [
                    0.41875919699668884,
                    0.9077628254890442,
                    0.02464415319263935
                ],
                [
                    -0.011155339889228344,
                    -0.021993912756443024,
                    0.9996958374977112
                ]
            ]
        ],
        [
            0.04195014953613281,
            0.005221848487854004,
            0.28147799682617186,
            -0.011286116685517128,
            0.019307039205118448,
            0.2454369895187449,
            [
                [
                    0.9698504209518433,
                    -0.24317611753940582,
                    0.015983829274773598
                ],
                [
                    0.2429349571466446,
                    0.9699165225028992,
                    0.015638291835784912
                ],
                [
                    -0.019305840134620667,
                    -0.011283773928880692,
                    0.9997499585151672
                ]
            ]
        ],
        [
            0.04082661437988281,
            0.006298370361328125,
            0.30151507568359376,
            -0.059952710749122104,
            -0.00030682488236055683,
            0.12479489342068435,
            [
                [
                    0.9922231435775757,
                    -0.12422935664653778,
                    -0.007761809509247541
                ],
                [
                    0.12447121739387512,
                    0.9904428720474243,
                    0.059412721544504166
                ],
                [
                    0.00030682492069900036,
                    -0.059916798025369644,
                    0.9982033371925354
                ]
            ]
        ],
        [
            0.04203550338745117,
            0.008064467430114746,
            0.32783673095703125,
            -0.009332119718312201,
            -0.0009819329481810524,
            0.15201842673874838,
            [
                [
                    0.9884669780731201,
                    -0.15141794085502625,
                    -0.0023837422486394644
                ],
                [
                    0.15143351256847382,
                    0.9884257912635803,
                    0.009075671434402466
                ],
                [
                    0.0009819327387958765,
                    -0.009331979788839817,
                    0.999955952167511
                ]
            ]
        ],
        [
            0.039865081787109374,
            0.008160330772399903,
            0.3499502868652344,
            0.005356205538334956,
            0.0009066391467795754,
            0.10235665146202871,
            [
                [
                    0.9947656989097595,
                    -0.10217171907424927,
                    0.0014491647016257048
                ],
                [
                    0.10217797011137009,
                    0.9947523474693298,
                    -0.005235509015619755
                ],
                [
                    -0.0009066389757208526,
                    0.0053561776876449585,
                    0.9999852180480957
                ]
            ]
        ],
        [
            0.03677067947387695,
            0.009090447425842285,
            0.3679429321289063,
            -0.0004062633355859796,
            0.02821417776556734,
            0.09061312691066789,
            [
                [
                    0.9955011010169983,
                    -0.09050058573484421,
                    0.02805793471634388
                ],
                [
                    0.09045316278934479,
                    0.9958963394165039,
                    0.002957335440441966
                ],
                [
                    -0.028210435062646866,
                    -0.00040610163705423474,
                    0.9996019005775452
                ]
            ]
        ],
        [
            0.034461814880371096,
            0.010055893898010254,
            0.3865143127441406,
            -0.0023519087037910183,
            -0.027388847484135947,
            0.08762830811611319,
            [
                [
                    0.9957894682884216,
                    -0.08745180070400238,
                    -0.027486102655529976
                ],
                [
                    0.08748338371515274,
                    0.9961659908294678,
                    -5.377919660531916e-05
                ],
                [
                    0.027385422959923744,
                    -0.0023510244209319353,
                    0.9996221661567688
                ]
            ]
        ],
        [
            0.03172324752807617,
            0.007245033264160156,
            0.3972523193359375,
            0.0006950418812630144,
            -0.06067757211343672,
            0.07409570699109629,
            [
                [
                    0.9954208731651306,
                    -0.07406993955373764,
                    -0.060422491282224655
                ],
                [
                    0.07389169186353683,
                    0.9972528219223022,
                    -0.005182212684303522
                ],
                [
                    0.06064034625887871,
                    0.0006937627331353724,
                    0.9981594681739807
                ]
            ]
        ],
        [
            0.02691556739807129,
            0.006283270359039307,
            0.4066632385253906,
            0.009954574571696958,
            -0.04863934453644614,
            0.07135761526944497,
            [
                [
                    0.9962754845619202,
                    -0.07177629321813583,
                    -0.047784313559532166
                ],
                [
                    0.0712127536535263,
                    0.9973711967468262,
                    -0.013395381160080433
                ],
                [
                    0.04862016811966896,
                    0.009942637756466866,
                    0.9987678527832031
                ]
            ]
        ],
        [
            0.02182130241394043,
            0.00474261474609375,
            0.4125103149414063,
            -0.030546408680775752,
            -0.06105500662499064,
            0.07512233368736197,
            [
                [
                    0.9953216314315796,
                    -0.0731583759188652,
                    -0.06310880929231644
                ],
                [
                    0.07491185516119003,
                    0.996854305267334,
                    0.025878220796585083
                ],
                [
                    0.06101708114147186,
                    -0.030484750866889954,
                    0.9976710677146912
                ]
            ]
        ],
        [
            0.01506906509399414,
            0.0012377122640609742,
            0.41503363037109375,
            0.00919085578538396,
            -0.07671813452000475,
            0.06933404736795624,
            [
                [
                    0.9946630597114563,
                    -0.06997829675674438,
                    -0.07581880688667297
                ],
                [
                    0.06907473504543304,
                    0.9975064396858215,
                    -0.014478126540780067
                ],
                [
                    0.07664290070533752,
                    0.009163692593574524,
                    0.9970164895057678
                ]
            ]
        ],
        [
            0.008594561576843261,
            -0.002344402074813843,
            0.4179405517578125,
            0.015199779284239268,
            -0.07705142461236147,
            0.05556367445215546,
            [
                [
                    0.9954943060874939,
                    -0.056696828454732895,
                    -0.07600344717502594
                ],
                [
                    0.05537031590938568,
                    0.99827641248703,
                    -0.019450068473815918
                ],
                [
                    0.07697520405054092,
                    0.0151540981605649,
                    0.9969178438186646
                ]
            ]
        ],
        [
            0.0011090766191482544,
            -0.007281543254852295,
            0.4182596130371094,
            -0.008042280868233984,
            -0.0770583340696478,
            0.08112097570335981,
            [
                [
                    0.9937537312507629,
                    -0.08041234314441681,
                    -0.07737813144922256
                ],
                [
                    0.08079157024621964,
                    0.9967294335365295,
                    0.0017779333284124732
                ],
                [
                    0.07698209583759308,
                    -0.008018328808248043,
                    0.9970002174377441
                ]
            ]
        ],
        [
            -0.0072939605712890624,
            -0.010902517318725586,
            0.41854583740234375,
            0.007979292012579249,
            -0.08239468536175854,
            0.07449072110936802,
            [
                [
                    0.9938437342643738,
                    -0.07507435977458954,
                    -0.08147681504487991
                ],
                [
                    0.07416937500238419,
                    0.9971462488174438,
                    -0.014081913977861404
                ],
                [
                    0.08230149000883102,
                    0.007952137850224972,
                    0.9965757727622986
                ]
            ]
        ],
        [
            -0.01624009132385254,
            -0.014040156364440918,
            0.41968328857421877,
            0.005710413136147525,
            -0.07609237263160118,
            0.04334248017243621,
            [
                [
                    0.996169924736023,
                    -0.04376189410686493,
                    -0.07569890469312668
                ],
                [
                    0.043203532695770264,
                    0.9990257620811462,
                    -0.008998784236609936
                ],
                [
                    0.07601896673440933,
                    0.005693858489394188,
                    0.9970901012420654
                ]
            ]
        ],
        [
            -0.026419538497924805,
            -0.019900564193725587,
            0.4199098205566406,
            -0.022184275805426756,
            -0.08381243136867478,
            0.08187040843872688,
            [
                [
                    0.9931520223617554,
                    -0.079908087849617,
                    -0.08522746711969376
                ],
                [
                    0.08149191737174988,
                    0.9965571165084839,
                    0.01526376698166132
                ],
                [
                    0.08371434360742569,
                    -0.022104591131210327,
                    0.9962446093559265
                ]
            ]
        ],
        [
            -0.03735812377929688,
            -0.024722814559936523,
            0.4205692138671875,
            -0.013275578672876983,
            -0.07606071465103392,
            0.07007618467605965,
            [
                [
                    0.9946615695953369,
                    -0.06900640577077866,
                    -0.07672373205423355
                ],
                [
                    0.06981640309095383,
                    0.9975283741950989,
                    0.007922526448965073
                ],
                [
                    0.07598739862442017,
                    -0.013236806727945805,
                    0.9970209002494812
                ]
            ]
        ],
        [
            -0.04551066207885742,
            -0.025726461410522462,
            0.4220076904296875,
            -0.0020459574352795426,
            -0.06357788789242513,
            0.0578267577822093,
            [
                [
                    0.9963114857673645,
                    -0.05766464024782181,
                    -0.06354697793722153
                ],
                [
                    0.05767776817083359,
                    0.9983339309692383,
                    -0.0016294355737045407
                ],
                [
                    0.06353506445884705,
                    -0.002041822299361229,
                    0.9979774951934814
                ]
            ]
        ],
        [
            -0.056446155548095706,
            -0.03022745132446289,
            0.4231739501953125,
            -0.03317100285437435,
            -0.05003213896230507,
            0.05648276379596006,
            [
                [
                    0.9971559047698975,
                    -0.05476570501923561,
                    -0.05177629739046097
                ],
                [
                    0.05638209357857704,
                    0.9979496598243713,
                    0.030290311202406883
                ],
                [
                    0.05001126602292061,
                    -0.03312341868877411,
                    0.9981992244720459
                ]
            ]
        ],
        [
            -0.06400737762451172,
            -0.03671603012084961,
            0.42310687255859375,
            0.0023944736461105134,
            -0.03598615539185612,
            0.06847575578506274,
            [
                [
                    0.9970105290412903,
                    -0.06850800663232803,
                    -0.035730134695768356
                ],
                [
                    0.06837795674800873,
                    0.9976477026939392,
                    -0.0048505752347409725
                ],
                [
                    0.03597838804125786,
                    0.002392921131104231,
                    0.9993497133255005
                ]
            ]
        ],
        [
            -0.07185527038574219,
            -0.03873278045654297,
            0.42355078125,
            0.013029718769222133,
            -0.013365179456103826,
            0.05812095133037858,
            [
                [
                    0.998222291469574,
                    -0.05825714394450188,
                    -0.012584229931235313
                ],
                [
                    0.05808304622769356,
                    0.9982165694236755,
                    -0.013783619739115238
                ],
                [
                    0.013364781625568867,
                    0.013028186745941639,
                    0.9998258352279663
                ]
            ]
        ],
        [
            -0.07731102752685547,
            -0.042603683471679685,
            0.424101806640625,
            -0.0252562588641705,
            -0.01393144639726085,
            0.059503167970897206,
            [
                [
                    0.9981333613395691,
                    -0.05909791216254234,
                    -0.0154036870226264
                ],
                [
                    0.0594622902572155,
                    0.9979327917098999,
                    0.024380695074796677
                ],
                [
                    0.01393099594861269,
                    -0.025251124054193497,
                    0.9995840787887573
                ]
            ]
        ],
        [
            -0.08262430572509766,
            -0.044391876220703126,
            0.4244198303222656,
            -0.005427326186785073,
            0.01581820661032407,
            0.062401255656632404,
            [
                [
                    0.9979287981987,
                    -0.06244552880525589,
                    0.015448077581822872
                ],
                [
                    0.06235296279191971,
                    0.9980336427688599,
                    0.0064031160436570644
                ],
                [
                    -0.01581754721701145,
                    -0.005426620598882437,
                    0.9998601675033569
                ]
            ]
        ],
        [
            -0.08620919036865235,
            -0.042580467224121094,
            0.4242534484863281,
            -0.04574417432635209,
            0.030997050394612202,
            0.06433221569572331,
            [
                [
                    0.9974520206451416,
                    -0.06563488394021988,
                    0.027955854311585426
                ],
                [
                    0.06425696611404419,
                    0.9967963695526123,
                    0.04762395843863487
                ],
                [
                    -0.030992086976766586,
                    -0.04570625722408295,
                    0.9984740614891052
                ]
            ]
        ],
        [
            -0.0888209457397461,
            -0.042738128662109375,
            0.4247254333496094,
            -0.0822401623144368,
            0.049351230002515845,
            0.05180902749461155,
            [
                [
                    0.9974423050880432,
                    -0.055657822638750076,
                    0.04484442248940468
                ],
                [
                    0.051722802221775055,
                    0.9950730800628662,
                    0.08458328992128372
                ],
                [
                    -0.04933119937777519,
                    -0.0820474699139595,
                    0.9954067468643188
                ]
            ]
        ],
        [
            -0.08872152709960937,
            -0.042344165802001954,
            0.42415869140625,
            -0.03259143080544688,
            0.05757076455593246,
            0.059676343099684864,
            [
                [
                    0.996566116809845,
                    -0.06148086488246918,
                    0.05546260252594948
                ],
                [
                    0.05954211950302124,
                    0.997577965259552,
                    0.03595751151442528
                ],
                [
                    -0.057538967579603195,
                    -0.032531674951314926,
                    0.9978131055831909
                ]
            ]
        ],
        [
            -0.08797530364990234,
            -0.03787174224853516,
            0.422663330078125,
            -0.06906426032027095,
            0.06145871327797492,
            0.04883992700720559,
            [
                [
                    0.9969218373298645,
                    -0.05293763056397438,
                    0.05783146992325783
                ],
                [
                    0.0487283393740654,
                    0.9962195158004761,
                    0.07191848754882812
                ],
                [
                    -0.061420030891895294,
                    -0.06887908279895782,
                    0.9957325458526611
                ]
            ]
        ],
        [
            -0.08559454345703126,
            -0.037782760620117185,
            0.4212486572265625,
            -0.06489357578869037,
            0.07039630521362317,
            0.049872122344262,
            [
                [
                    0.9962829351425171,
                    -0.054302141070365906,
                    0.06687008589506149
                ],
                [
                    0.04972798004746437,
                    0.9964269995689392,
                    0.06826648861169815
                ],
                [
                    -0.070338174700737,
                    -0.06468742340803146,
                    0.9954235553741455
                ]
            ]
        ],
        [
            -0.08187249755859374,
            -0.0339698486328125,
            0.419990234375,
            -0.011169568706764953,
            0.06983497082317869,
            0.03183261968751838,
            [
                [
                    0.9970571398735046,
                    -0.032604239881038666,
                    0.06938303261995316
                ],
                [
                    0.0317496657371521,
                    0.9994062185287476,
                    0.013384387828409672
                ],
                [
                    -0.06977821886539459,
                    -0.011142111383378506,
                    0.9975003004074097
                ]
            ]
        ],
        [
            -0.07680715179443359,
            -0.028424312591552734,
            0.41815493774414064,
            -0.055336286932695516,
            0.08363112325517341,
            0.05489706916252113,
            [
                [
                    0.9950037598609924,
                    -0.05939863622188568,
                    0.08024543523788452
                ],
                [
                    0.054677728563547134,
                    0.9967116713523865,
                    0.059801165014505386
                ],
                [
                    -0.08353366702795029,
                    -0.05511474609375,
                    0.9949796199798584
                ]
            ]
        ],
        [
            -0.0717667465209961,
            -0.02682842445373535,
            0.41798776245117186,
            -0.04349574988917915,
            0.07339221953529362,
            0.06350231611368821,
            [
                [
                    0.9952978491783142,
                    -0.06658157706260681,
                    0.07034999132156372
                ],
                [
                    0.06328881531953812,
                    0.9968382120132446,
                    0.04804325848817825
                ],
                [
                    -0.07332634925842285,
                    -0.043364983052015305,
                    0.9963647723197937
                ]
            ]
        ],
        [
            -0.06466209411621093,
            -0.02138836669921875,
            0.41810882568359375,
            -0.002477095717110054,
            0.07516627881601612,
            0.03922927755328266,
            [
                [
                    0.9964091777801514,
                    -0.0394049733877182,
                    0.07494036108255386
                ],
                [
                    0.03910847380757332,
                    0.9992202520370483,
                    0.005420365836471319
                ],
                [
                    -0.0750955194234848,
                    -0.0024700986687093973,
                    0.9971733093261719
                ]
            ]
        ],
        [
            -0.058241889953613284,
            -0.014955287933349609,
            0.417893310546875,
            -0.03883858622432445,
            0.06926020215599626,
            0.0481459034553792,
            [
                [
                    0.996446430683136,
                    -0.050775039941072464,
                    0.06720378994941711
                ],
                [
                    0.04801191762089729,
                    0.9979586601257324,
                    0.04211195930838585
                ],
                [
                    -0.06920484453439713,
                    -0.038735728710889816,
                    0.9968501329421997
                ]
            ]
        ],
        [
            -0.05244077682495117,
            -0.011163918495178223,
            0.4194832763671875,
            -0.05077639492542454,
            0.06679606100812219,
            0.03873191515366659,
            [
                [
                    0.9970216751098633,
                    -0.04205746948719025,
                    0.06464505195617676
                ],
                [
                    0.03863587975502014,
                    0.9978309273719788,
                    0.053297750651836395
                ],
                [
                    -0.06674639880657196,
                    -0.05064139515161514,
                    0.9964839816093445
                ]
            ]
        ],
        [
            -0.04580620193481445,
            -0.0038681442737579347,
            0.42163504028320314,
            -0.015385260468120682,
            0.04673625575538254,
            0.04758952610187503,
            [
                [
                    0.9977771043777466,
                    -0.04828387871384621,
                    0.045928955078125
                ],
                [
                    0.04751962050795555,
                    0.9987154006958008,
                    0.017589479684829712
                ],
                [
                    -0.04671924188733101,
                    -0.01536785438656807,
                    0.9987898468971252
                ]
            ]
        ],
        [
            -0.03973660278320312,
            0.003265913486480713,
            0.42344573974609373,
            -0.04365016370291916,
            0.04274746935820284,
            0.060442336593600945,
            [
                [
                    0.9972620606422424,
                    -0.062209371477365494,
                    0.03997990861535072
                ],
                [
                    0.06035035848617554,
                    0.9971104860305786,
                    0.0461355596780777
                ],
                [
                    -0.042734451591968536,
                    -0.04359643906354904,
                    0.9981347918510437
                ]
            ]
        ],
        [
            -0.035681312561035156,
            0.009283576011657715,
            0.42671783447265627,
            -0.056221908606178345,
            0.017457842756954278,
            0.06505339954516855,
            [
                [
                    0.9977326989173889,
                    -0.06588368117809296,
                    0.013739584013819695
                ],
                [
                    0.06499762088060379,
                    0.9962443113327026,
                    0.057206474244594574
                ],
                [
                    -0.017456956207752228,
                    -0.05618373304605484,
                    0.9982678294181824
                ]
            ]
        ],
        [
            -0.030585203170776367,
            0.017168060302734375,
            0.4293939514160156,
            -0.038037150231926636,
            0.011735808242940182,
            0.055594397331456546,
            [
                [
                    0.9983862638473511,
                    -0.055971160531044006,
                    0.009595878422260284
                ],
                [
                    0.055561937391757965,
                    0.9977080225944519,
                    0.03862084820866585
                ],
                [
                    -0.011735538952052593,
                    -0.03802536055445671,
                    0.9992078542709351
                ]
            ]
        ],
        [
            -0.026821004867553712,
            0.025246938705444335,
            0.4318362121582031,
            -0.046773651105852326,
            0.004028963232671989,
            0.05527148866566009,
            [
                [
                    0.998464822769165,
                    -0.05537102371454239,
                    0.0014354090671986341
                ],
                [
                    0.05524290353059769,
                    0.9973704814910889,
                    0.04690752550959587
                ],
                [
                    -0.004028952214866877,
                    -0.04675621911883354,
                    0.9988982081413269
                ]
            ]
        ],
        [
            -0.0254779109954834,
            0.030662574768066407,
            0.4348143005371094,
            -0.047461047945986684,
            -0.007468030633707379,
            0.035723749210738356,
            [
                [
                    0.9993340969085693,
                    -0.035321854054927826,
                    -0.009149282239377499
                ],
                [
                    0.03571515530347824,
                    0.9982492923736572,
                    0.04714653640985489
                ],
                [
                    0.007467960938811302,
                    -0.04744190722703934,
                    0.9988460540771484
                ]
            ]
        ],
        [
            -0.02299441909790039,
            0.039162052154541015,
            0.43683328247070313,
            -0.01079540471165296,
            -0.00196885021388149,
            0.032919540955708586,
            [
                [
                    0.9994562864303589,
                    -0.032890435308218,
                    -0.0023229762446135283
                ],
                [
                    0.032913532108068466,
                    0.9994006752967834,
                    0.010724548250436783
                ],
                [
                    0.0019688489846885204,
                    -0.010795174166560173,
                    0.9999397993087769
                ]
            ]
        ],
        [
            -0.02107272720336914,
            0.04742358779907226,
            0.438304443359375,
            -0.044885613891404684,
            -0.0068749590982943865,
            0.04842092217280491,
            [
                [
                    0.9988043308258057,
                    -0.04804513230919838,
                    -0.009031754918396473
                ],
                [
                    0.04840086027979851,
                    0.9978368282318115,
                    0.04448552802205086
                ],
                [
                    0.006874904967844486,
                    -0.04486948251724243,
                    0.9989691972732544
                ]
            ]
        ],
        [
            -0.02142374610900879,
            0.05186893463134765,
            0.4403097229003906,
            -0.03282087913723009,
            -0.014767644111522982,
            0.040133927440008564,
            [
                [
                    0.9990857839584351,
                    -0.039617352187633514,
                    -0.016063909977674484
                ],
                [
                    0.040118779987096786,
                    0.998676061630249,
                    0.03219638019800186
                ],
                [
                    0.014767107553780079,
                    -0.03281140699982643,
                    0.9993524551391602
                ]
            ]
        ],
        [
            -0.020581354141235353,
            0.06206326293945313,
            0.44157186889648437,
            0.0004945025443203535,
            -0.004891241789857448,
            0.01545367100974434,
            [
                [
                    0.999868631362915,
                    -0.015455472283065319,
                    -0.004882995970547199
                ],
                [
                    0.015452871099114418,
                    0.9998804330825806,
                    -0.0005700277979485691
                ],
                [
                    0.004891222342848778,
                    0.0004944966058246791,
                    0.9999879002571106
                ]
            ]
        ],
        [
            -0.01921817970275879,
            0.0697375717163086,
            0.4423261413574219,
            -0.041003937297545597,
            0.007620864329175747,
            0.04647022190742419,
            [
                [
                    0.9988914728164673,
                    -0.04672650992870331,
                    0.005701922345906496
                ],
                [
                    0.046452149748802185,
                    0.9980663061141968,
                    0.0413019098341465
                ],
                [
                    -0.007620790507644415,
                    -0.04099125787615776,
                    0.9991304278373718
                ]
            ]
        ],
        [
            -0.019456941604614256,
            0.07536924743652344,
            0.4432586975097656,
            -0.02814154763553261,
            0.014460494839634297,
            0.038206178763639916,
            [
                [
                    0.9991657733917236,
                    -0.03858833760023117,
                    0.013368939980864525
                ],
                [
                    0.03819289058446884,
                    0.9988590478897095,
                    0.028669407591223717
                ],
                [
                    -0.01445999089628458,
                    -0.028134891763329506,
                    0.9994995594024658
                ]
            ]
        ],
        [
            -0.018128026962280275,
            0.08557448577880859,
            0.443682861328125,
            -0.012045530656790746,
            0.022937800846301926,
            0.03093345804367162,
            [
                [
                    0.9992586374282837,
                    -0.031202416867017746,
                    0.022550612688064575
                ],
                [
                    0.03092038817703724,
                    0.9994405508041382,
                    0.012748795561492443
                ],
                [
                    -0.022935789078474045,
                    -0.012042070738971233,
                    0.9996644258499146
                ]
            ]
        ],
        [
            -0.01536526584625244,
            0.09245167541503906,
            0.44418194580078124,
            -0.05091551096484518,
            0.035397475020990665,
            0.0359796074070333,
            [
                [
                    0.9987267851829529,
                    -0.037725187838077545,
                    0.0334906131029129
                ],
                [
                    0.03594931215047836,
                    0.9979929327964783,
                    0.05213197320699692
                ],
                [
                    -0.035390082746744156,
                    -0.05086163431406021,
                    0.998078465461731
                ]
            ]
        ],
