{"amplitude": 0.08173732150517857, "frequency": 0.01875935441187474, "seed": 1762493951, "time_interval": 0.05, "pid_gains": {"pid_rate": {"roll_kp": "50.0", "roll_ki": "0.0", "roll_kd": "0.0", "pitch_kp": "50.0", "pitch_ki": "0.0", "pitch_kd": "0.0", "yaw_kp": "80.0", "yaw_ki": "0.0", "yaw_kd": "0.0"}, "pid_attitude": {"roll_kp": "8.0", "roll_ki": "0.0", "roll_kd": "0.20000000298023224", "pitch_kp": "8.0", "pitch_ki": "0.0", "pitch_kd": "1.0", "yaw_kp": "10.0", "yaw_ki": "0.0", "yaw_kd": "0.3499999940395355"}, "velCtlPid": {"vxKp": "15.0", "vxKi": "1.0", "vxKd": "0.0", "vyKp": "10.0", "vyKi": "1.0", "vyKd": "0.0", "vzKp": "12.5", "vzKi": "0.5", "vzKd": "0.0"}, "posCtlPid": {"xKp": "1.5", "xKi": "0.0", "xKd": "0.0", "yKp": "1.5", "yKi": "0.0", "yKd": "0.0", "zKp": "5.0", "zKi": "0.5", "zKd": "0.0"}}, "mocap_pose": [[0.10171733093261719, -0.03518130493164062, 0.25799026489257815, 0.01476723985236593, 0.042490433116734616, 0.21369674986027354, [[0.9763715863227844, -0.2114378958940506, 0.04463854432106018], [0.2118825912475586, 0.9772800803184509, -0.005423391237854958], [-0.042477648705244064, 0.014753375202417374, 0.9989885091781616]]], [0.10155735015869141, -0.03525149154663086, 0.25783203125, 0.013255715394196912, 0.03921657562245007, 0.2116974685934626, [[0.976923942565918, -0.20959322154521942, 0.04111310467123985], [0.20995822548866272, 0.9776989817619324, -0.004722068551927805], [-0.039206523448228836, 0.01324513554573059, 0.9991433620452881]]], [0.10135115051269532, -0.03519783020019531, 0.2581451416015625, 0.014430199849072262, 0.041840135094586284, 0.2095770669072482, [[0.9772629737854004, -0.20743422210216522, 0.04391047731041908], [0.2078641653060913, 0.9781427383422852, -0.005412725266069174], [-0.04182792827486992, 0.014417070895433426, 0.9990208148956299]]], [0.10128104400634766, -0.03533297348022461, 0.2579503173828125, 0.018062104245556265, 0.0424538921248534, 0.2453251265028315, [[0.9691843390464783, -0.24208852648735046, 0.04555020481348038], [0.24265289306640625, 0.9700863361358643, -0.007214271929115057], [-0.04244114086031914, 0.0180448479950428, 0.9989359974861145]]], [0.10286962890625, -0.034844223022460936, 0.2580757751464844, 0.022645435538225123, 0.05144094080377637, 0.29244706490282707, [[0.9562746286392212, -0.2871074676513672, 0.055750515311956406], [0.287914901971817, 0.9576314091682434, -0.006862195208668709], [-0.051418256014585495, 0.02261354774236679, 0.9984211325645447]]], [0.1027012939453125, -0.03479056930541992, 0.2610263671875, 0.018492522121109328, 0.042556675660127885, 0.3385632904491511, [[0.9423788189888, -0.3313334584236145, 0.04626348987221718], [0.33183157444000244, 0.943332850933075, -0.003313995897769928], [-0.04254383221268654, 0.018474726006388664, 0.9989237785339355]]], [0.09856511688232422, -0.03406292343139648, 0.27250094604492187, 0.01152219336818501, -0.008843729293661173, 0.2557744370654797, [[0.9674298167228699, -0.2530765235424042, -0.005640353076159954], [0.25298482179641724, 0.9673776626586914, -0.013384342193603516], [0.008843613788485527, 0.01152148749679327, 0.9998944997787476]]], [0.09691812896728516, -0.026850082397460937, 0.30189425659179686, -0.019858594360633253, -0.06927722943723169, 0.17883340397906133, [[0.9816914200782776, -0.17649398744106293, -0.07163668423891068], [0.17745502293109894, 0.9841023683547974, 0.007229733280837536], [0.06922183185815811, -0.019809657707810402, 0.9974045753479004]]], [0.09536887359619141, -0.025623655319213866, 0.31764132690429686, 0.06472484645850313, -0.07124665997728474, 0.15368522017857209, [[0.9857065677642822, -0.15731045603752136, -0.060298845171928406], [0.15269258618354797, 0.9854395985603333, -0.0747917890548706], [0.07118640094995499, 0.06451557576656342, 0.9953744411468506]]], [0.08960584259033202, -0.021138206481933593, 0.3497103576660156, 0.03931828658708354, -0.07768474641064627, 0.06914125178936482, [[0.9946019649505615, -0.07207606732845306, -0.07464572042226791], [0.06887781620025635, 0.9966289401054382, -0.044571638107299805], [0.07760663330554962, 0.03918960690498352, 0.9962134957313538]]], [0.08583245086669922, -0.018059995651245116, 0.36210772705078126, 0.030948390739508155, -0.11754143658787553, 0.06064020510077604, [[0.9912745952606201, -0.06419612467288971, -0.11512409150600433], [0.06018488481640816, 0.9974640607833862, -0.03799014911055565], [0.11727096885442734, 0.03072994016110897, 0.9926244020462036]]], [0.08057178497314453, -0.015220358848571777, 0.3813916015625, 0.050161830598102156, -0.07942806920484746, 0.07141978641552947, [[0.9943059682846069, -0.07523758709430695, -0.07546475529670715], [0.07113410532474518, 0.9959121346473694, -0.055667806416749954], [0.07934457808732986, 0.049982715398073196, 0.9955933690071106]]], [0.07315528869628907, -0.012721281051635742, 0.39399517822265623, 0.05218401603848246, -0.0786671104650234, 0.04089006366563546, [[0.9960740208625793, -0.044918667525053024, -0.07628117501735687], [0.04075224697589874, 0.9976364374160767, -0.05532485246658325], [0.07858599722385406, 0.05199902132153511, 0.995550274848938]]], [0.0673158950805664, -0.00920727252960205, 0.40691571044921876, 0.06283316637068742, -0.0440059801849384, 0.03899926453486106, [[0.9982722401618958, -0.041672661900520325, -0.04142336919903755], [0.03895163536071777, 0.9971600770950317, -0.06445591151714325], [0.043991778045892715, 0.06273104250431061, 0.9970604777336121]]], [0.06061887741088867, -0.0066520686149597165, 0.41151821899414065, 0.061278951420949565, -0.053100488337347374, 0.04147488531888713, [[0.9977317452430725, -0.04463275521993637, -0.05039114132523537], [0.04140455275774002, 0.9971299171447754, -0.06338448077440262], [0.05307553708553314, 0.06115429103374481, 0.9967162013053894]]], [0.054612079620361326, -0.005060266494750976, 0.41562094116210935, 0.05370094452865099, -0.035256317105579305, 0.05375931734077192, [[0.9979347586631775, -0.05554522946476936, -0.03226320073008537], [0.0537000335752964, 0.9970141649246216, -0.055488914251327515], [0.035249013453722, 0.05364178121089935, 0.9979379177093506]]], [0.04604055786132812, -0.0037155139446258547, 0.42002850341796877, 0.060749845396353405, -0.025889899577543618, 0.0366114344276441, [[0.9989949464797974, -0.038106344640254974, -0.023599663749337196], [0.03659098967909813, 0.9974288940429688, -0.06161760166287422], [0.025887006893754005, 0.060692138969898224, 0.9978207945823669]]], [0.03828752517700195, -0.0032237257957458496, 0.4202572326660156, 0.07677798546917172, -0.028941437535179304, 0.033467500819136874, [[0.9990214705467224, -0.03558100759983063, -0.026269426569342613], [0.03344723954796791, 0.9964213967323303, -0.07762505114078522], [0.02893739752471447, 0.07667045295238495, 0.9966364502906799]]], [0.03354618835449219, -0.0017466970682144165, 0.4204379577636719, 0.05056030910289687, -0.023584470098616528, 0.0325756216912953, [[0.9991915225982666, -0.03371942788362503, -0.021893613040447235], [0.0325608029961586, 0.9981534481048584, -0.05127904936671257], [0.023582283407449722, 0.05052471533417702, 0.9984443783760071]]], [0.027006837844848634, -0.00218387246131897, 0.4205793762207031, 0.057860097842903406, -0.007855495976487381, 0.02292936548250677, [[0.9997062683105469, -0.023343130946159363, -0.006514369044452906], [0.02292664907872677, 0.9980537295341492, -0.057992421090602875], [0.007855415344238281, 0.05782603472471237, 0.998295783996582]]], [0.02072372817993164, -0.0005935138463973999, 0.41904559326171875, 0.05020829327036504, -0.0025080871665599247, 0.03798815743318061, [[0.9992753863334656, -0.03805694356560707, -0.0005970559432171285], [0.03797890245914459, 0.998014509677887, -0.05024612694978714], [0.002508084522560239, 0.050187043845653534, 0.9987366795539856]]], [0.014032625198364257, -0.0003810429573059082, 0.4176861877441406, 0.053659962806849676, 0.0006244958881078677, 0.04538733915602845, [[0.9989699721336365, -0.04527299106121063, 0.0030564332846552134], [0.04537174850702286, 0.9975337982177734, -0.053550686687231064], [-0.0006244959076866508, 0.05363420397043228, 0.9985604286193848]]], [0.008514474868774415, -0.00012680116295814514, 0.4156155090332031, 0.05495607652253087, 0.0015065044579001263, 0.045439350227472294, [[0.9989666938781738, -0.045272473245859146, 0.003997729625552893], [0.04542366415262222, 0.9974634051322937, -0.05480339378118515], [-0.0015065039042383432, 0.05492835491895676, 0.9984891414642334]]], [0.0019017379283905028, 0.0024507365226745606, 0.41176773071289063, 0.04414159764100933, 0.0017991284756686543, 0.037716358398423834, [[0.9992871880531311, -0.037591353058815, 0.003460021922364831], [0.03770735487341881, 0.9983184337615967, -0.044028107076883316], [-0.0017991274362429976, 0.044127192348241806, 0.9990242719650269]]], [-0.0035025386810302733, 0.004040539264678955, 0.4094291381835938, 0.043723168461629644, 0.010357849389376117, 0.017016276871655994, [[0.9998015761375427, -0.01654653437435627, 0.011090000160038471], [0.01701454259455204, 0.9989073872566223, -0.04352683946490288], [-0.010357663966715336, 0.04370689392089844, 0.9989907145500183]]], [-0.0073669800758361815, 0.004254378318786621, 0.4082224426269531, 0.038576850564167264, 0.013057306693870618, 0.021135383426931897, [[0.9996914267539978, -0.0206146277487278, 0.013859380967915058], [0.021132009103894234, 0.9990434646606445, -0.038282930850982666], [-0.013056935742497444, 0.03856399655342102, 0.9991708397865295]]], [-0.012874357223510742, 0.007672449588775635, 0.40474227905273436, 0.046488523776579825, 0.012268371338746809, 0.029890348493364687, [[0.9994781017303467, -0.02928374521434307, 0.013638186268508434], [0.029883649200201035, 0.9984904527664185, -0.046084776520729065], [-0.012268063612282276, 0.046468283981084824, 0.9988444447517395]]], [-0.017507335662841798, 0.009920699119567871, 0.40331329345703126, 0.02343716851609176, 0.004441581260885119, -0.0022859292511115212, [[0.9999875426292419, 0.002389387460425496, 0.004386764485388994], [-0.0022859047167003155, 0.9997225403785706, -0.023445112630724907], [-0.00444156676530838, 0.023434791713953018, 0.9997155070304871]]], [-0.021974908828735353, 0.010463809967041016, 0.4027976989746094, 0.04324113048768475, 0.017331637228219732, -0.0016817672176142884, [[0.9998484253883362, 0.0024293619208037853, 0.01724184677004814], [-0.0016815138515084982, 0.9990625977516174, -0.043256714940071106], [-0.017330769449472427, 0.043221164494752884, 0.9989151954650879]]], [-0.026057743072509767, 0.013593476295471191, 0.4012978515625, 0.051474531350952674, 0.014872098095740416, -0.00272466239943572, [[0.9998856782913208, 0.0034862153697758913, 0.014711608178913593], [-0.002724357647821307, 0.9986696839332581, -0.051492076367139816], [-0.014871549792587757, 0.05144611373543739, 0.9985650181770325]]], [-0.030305522918701172, 0.01652617645263672, 0.40030169677734373, 0.028153645202002198, 0.014026638935231261, -0.002942647235021646, [[0.999897301197052, 0.003336311085149646, 0.013937724754214287], [-0.0029423534870147705, 0.9995982050895691, -0.028191061690449715], [-0.014026178978383541, 0.028147157281637192, 0.9995054006576538]]], [-0.0330737419128418, 0.017121421813964845, 0.4008251953125, 0.06002173653484564, 0.0051308004681713815, 0.005300141478385929, [[0.9999728202819824, -0.0049828034825623035, 0.005439397878944874], [0.005300046876072884, 0.9981868267059326, -0.05995771661400795], [-0.005130778066813946, 0.05998491495847702, 0.9981861114501953]]], [-0.035714599609375, 0.021796817779541015, 0.4007925720214844, 0.02868944611666878, 0.01702284661411957, -0.00023667131123393005, [[0.999855101108551, 0.0007248593610711396, 0.017008230090141296], [-0.00023663703177589923, 0.9995883703231812, -0.028689537197351456], [-0.0170220248401165, 0.028681354597210884, 0.9994436502456665]]], [-0.04176464462280274, 0.024794639587402342, 0.40171234130859373, 0.025874805109744197, 0.006603729027905514, -0.009786637112163186, [[0.9999303221702576, 0.009954046458005905, 0.006347959395498037], [-0.009786267764866352, 0.9996157288551331, -0.025935284793376923], [-0.006603681016713381, 0.02587135322391987, 0.9996434450149536]]], [-0.04366681289672852, 0.02774397087097168, 0.4050884094238281, 0.05404115784698841, 0.01554496324500887, 0.01440413652196739, [[0.9997754693031311, -0.01354307308793068, 0.016298044472932816], [0.01440189778804779, 0.9984486103057861, -0.05378568544983864], [-0.015544337220489979, 0.05400833114981651, 0.998419463634491]]], [-0.04826775360107422, 0.031783126831054685, 0.4071249084472656, 0.06468550814361554, 0.013905059276904774, 0.005551643053976034, [[0.9998879432678223, -0.004641218110918999, 0.014234175905585289], [0.005551077891141176, 0.9978982210159302, -0.06456238031387329], [-0.013904611580073833, 0.06463415920734406, 0.9978121519088745]]], [-0.05208183288574219, 0.03587308120727539, 0.4079642028808594, 0.024961652117964514, 0.00024665604375884165, 0.002606085196655431, [[0.9999966025352478, -0.0025991140864789486, 0.00031162373488768935], [0.0026060822419822216, 0.9996851086616516, -0.024958333000540733], [-0.00024665603996254504, 0.024959059432148933, 0.999688446521759]]], [-0.0542232666015625, 0.03889303207397461, 0.410082763671875, 0.047713616917583856, 0.0007219758388739006, 0.0058334154787447745, [[0.9999827146530151, -0.0057923090644180775, 0.0009993680287152529], [0.005833380855619907, 0.998845100402832, -0.0476904958486557], [-0.0007219757535494864, 0.047695502638816833, 0.9988616704940796]]], [-0.057121341705322265, 0.04726873016357422, 0.4097318115234375, 0.02226456386970095, 0.007891379960332623, 0.01473277612258571, [[0.9998603463172913, -0.014552929438650608, 0.008216465823352337], [0.014731784351170063, 0.9996462464332581, -0.022144081071019173], [-0.007891298271715641, 0.022262031212449074, 0.9997210502624512]]], [-0.06233369827270508, 0.052958038330078124, 0.4110754089355469, 0.00935648543816384, 0.01878180339924529, -0.02436184236631429, [[0.9995269179344177, 0.024534033611416817, 0.018546389415860176], [-0.02435513585805893, 0.9996552467346191, -0.00981104001402855], [-0.018780698999762535, 0.009354698471724987, 0.9997798800468445]]], [-0.06308473205566406, 0.056815414428710936, 0.4110484924316406, 0.025754864583523718, 0.03508186528512369, -0.011756779683039476, [[0.999315619468689, 0.012655790895223618, 0.034757860004901886], [-0.011749275028705597, 0.999588668346405, -0.02616245672106743], [-0.03507466986775398, 0.025736171752214432, 0.9990532398223877]]], [-0.06399119186401367, 0.06626292419433594, 0.41054949951171876, 0.013606687829939531, 0.047480278162160605, -0.0020168050768424647, [[0.9988709688186646, 0.002662402344867587, 0.047430507838726044], [-0.002014530822634697, 0.9999040961265564, -0.013701953925192356], [-0.04746244102716446, 0.013590933755040169, 0.9987805485725403]]], [-0.06540813446044921, 0.07401078033447266, 0.4102547302246094, 0.010624823090110064, 0.06789523039083467, -0.00382422578244335, [[0.9976887106895447, 0.004544802475720644, 0.06779812276363373], [-0.003815405536442995, 0.9999334812164307, -0.010883977636694908], [-0.06784307956695557, 0.010600144043564796, 0.9976397156715393]]], [-0.06308323287963867, 0.07693798065185548, 0.41026605224609375, 0.00902970743573274, 0.07908364427564574, 0.0300819957149977, [[0.9964234828948975, -0.029363207519054413, 0.07923386245965958], [0.02998345158994198, 0.9995282888412476, -0.006649439688771963], [-0.07900123298168182, 0.009001363068819046, 0.996833860874176]]], [-0.06119012451171875, 0.08338037109375, 0.4102076721191406, 0.0531388715573622, 0.09667027109494164, 0.024275642688355595, [[0.9950377941131592, -0.019113967195153236, 0.0976443812251091], [0.024159928783774376, 0.9984186887741089, -0.05075867474079132], [-0.09651977568864822, 0.052865881472826004, 0.9939261078834534]]], [-0.060810943603515626, 0.08796770477294921, 0.4108079833984375, 0.015234197084870064, 0.09776338161633169, -0.0043518652975801575, [[0.9952155351638794, 0.005838250275701284, 0.09752918034791946], [-0.004331071395426989, 0.9998680353164673, -0.015658188611268997], [-0.09760772436857224, 0.015160867013037205, 0.995109498500824]]], [-0.05355618286132813, 0.09112166595458984, 0.4105433654785156, 0.06943365150905663, 0.10054257725736515, 0.033528169020579035, [[0.9943906664848328, -0.026481343433260918, 0.10240081697702408], [0.033352598547935486, 0.9972632527351379, -0.06598228961229324], [-0.1003732681274414, 0.06902750581502914, 0.9925524592399597]]], [-0.0496359748840332, 0.09437794494628907, 0.41040396118164063, 0.11395367986625554, 0.0973099222565128, 0.02112902877152393, [[0.9950469732284546, -0.00994550995528698, 0.09890709072351456], [0.02102750539779663, 0.9935259222984314, -0.11164247989654541], [-0.09715642035007477, 0.11316928267478943, 0.988814115524292]]], [-0.045408981323242184, 0.09576069641113281, 0.41141156005859375, 0.09663156969384842, 0.09104951411004558, -0.0078610254468124, [[0.9958270788192749, 0.016596440225839615, 0.08973836153745651], [-0.007828382775187492, 0.9952350854873657, -0.09718968719244003], [-0.09092376381158829, 0.09608161449432373, 0.991212010383606]]], [-0.039914302825927735, 0.09334696197509766, 0.41098968505859373, 0.10105052809471513, 0.08092898825413486, 0.006546912125579445, [[0.9967056512832642, 0.0016414548736065626, 0.08108700066804886], [0.006525437813252211, 0.9949308037757874, -0.10034992545843124], [-0.08084067702293396, 0.10054846853017807, 0.9916424751281738]]], [-0.03196664810180664, 0.09111971282958985, 0.4125013427734375, 0.12028849035904363, 0.07798339308361757, 0.008065652353994646, [[0.9969283938407898, 0.0013408295344561338, 0.07830678671598434], [0.008041052147746086, 0.9928171634674072, -0.11937091499567032], [-0.07790437340736389, 0.11963392049074173, 0.9897568821907043]]], [-0.029217620849609376, 0.08999070739746094, 0.41451675415039063, 0.07372114291708015, 0.07225462737566768, -0.025156691979288198, [[0.9970752000808716, 0.03040127456188202, 0.0701202005147934], [-0.02508840523660183, 0.9968345165252686, -0.07544206082820892], [-0.07219177484512329, 0.07346220314502716, 0.9946816563606262]]], [-0.023869178771972657, 0.08497963714599609, 0.416061279296875, 0.08780379297780946, 0.05639408703506432, -0.008397708244410579, [[0.9983750581741333, 0.013307719491422176, 0.055408693850040436], [-0.008384259417653084, 0.9960711002349854, -0.08815942704677582], [-0.05636420100927353, 0.08755160868167877, 0.9945641160011292]]], [-0.016881755828857422, 0.08120327758789063, 0.42046432495117186, 0.09745301097800481, 0.05868685179545663, 0.010922488317042817, [[0.9982188940048218, -0.005163902882486582, 0.05943411588668823], [0.010903467424213886, 0.9952581524848938, -0.09665544331073761], [-0.05865316838026047, 0.09713131934404373, 0.9935417771339417]]], [-0.01394737434387207, 0.07812245178222656, 0.4235237121582031, 0.04034101949982294, 0.04935660508481998, -0.0031648243051896167, [[0.9987772107124329, 0.005151981953531504, 0.04916854575276375], [-0.0031609649304300547, 0.9991751313209534, -0.040485892444849014], [-0.049336567521095276, 0.040280964225530624, 0.9979696273803711]]], [-0.010758891105651855, 0.07061740112304687, 0.4261833801269531, 0.04297148067604813, 0.032403826563843996, 0.007722710638147504, [[0.9994452595710754, -0.006323778070509434, 0.03269903361797333], [0.0077185798436403275, 0.9990578293800354, -0.04270700737833977], [-0.03239815682172775, 0.04293570667505264, 0.9985523819923401]]], [-0.007262975692749024, 0.06918509674072265, 0.4278388977050781, 0.06575582343228921, 0.03814225938454574, 0.01235487768802718, [[0.9991964101791382, -0.009822393767535686, 0.038859497755765915], [0.012345577590167522, 0.9977936744689941, -0.06523333489894867], [-0.038133010268211365, 0.06566065549850464, 0.9971131086349487]]], [-0.005720329761505127, 0.06396163558959961, 0.4300091857910156, 0.02603056833043429, 0.032175783631902766, -0.01241807187171701, [[0.9994053244590759, 0.013250796124339104, 0.031833648681640625], [-0.012411325238645077, 0.9995737671852112, -0.026424968615174294], [-0.03217023238539696, 0.026014156639575958, 0.9991437792778015]]], [-0.003759261131286621, 0.05785383605957031, 0.43189300537109376, 0.01702129537802094, 0.01875878317763191, 0.011729431826891946, [[0.9997552633285522, -0.01140822097659111, 0.018953312188386917], [0.011727099306881428, 0.9997901320457458, -0.01679932326078415], [-0.018757682293653488, 0.017017478123307228, 0.9996792078018188]]], [-0.0001346321851015091, 0.05394216156005859, 0.4335404052734375, 0.0596222932763658, 0.035471341218449526, 0.004341244135957285, [[0.999361515045166, -0.0022203498519957066, 0.03565923497080803], [0.004338499624282122, 0.9982228875160217, -0.059432730078697205], [-0.03546390309929848, 0.059549491852521896, 0.9975951910018921]]], [0.000275351494550705, 0.052494598388671876, 0.4349866027832031, 0.029048552129730183, 0.0416698442508856, 0.011623574287905654, [[0.9990644454956055, -0.010408562608063221, 0.0419749915599823], [0.011613222770392895, 0.9995246529579163, -0.028558507561683655], [-0.041657786816358566, 0.029019255191087723, 0.9987104535102844]]], [0.0008904225826263428, 0.045837432861328124, 0.4355121459960937, 0.02790652629091118, 0.025467984530905374, 0.016055095072831743, [[0.9995468854904175, -0.015337692573666573, 0.02590000070631504], [0.016049198806285858, 0.9994932413101196, -0.027490638196468353], [-0.025465231388807297, 0.027893856167793274, 0.9992864727973938]]], [0.0034780032634735107, 0.043064002990722654, 0.4376069030761719, 0.05495759479375047, 0.048585677499392466, 0.040585555251540145, [[0.9979974627494812, -0.03784759342670441, 0.050682056695222855], [0.040526535362005234, 0.997776210308075, -0.05291711539030075], [-0.04856656491756439, 0.05486511439085007, 0.9973119497299194]]], [0.005611795902252198, 0.04146890640258789, 0.4396017456054688, 0.027099348007470617, 0.05068787843121636, 0.012390308000873164, [[0.9986389875411987, -0.011012694798409939, 0.050979405641555786], [0.012374077923595905, 0.9995731115341187, -0.026466429233551025], [-0.05066617578268051, 0.027061229571700096, 0.9983489513397217]]], [0.0065817651748657224, 0.03708038330078125, 0.43957516479492187, 0.046187272895501605, 0.05106632914365905, 0.012636287932092406, [[0.998616635799408, -0.010265912860631943, 0.05156904458999634], [0.012619479559361935, 0.9988836050033569, -0.045522864907979965], [-0.05104413628578186, 0.04611066356301308, 0.9976313710212708]]], [0.009888961791992187, 0.03567507171630859, 0.4410816650390625, 0.053059548344376234, 0.060883783821220616, 0.016226966348051892, [[0.9980157613754272, -0.01297688763588667, 0.06161310151219368], [0.01619618944823742, 0.9985135793685913, -0.052041757851839066], [-0.060846175998449326, 0.05293639004230499, 0.9967424273490906]]], [0.014890480041503906, 0.034232784271240234, 0.44241357421875, 0.015953891503076426, 0.07035292089667622, 0.015197357346601593, [[0.9974110722541809, -0.014073538593947887, 0.07052027434110641], [0.015159179456532001, 0.9997743368148804, -0.014883252792060375], [-0.07029490172863007, 0.01591375097632408, 0.9973993301391602]]], [0.01781519317626953, 0.03018509101867676, 0.44244253540039064, 0.04343077731028789, 0.0771455648916608, 0.01440712794925917, [[0.9969223141670227, -0.011047274805605412, 0.07761389762163162], [0.014363780617713928, 0.9990015625953674, -0.042303360998630524], [-0.07706906646490097, 0.04328799247741699, 0.9960855841636658]]], [0.024855234146118163, 0.027047595977783202, 0.4434878540039062, 0.06479945803468881, 0.08385375031786468, 0.018771616984638795, [[0.9963107705116272, -0.013308560475707054, 0.08478047698736191], [0.01870456151664257, 0.9978272318840027, -0.06317387521266937], [-0.08375551551580429, 0.06452659517526627, 0.9943949580192566]]], [0.030040096282958985, 0.02714704895019531, 0.4441483154296875, 0.034906351288519266, 0.08504390057690747, 0.015473573180847976, [[0.9962666630744934, -0.012499491684138775, 0.08541951328516006], [0.015417035669088364, 0.9993170499801636, -0.03358159214258194], [-0.08494142442941666, 0.03477313369512558, 0.9957789778709412]]], [0.03755952072143555, 0.02254110336303711, 0.44357260131835935, 0.03318233526473584, 0.08151300893875257, 0.03120841389400344, [[0.9961943030357361, -0.028486184775829315, 0.08237353712320328], [0.031099742278456688, 0.9990471601486206, -0.03062082640826702], [-0.08142276853322983, 0.03306609019637108, 0.9961310029029846]]], [0.04596149063110352, 0.02157985305786133, 0.4443898010253906, 0.05888657674458188, 0.08207646117521805, 0.03201860840097888, [[0.9961227774620056, -0.027135135605931282, 0.08368434011936188], [0.031905367970466614, 0.9979094862937927, -0.05620235949754715], [-0.08198434114456177, 0.05865442752838135, 0.9949061274528503]]], [0.05491680908203125, 0.02198661994934082, 0.44567758178710937, 0.022675083336107564, 0.0819446138951927, 0.01666419158309186, [[0.9965060353279114, -0.01480353157967329, 0.08219834417104721], [0.016607504338026047, 0.9996350407600403, -0.021306393668055534], [-0.08185293525457382, 0.02259705774486065, 0.9963881969451904]]], [0.05976787948608398, 0.018784997940063476, 0.44578497314453125, 0.03198718430972094, 0.0832636024007185, 0.009926409919720323, [[0.996486485004425, -0.007261462043970823, 0.08343824744224548], [0.009891858324408531, 0.9994656443595886, -0.031155036762356758], [-0.0831674262881279, 0.03187093138694763, 0.996025800704956]]], [0.0687849349975586, 0.017262868881225586, 0.44843130493164063, 0.04819732332437471, 0.06932239564207454, 0.015114109559160333, [[0.9974842071533203, -0.011759177781641483, 0.06990669667720795], [0.015077234245836735, 0.998775064945221, -0.047127511352300644], [-0.06926688551902771, 0.048062946647405624, 0.9964396953582764]]], [0.07479912567138672, 0.01668205261230469, 0.44931735229492187, -0.010759033570716059, 0.04921448390153471, 0.008104536322449257, [[0.9987564086914062, -0.008633237332105637, 0.049102962017059326], [0.008094634860754013, 0.999904990196228, 0.011157144792377949], [-0.04919461905956268, -0.010745799168944359, 0.9987313747406006]]], [0.08368879699707031, 0.012396319389343262, 0.4513887023925781, 0.026040047516221625, 0.045372401297550935, 0.012719797704787322, [[0.9988900423049927, -0.011534277349710464, 0.04566896706819534], [0.012706364504992962, 0.9995951056480408, -0.025458279997110367], [-0.045356836169958115, 0.026010308414697647, 0.9986321926116943]]], [0.08891251373291016, 0.012358627319335937, 0.45401315307617185, 0.041772232972126566, 0.04164106461600836, 0.006691351342542302, [[0.999110758304596, -0.0049470714293420315, 0.041871216148138046], [0.006685500964522362, 0.9991169571876526, -0.04148084297776222], [-0.04162903130054474, 0.041723884642124176, 0.998261570930481]]], [0.09348469543457032, 0.011651487350463867, 0.45558480834960935, 0.013328573943645113, 0.027513683007763357, -0.0015032785008649843, [[0.9996203780174255, 0.001869805040769279, 0.027487700805068016], [-0.0015027089975774288, 0.999909520149231, -0.013369516469538212], [-0.02751021273434162, 0.013323134742677212, 0.9995327591896057]]], [0.09911513519287109, 0.00867855453491211, 0.45780596923828126, 0.0154546495498331, 0.022838698121310008, 0.010765987352460617, [[0.999681293964386, -0.010411594994366169, 0.02299903705716133], [0.010762971825897694, 0.9998264312744141, -0.015207313001155853], [-0.0228367131203413, 0.015450004488229752, 0.9996198415756226]]], [0.1039636459350586, 0.0071201810836792, 0.46056475830078125, 0.04292191742138034, 0.008910696486151615, 0.01728705369747539, [[0.9998108744621277, -0.016887987032532692, 0.009642770513892174], [0.017285507172346115, 0.9989363551139832, -0.04274844005703926], [-0.008910578675568104, 0.04290703684091568, 0.999039351940155]]], [0.10768994903564454, 0.008173099517822266, 0.4626295471191406, 0.004777762773824211, 0.009873693714728349, 0.032442581429243104, [[0.9994250535964966, -0.03238937258720398, 0.010023199953138828], [0.03243530914187431, 0.9994639158248901, -0.004454967565834522], [-0.009873533621430397, 0.004777511581778526, 0.9999398589134216]]], [0.11045296478271484, 0.0050643315315246585, 0.4637806091308594, 0.011183359123208553, 0.009869420575521648, 0.009867374676576607, [[0.999902606010437, -0.009756233543157578, 0.009978508576750755], [0.00986673403531313, 0.9998898506164551, -0.01108520571142435], [-0.009869260713458061, 0.011182581074535847, 0.9998887777328491]]], [0.11277588653564453, 0.004528602600097656, 0.46725250244140626, 0.03199513288900333, 0.009757667870672337, 0.012669800027610529, [[0.9998721480369568, -0.01235086191445589, 0.010157028213143349], [0.012668858282268047, 0.999411940574646, -0.03186354786157608], [-0.0097575131803751, 0.031988151371479034, 0.999440610408783]]], [0.11573603057861329, 0.006139898777008056, 0.46996475219726563, 0.00033205877342205176, 0.0015328432046841645, 0.012021839745887577, [[0.9999265670776367, -0.012021040543913841, 0.0015367235755547881], [0.012021536007523537, 0.9999276995658875, -0.00031360762659460306], [-0.0015328426379710436, 0.00033205837826244533, 0.9999987483024597]]], [0.11716497802734376, 0.003425475597381592, 0.47083004760742186, 0.03209142533447906, 0.007398713184749939, 0.014255990932094986, [[0.999871015548706, -0.014010800048708916, 0.007851486094295979], [0.014255117624998093, 0.9993869066238403, -0.03197723999619484], [-0.007398645393550396, 0.03208503872156143, 0.9994577765464783]]], [0.11839473724365235, 0.005083512783050537, 0.47369036865234376, 0.01869671710650427, 0.015602122262942775, 0.012732546609226712, [[0.9997972249984741, -0.012438321486115456, 0.015835534781217575], [0.012730652466416359, 0.9997478723526001, -0.018495505675673485], [-0.015601488761603832, 0.0186933521181345, 0.9997035264968872]]], [0.11958348083496094, 0.005547318458557129, 0.47591754150390625, -0.019306051694479843, 0.005230011121709399, 0.018493321917890184, [[0.9998153448104858, -0.018589768558740616, 0.004871128126978874], [0.018492015078663826, 0.9996408224105835, 0.019398247823119164], [-0.00522998720407486, -0.019304588437080383, 0.9997999668121338]]], [0.12218858337402344, 0.006104561805725097, 0.4772654113769531, 0.0032371372221770885, 0.016993953475719303, 0.011137182570059379, [[0.9997935891151428, -0.01108188834041357, 0.017028044909238815], [0.01113534439355135, 0.9999333620071411, -0.003047680016607046], [-0.01699313521385193, 0.0032366642262786627, 0.9998503923416138]]], [0.12461817169189453, 0.008652892112731934, 0.47881832885742187, 0.02376348248272372, 0.03231210133506934, 0.021441717957595707, [[0.9992482662200928, -0.02066655643284321, 0.0327993780374527], [0.02142888307571411, 0.9995043277740479, -0.023063326254487038], [-0.032306477427482605, 0.023748842999339104, 0.9991958141326904]]], [0.1266807098388672, 0.011685992240905762, 0.4808207092285156, -0.005700410380260488, 0.031722520061900905, -0.008815396139753136, [[0.9994580745697021, 0.008634345605969429, 0.03176570311188698], [-0.00881084706634283, 0.9999464750289917, 0.005420566536486149], [-0.031717199832201004, -0.005697511602193117, 0.999480664730072]]], [0.12951895141601563, 0.011124064445495605, 0.48102960205078127, -0.007141580034903277, 0.020123412817102615, 0.009341054208673386, [[0.9997538924217224, -0.009484375827014446, 0.020053954795002937], [0.009339027106761932, 0.9999295473098755, 0.007329161278903484], [-0.02012205496430397, -0.007140073459595442, 0.9997720122337341]]], [0.1328086242675781, 0.01437590217590332, 0.4818527526855469, 0.02681603551222194, 0.029412990450556453, 0.01603868101935666, [[0.9994388818740845, -0.01524379663169384, 0.02982441894710064], [0.01603105664253235, 0.9995245337486267, -0.0263378843665123], [-0.02940874919295311, 0.026801224797964096, 0.9992080926895142]]], [0.13515380859375, 0.016246461868286134, 0.48246615600585935, -0.013252870155451985, 0.02766975258080029, -0.002461867722374371, [[0.9996141791343689, 0.002095004078000784, 0.027696333825588226], [-0.0024609228130429983, 0.9999100565910339, 0.013184337876737118], [-0.02766622230410576, -0.013247408904135227, 0.9995294213294983]]], [0.13847019958496093, 0.017906831741333007, 0.48187570190429685, 0.005258870157613355, 0.044648138137280524, -0.00010193382813453384, [[0.9990034103393555, 0.0003366520977579057, 0.04463215172290802], [-0.00010183224367210642, 0.9999861717224121, -0.005263395607471466], [-0.04463330656290054, 0.005253605078905821, 0.9989896416664124]]], [0.1425206756591797, 0.021779273986816405, 0.48213485717773436, 0.01931715687028727, 0.03180851648150007, -0.012907032576644323, [[0.9994109272956848, 0.013518523424863815, 0.03154526650905609], [-0.012900145724415779, 0.9997222423553467, -0.01972474344074726], [-0.031803153455257416, 0.019306184723973274, 0.9993076920509338]]], [0.14691831970214844, 0.02510239028930664, 0.4816676025390625, -0.017833660171587107, 0.02723771176729395, -0.001640580224461648, [[0.9996277093887329, 0.0011546569876372814, 0.027259232476353645], [-0.0016399709274992347, 0.9998404383659363, 0.01778801716864109], [-0.02723434381186962, -0.017826100811362267, 0.9994701147079468]]], [0.14989756774902344, 0.024865406036376953, 0.4807611083984375, 0.022565092034239707, 0.028643525698119898, -5.008871073240717e-05, [[0.9995898008346558, 0.0006962765473872423, 0.028631187975406647], [-5.006814899388701e-05, 0.9997453689575195, -0.022564610466361046], [-0.02863960899412632, 0.02255392260849476, 0.9993353486061096]]], [0.15553013610839844, 0.0282187442779541, 0.4814078063964844, 0.024349950028458044, 0.02754148020953906, -0.01924753080268672, [[0.9994356036186218, 0.019910994917154312, 0.02705613523721695], [-0.019239043816924095, 0.9995054602622986, -0.024872882291674614], [-0.0275379978120327, 0.024338310584425926, 0.9993244409561157]]], [0.1571448211669922, 0.029341646194458008, 0.48172802734375, -0.00015428005971581185, 0.020626472377339944, -0.01595331588934817, [[0.999660074710846, 0.01594945788383484, 0.02062484622001648], [-0.015949245542287827, 0.9998728036880493, -0.0001747629139572382], [-0.020625010132789612, -0.00015424724551849067, 0.9997872710227966]]], [0.16164462280273437, 0.03125306129455566, 0.4833640441894531, -0.010551540758330799, 0.011737585757807478, -0.020858571746283944, [[0.9997135996818542, 0.020732080563902855, 0.011954179964959621], [-0.020855622366070747, 0.9997293949127197, 0.010304257273674011], [-0.01173731591552496, -0.010550618171691895, 0.9998754262924194]]], [0.1653708038330078, 0.03377345275878906, 0.48548202514648436, 0.03569445776789721, 0.019202933574852254, -0.00439234838367266, [[0.9998059868812561, 0.005074780434370041, 0.019032588228583336], [-0.004391524475067854, 0.999350368976593, -0.03577082231640816], [-0.01920175366103649, 0.03568029776215553, 0.9991787672042847]]], [0.16800732421875, 0.03711556243896484, 0.48723193359375, -0.01221307469322135, 0.016779981094276364, -0.004972542788272034, [[0.999846875667572, 0.00476723350584507, 0.01683846302330494], [-0.0049718222580850124, 0.9999140501022339, 0.012129191309213638], [-0.01677919365465641, -0.012211051769554615, 0.9997846484184265]]], [0.17147238159179687, 0.03773212814331055, 0.4896146240234375, -0.02046173903600311, 0.014127347225870057, -0.02613598767422831, [[0.9995587468147278, 0.02583860047161579, 0.014653786085546017], [-0.026130404323339462, 0.9994567632675171, 0.02008422277867794], [-0.014126877300441265, -0.020458269864320755, 0.9996908903121948]]], [0.1737113037109375, 0.041115901947021485, 0.49236203002929685, 0.03192639142028748, 0.01865800818157215, -0.005859272602207628, [[0.9998087882995605, 0.0064517902210354805, 0.018460065126419067], [-0.005858219228684902, 0.9994697570800781, -0.03202968090772629], [-0.018656926229596138, 0.03191541135311127, 0.9993164539337158]]], [0.17554936218261719, 0.04308144760131836, 0.49410955810546875, -0.02536729321715876, 0.010310164798553956, -0.01523402041936613, [[0.9998308420181274, 0.014967052266001701, 0.01069185882806778], [-0.015232621692121029, 0.9995662569999695, 0.025204623118042946], [-0.010309982113540173, -0.025363225489854813, 0.9996251463890076]]], [0.179406005859375, 0.0465486946105957, 0.49626995849609373, -0.01980251432999863, 0.010154912431226348, -0.013091682192462728, [[0.9998627305030823, 0.012887682765722275, 0.010411100462079048], [-0.013090632855892181, 0.9997208714485168, 0.019666610285639763], [-0.01015473809093237, -0.019800199195742607, 0.999752402305603]]], [0.1817130889892578, 0.05236031341552734, 0.4999873046875, 0.005492499832794782, 0.021786065828865997, -0.012155444825709363, [[0.9996888637542725, 0.012274603359401226, 0.021715642884373665], [-0.012152261100709438, 0.9999095797538757, -0.005756854545325041], [-0.02178434282541275, 0.005491168703883886, 0.999747633934021]]], [0.18379074096679687, 0.058286964416503904, 0.5014518432617188, -0.024475214275609725, 0.01437869864692276, -0.01397239057320803, [[0.9997990131378174, 0.013615910895168781, 0.014714425429701805], [-0.013970491476356983, 0.9996078014373779, 0.024269551038742065], [-0.014378203079104424, -0.024470239877700806, 0.9995971322059631]]], [0.18590260314941406, 0.0594847412109375, 0.502788330078125, -0.014073540238561267, 0.00575654790085145, -0.010856819403010181, [[0.9999244809150696, 0.010774523951113224, 0.005908392835408449], [-0.010856426320970058, 0.9998429417610168, 0.014009756036102772], [-0.005756516009569168, -0.01407284289598465, 0.9998844265937805]]], [0.18720004272460938, 0.06607138824462891, 0.5042449645996093, -0.026464278745515477, -0.0003726067786351539, -0.01933135302197394, [[0.9998130798339844, 0.019333237782120705, 0.0001390920369885862], [-0.01933014765381813, 0.9994628429412842, 0.026463445276021957], [0.00037260676617734134, -0.02646118775010109, 0.9996497631072998]]], [0.18794931030273437, 0.0693431396484375, 0.5056962585449218, -0.02515736740480043, 0.002040245230094939, -0.05594332206140902, [[0.998433530330658, 0.05584521219134331, 0.003442911896854639], [-0.055914029479026794, 0.99812251329422, 0.025001319125294685], [-0.0020402437075972557, -0.025154661387205124, 0.9996814727783203]]], [0.18994194030761719, 0.07268826293945313, 0.5060137939453125, 0.02568948511966381, -0.0034181035183655784, -0.02130129543483801, [[0.9997673034667969, 0.021204877644777298, -0.003963311668485403], [-0.021299559623003006, 0.9994451403617859, -0.02560805156826973], [0.0034180968068540096, 0.025686509907245636, 0.9996641874313354]]], [0.19029522705078125, 0.07869708251953125, 0.5064328308105469, -0.004925189539137774, -0.003319845117335962, -0.016968806286502103, [[0.9998505115509033, 0.016984134912490845, -0.003235750598832965], [-0.016967898234725, 0.9998436570167542, 0.0049807908944785595], [0.0033198390156030655, -0.004925142508000135, 0.9999823570251465]]], [0.18992044067382813, 0.08101203918457031, 0.5067884826660156, -0.017401489296254492, -0.015284527008724957, -0.036190864444131665, [[0.9992284774780273, 0.03644326329231262, -0.014642005786299706], [-0.03617873787879944, 0.999184250831604, 0.017942151054739952], [0.015283931978046894, -0.01739857904613018, 0.9997318387031555]]], [0.19027088928222657, 0.08602848052978515, 0.5075445556640625, 0.02757017365684899, -0.011175594346600981, -0.028010659704237544, [[0.9995452761650085, 0.0276884064078331, -0.011938792653381824], [-0.028005247935652733, 0.9992364645004272, -0.02724299766123295], [0.011175361461937428, 0.027564959600567818, 0.9995575547218323]]], [0.18979547119140625, 0.09268782043457031, 0.5075516052246094, -0.0021012447255019523, -0.008151623213884962, -0.025199332299658494, [[0.9996492862701416, 0.025213733315467834, -0.008095982484519482], [-0.025195827707648277, 0.9996798634529114, 0.0023059670347720385], [0.008151533082127571, -0.0021011733915656805, 0.9999645948410034]]], [0.18809971618652344, 0.09672046661376953, 0.508312744140625, -0.03272171930307425, -0.015062056415075409, -0.041949720925398455, [[0.9990069270133972, 0.042407285422086716, -0.013668161816895008], [-0.04193266108632088, 0.9985647201538086, 0.033318400382995605], [0.015061486512422562, -0.032712168991565704, 0.9993513226509094]]], [0.1869330596923828, 0.10381735992431641, 0.510421630859375, -0.005763209201384995, -0.00865026658970769, -0.01