{"amplitude": 0.05090800836338657, "frequency": 0.01673878497251123, "seed": 1762493709, "time_interval": 0.05, "pid_gains": {"pid_rate": {"roll_kp": "50.0", "roll_ki": "0.0", "roll_kd": "0.0", "pitch_kp": "50.0", "pitch_ki": "0.0", "pitch_kd": "0.0", "yaw_kp": "80.0", "yaw_ki": "0.0", "yaw_kd": "0.0"}, "pid_attitude": {"roll_kp": "8.0", "roll_ki": "0.0", "roll_kd": "0.20000000298023224", "pitch_kp": "8.0", "pitch_ki": "0.0", "pitch_kd": "1.0", "yaw_kp": "10.0", "yaw_ki": "0.0", "yaw_kd": "0.3499999940395355"}, "velCtlPid": {"vxKp": "15.0", "vxKi": "1.0", "vxKd": "0.0", "vyKp": "10.0", "vyKi": "1.0", "vyKd": "0.0", "vzKp": "12.5", "vzKi": "0.5", "vzKd": "0.0"}, "posCtlPid": {"xKp": "1.5", "xKi": "0.0", "xKd": "0.0", "yKp": "1.5", "yKi": "0.0", "yKd": "0.0", "zKp": "5.0", "zKi": "0.5", "zKd": "0.0"}}, "mocap_pose": [[0.008684701919555664, 0.01133361530303955, 0.2585386047363281, 0.027158069100835402, 0.042535978256029505, 0.8155598564685169, [[0.6848408579826355, -0.7270494699478149, 0.04890882596373558], [0.7274509072303772, 0.6860488653182983, 0.012336588464677334], [-0.04252315312623978, 0.027130169793963432, 0.9987270832061768]]], [0.008676222801208496, 0.011292648315429688, 0.2585328369140625, 0.027005742428219737, 0.04247429768293487, 0.8165022114257229, [[0.6841568350791931, -0.7277042269706726, 0.04874414578080177], [0.7280978560447693, 0.685360312461853, 0.012442178092896938], [-0.04246152937412262, 0.026978107169270515, 0.9987338185310364]]], [0.008303581237792968, 0.011235710144042968, 0.25852593994140627, 0.023903401908349386, 0.04283049540535644, 0.8089809800683984, [[0.6896031498908997, -0.7226710915565491, 0.04684014990925789], [0.7229205965995789, 0.690779447555542, 0.014475722797214985], [-0.04281740263104439, 0.02387920580804348, 0.9987974762916565]]], [0.00848142147064209, 0.011013290405273438, 0.258599609375, 0.027877384448582954, 0.04013962672052096, 0.9082270681646383, [[0.6146490573883057, -0.7874199748039246, 0.046651534736156464], [0.7877793312072754, 0.6157873868942261, 0.014479469507932663], [-0.04012884944677353, 0.027851322665810585, 0.9988062977790833]]], [0.008622601509094238, 0.011309638977050781, 0.25857427978515624, 0.03031409397192425, 0.04196938878268863, 0.9922687023976235, [[0.5463102459907532, -0.8361886143684387, 0.048308391124010086], [0.8365313410758972, 0.5476052761077881, 0.018540240824222565], [-0.0419570691883564, 0.03028276190161705, 0.9986603856086731]]], [0.008803159713745116, 0.012396628379821778, 0.2630342102050781, 0.030188611614481053, 0.03503778545284986, 1.0677196190769531, [[0.48182740807533264, -0.8751943707466125, 0.04332570731639862], [0.8755656480789185, 0.4828300178050995, 0.01612403430044651], [-0.03503061830997467, 0.030165500938892365, 0.9989308714866638]]], [0.006555600166320801, 0.012168025970458985, 0.2848174438476562, 0.029983910998347185, -0.0049165093798120285, 0.8642318344166878, [[0.6492167115211487, -0.7603505849838257, 0.019611777737736702], [0.7605875730514526, 0.6488206386566162, -0.02320116013288498], [0.004916489589959383, 0.029979055747389793, 0.9995384216308594]]], [0.0038221430778503417, 0.015446887969970704, 0.29783804321289065, -0.0022285598207267276, 0.032530264000452336, 0.6447699463897636, [[0.7988151907920837, -0.6010710000991821, 0.024655379354953766], [0.6006966233253479, 0.799192488193512, 0.021328814327716827], [-0.03252452611923218, -0.0022273792419582605, 0.9994684457778931]]], [0.0008548412322998047, 0.015261571884155273, 0.3195616455078125, 0.01209530735919262, -0.044080908897556004, 0.5773804277690604, [[0.8370814323425293, -0.5462375283241272, -0.030318696051836014], [0.5453006625175476, 0.8375431299209595, -0.03418552502989769], [0.04406663402915001, 0.012083263136446476, 0.998955488204956]]], [-0.0017683314085006714, 0.019747575759887694, 0.33969686889648437, 0.06727241804450515, -0.026858688445432488, 0.46763343784722844, [[0.8923156261444092, -0.4513669013977051, 0.006383892614394426], [0.45061248540878296, 0.8898047208786011, -0.0720829963684082], [0.026855459436774254, 0.06719744205474854, 0.9973782300949097]]], [-0.0020632896423339844, 0.023132823944091798, 0.36393841552734374, 0.017956429229689208, 0.0062186708702478555, 0.36436143296387297, [[0.9343334436416626, -0.356190949678421, 0.01220792904496193], [0.3563458323478699, 0.9342406988143921, -0.014561046846210957], [-0.006218630820512772, 0.01795511692762375, 0.9998194575309753]]], [-0.002695765018463135, 0.024463775634765626, 0.3773385620117187, 0.04472120823392178, -0.015419990077017331, 0.35892983745312024, [[0.936161994934082, -0.3515666723251343, 0.0012817749520763755], [0.3512307107448578, 0.9350950121879578, -0.047268304973840714], [0.015419378876686096, 0.044700987637043, 0.9988813996315002]]], [-0.0045145277976989745, 0.02875501823425293, 0.39221771240234377, 0.04741075699686956, 0.025554456638380962, 0.3266790739603851, [[0.9468039870262146, -0.31939199566841125, 0.03938152641057968], [0.3207947313785553, 0.9464375972747803, -0.03669622913002968], [-0.025551674887537956, 0.04737752303481102, 0.9985501766204834]]], [-0.0019074729681015014, 0.029619422912597657, 0.40066702270507815, 0.04430051667929524, 0.05133890013678166, 0.32707049536894445, [[0.9457398653030396, -0.3188028931617737, 0.06277605146169662], [0.32084691524505615, 0.9467886090278625, -0.02546807937324047], [-0.05131635069847107, 0.04422767832875252, 0.9977026581764221]]], [-0.0009306227564811707, 0.0367991828918457, 0.4060465087890625, 0.06262392507633181, 0.05980428445676811, 0.31094799429594605, [[0.9503419399261475, -0.3018004298210144, 0.07593880593776703], [0.3054143190383911, 0.9513221383094788, -0.041330721229314804], [-0.059768643230199814, 0.062471117824316025, 0.9962555170059204]]], [0.0004975833296775818, 0.04054248428344726, 0.40810260009765625, 0.0365483065474347, 0.05790775526314329, 0.2670105035364707, [[0.9629471898078918, -0.2616330087184906, 0.06542833149433136], [0.26340681314468384, 0.9644778370857239, -0.01998516172170639], [-0.05787539854645729, 0.0364789217710495, 0.9976571202278137]]], [0.00782889175415039, 0.04475679016113281, 0.40814471435546873, 0.05054875612738255, 0.07789105708352295, 0.2862009316006625, [[0.9564146399497986, -0.278177410364151, 0.08881615102291107], [0.28145378828048706, 0.9592078924179077, -0.026532834395766258], [-0.0778123214840889, 0.05037403479218483, 0.9956945776939392]]], [0.013418902397155761, 0.053703357696533206, 0.4061044006347656, 0.05718302763084267, 0.08302608555169289, 0.2657685899644485, [[0.9615671634674072, -0.25764840841293335, 0.09489931166172028], [0.26174619793891907, 0.9645586609840393, -0.03339908644556999], [-0.08293072879314423, 0.0569549985229969, 0.9949264526367188]]], [0.017032602310180663, 0.058713024139404296, 0.40331607055664065, 0.041944674233758625, 0.066197510269969, 0.2390848164199736, [[0.9694271683692932, -0.23391039669513702, 0.07414119690656662], [0.23629489541053772, 0.9713574647903442, -0.025088369846343994], [-0.06614917516708374, 0.041840534657239914, 0.9969321489334106]]], [0.025215005874633788, 0.06270104217529297, 0.4031650085449219, 0.037791816011681106, 0.0654027536366335, 0.24545088094963805, [[0.9679539203643799, -0.24042488634586334, 0.07253299653530121], [0.24247419834136963, 0.9699352979660034, -0.020780596882104874], [-0.06535613536834717, 0.0377020426094532, 0.9971495270729065]]], [0.0319669303894043, 0.07040010070800781, 0.40182650756835936, 0.06614846927552553, 0.05159924695534657, 0.24855389118540167, [[0.9679791331291199, -0.24216009676456451, 0.06614286452531815], [0.24567513167858124, 0.9679880738258362, -0.051408760249614716], [-0.05157635360956192, 0.06601226329803467, 0.9964849352836609]]], [0.03405596923828125, 0.07705126190185548, 0.40123577880859373, 0.014911895375612341, 0.018249182374110662, 0.20452717098337897, [[0.9789940714836121, -0.2028151899576187, 0.02089439518749714], [0.20307038724422455, 0.9791035056114197, -0.010894679464399815], [-0.018248168751597404, 0.014908859506249428, 0.9997223019599915]]], [0.04392082977294922, 0.08403839874267578, 0.4010961608886719, 0.012090091571299671, 0.006059964339864221, 0.2635499841570845, [[0.9654535055160522, -0.2604198157787323, 0.00899976585060358], [0.260504812002182, 0.9654197692871094, -0.01009379792958498], [-0.006059927400201559, 0.012089574709534645, 0.9999085664749146]]], [0.04392082977294922, 0.08403839874267578, 0.4010961608886719, 0.012090091571299671, 0.006059964339864221, 0.2635499841570845, [[0.9654535055160522, -0.2604198157787323, 0.00899976585060358], [0.260504812002182, 0.9654197692871094, -0.01009379792958498], [-0.006059927400201559, 0.012089574709534645, 0.9999085664749146]]], [0.05004446029663086, 0.09303038787841797, 0.40389208984375, 0.025911626330789472, 0.010599928624388522, 0.19103272203442007, [[0.9817535281181335, -0.1895395666360855, 0.015322779305279255], [0.18986226618289948, 0.9815312623977661, -0.02342548593878746], [-0.010599730536341667, 0.025907272472977638, 0.9996081590652466]]], [0.05473632431030274, 0.09386199951171875, 0.4066756286621094, 0.06238879705067957, -0.024867161616250133, 0.24095772256804904, [[0.9708096385002136, -0.23967400193214417, -0.00922092329710722], [0.23855900764465332, 0.9688506126403809, -0.06646904349327087], [0.024864599108695984, 0.06232905760407448, 0.9977458715438843]]], [0.05851035690307617, 0.09562305450439453, 0.4091378173828125, 0.10920650960729038, -0.026112772811744067, 0.24593326900000773, [[0.9695798754692078, -0.24477136135101318, 0.0013614608906209469], [0.2433786243200302, 0.9634398818016052, -0.11202900111675262], [0.026109805330634117, 0.10895241796970367, 0.9937040209770203]]], [0.057863937377929685, 0.09335882568359374, 0.41053219604492186, 0.09525086542902475, -0.03566866000054758, 0.19808812162686593, [[0.9798210263252258, -0.199228435754776, -0.016088660806417465], [0.1966700255870819, 0.9753328561782837, -0.10023316740989685], [0.03566109761595726, 0.09504640847444534, 0.9948338866233826]]], [0.05847235870361328, 0.08813970184326173, 0.41121807861328125, 0.1426116659659449, -0.05072957249185861, 0.23612442571772754, [[0.971001148223877, -0.2385685294866562, -0.015551196411252022], [0.23363541066646576, 0.9606958031654358, -0.14992693066596985], [0.05070781707763672, 0.14194589853286743, 0.988574743270874]]], [0.058855613708496096, 0.08255978393554687, 0.4122060852050781, 0.16882564132572453, -0.057545118620977, 0.23924127894388147, [[0.9699099063873291, -0.24298502504825592, -0.015264784917235374], [0.23657333850860596, 0.9554157853126526, -0.17667405307292938], [0.057513363659381866, 0.1677466779947281, 0.9841510653495789]]], [0.057579681396484374, 0.07544161224365234, 0.4120400695800781, 0.13162669524826637, -0.0612691529368099, 0.24955966829799636, [[0.9672030210494995, -0.25262826681137085, -0.026405703276395798], [0.24651387333869934, 0.9586541652679443, -0.1421728879213333], [0.06123082712292671, 0.13100066781044006, 0.9894895553588867]]], [0.05584853744506836, 0.06789596557617188, 0.4115628356933594, 0.1433337260587994, -0.038412271256131, 0.22347244786409515, [[0.9744144678115845, -0.22469362616539001, -0.0054073333740234375], [0.22145357728004456, 0.9639183878898621, -0.14771491289138794], [0.038402825593948364, 0.14273807406425476, 0.9890152215957642]]], [0.053607261657714844, 0.06174704742431641, 0.4110638427734375, 0.10748756138185418, -0.02862889752932074, 0.23425569149085196, [[0.9722887873649597, -0.23376649618148804, -0.002780577167868614], [0.2320239543914795, 0.9663609862327576, -0.11095664650201797], [0.028624987229704857, 0.10723674297332764, 0.993821382522583]]], [0.05075753402709961, 0.05436907958984375, 0.41200674438476564, 0.061568740616182366, -0.017153151831255764, 0.23752397013565998, [[0.9717805981636047, -0.23587675392627716, -0.0021613682620227337], [0.23526223003864288, 0.9698336720466614, -0.06383054703474045], [0.01715231128036976, 0.06152079999446869, 0.9979584217071533]]], [0.04932233810424805, 0.04763694381713867, 0.41145260620117186, 0.056052291637089455, -0.012462067081648653, 0.22870935148811672, [[0.9738841652870178, -0.22704456746578217, 0.0005833829054608941], [0.22670306265354156, 0.9722719192504883, -0.05738499388098717], [0.012461744248867035, 0.05601859465241432, 0.9983519315719604]]], [0.0482800178527832, 0.03731759262084961, 0.41218206787109374, 0.08135455780956155, 0.0039690083557919476, 0.2500879314937029, [[0.9688830375671387, -0.24635809659957886, 0.023944973945617676], [0.24748720228672028, 0.9657659530639648, -0.07775771617889404], [-0.003968998324126005, 0.0812642052769661, 0.9966846704483032]]], [0.0465706787109375, 0.0322241096496582, 0.4115602111816406, 0.04145168420182738, -0.003950470160318353, 0.2543776902293499, [[0.9678125381469727, -0.251585453748703, 0.006607996299862862], [0.2516412138938904, 0.9669475555419922, -0.041099537163972855], [0.003950459882616997, 0.041439492255449295, 0.9991332292556763]]], [0.04492055892944336, 0.02677450942993164, 0.4102492370605469, 0.05592916906679468, 0.02005039432612854, 0.23889441920340238, [[0.9714049100875854, -0.2351696789264679, 0.03267674520611763], [0.23658102750778198, 0.9703461527824402, -0.04957570508122444], [-0.020049050450325012, 0.05588877946138382, 0.9982357025146484]]], [0.0434147834777832, 0.023896192550659178, 0.41051980590820314, 0.04041365443409853, 0.007350268143872185, 0.23508131462867313, [[0.97246915102005, -0.23244307935237885, 0.016552871093153954], [0.23291577398777008, 0.9717705249786377, -0.03758076950907707], [-0.007350201718509197, 0.04040156304836273, 0.9991564750671387]]], [0.04138531875610352, 0.017408510208129883, 0.41020318603515626, 0.05706446700729799, 0.003329523886179242, 0.23775220636655248, [[0.9718644618988037, -0.23495075106620789, 0.016663044691085815], [0.23551735281944275, 0.9703326225280762, -0.05464625358581543], [-0.003329517785459757, 0.05703318491578102, 0.9983667135238647]]], [0.04050860595703125, 0.012568779945373535, 0.4104416198730469, 0.029206766870218864, -0.008660633537733275, 0.1969136979157051, [[0.9806382656097412, -0.19580818712711334, -0.0027762341778725386], [0.19563627243041992, 0.9802073240280151, -0.0303319301456213], [0.00866052508354187, 0.02920151874423027, 0.9995360374450684]]], [0.03909284210205078, 0.008997875213623047, 0.41241409301757814, 0.0591852500661994, 0.0003642994388746157, 0.22353060007296954, [[0.9751208424568176, -0.22126461565494537, 0.013466772623360157], [0.22167374193668365, 0.9734182953834534, -0.05759847164154053], [-0.000364299543434754, 0.05915069952607155, 0.9982489943504333]]], [0.03733798980712891, 0.00874631404876709, 0.41534173583984374, 0.03587257692599005, -0.006735647490500929, 0.23267856052805597, [[0.973030149936676, -0.23067143559455872, 0.001720023457892239], [0.23057949542999268, 0.9723705053329468, -0.03645053133368492], [0.006735596340149641, 0.03586407005786896, 0.9993339776992798]]], [0.03359703063964844, 0.005318086147308349, 0.4214299621582031, 0.02142688061481085, -0.012597386285743806, 0.23095568773669856, [[0.9733708500862122, -0.22911812365055084, -0.007355354260653257], [0.22888977825641632, 0.973162829875946, -0.02373926341533661], [0.012597053311765194, 0.021423541009426117, 0.9996911287307739]]], [0.03164784812927246, 0.0010942569971084594, 0.4229660339355469, 0.06570176618891857, -0.016231020582032185, 0.22988960693463031, [[0.9735633134841919, -0.22841595113277435, -0.0008085225126706064], [0.22784002125263214, 0.9713479280471802, -0.06761766225099564], [0.016230307519435883, 0.06564585864543915, 0.9977110028266907]]], [0.028156082153320314, -0.0007018862962722779, 0.4286292724609375, 0.0600065934971159, -0.02535029215502127, 0.22918323610769986, [[0.9735393524169922, -0.22825366258621216, -0.011016116477549076], [0.22710919380187988, 0.9717541337013245, -0.06415064632892609], [0.025347577407956123, 0.05995132029056549, 0.9978794455528259]]], [0.025534479141235352, -0.005244624614715576, 0.43080902099609375, 0.050337891555483016, -0.04760705632186335, 0.21188896732652424, [[0.976527750492096, -0.21238157153129578, -0.03588389232754707], [0.2100687175989151, 0.9758934378623962, -0.05918696150183678], [0.047589074820280075, 0.050259627401828766, 0.9976017475128174]]], [0.018228601455688477, -0.00847105598449707, 0.43652423095703125, 0.05124735232704103, -0.025329584145123762, 0.20697961066707804, [[0.9783421754837036, -0.20650479197502136, -0.014226785860955715], [0.2054390013217926, 0.9771046042442322, -0.055329546332359314], [0.02532687596976757, 0.0512084923684597, 0.9983667731285095]]], [0.012347603797912598, -0.011550284385681153, 0.44142898559570315, 0.04797488005110845, -0.03953173737930693, 0.22044239308662217, [[0.9750384092330933, -0.2202591896057129, -0.028034456074237823], [0.21849049627780914, 0.9742636680603027, -0.05542783811688423], [0.039521440863609314, 0.04791901260614395, 0.9980690479278564]]], [0.005177490234375, -0.011335894584655762, 0.4445069885253906, 0.040729973519292, -0.05005707590584341, 0.22935616404181067, [[0.9725931882858276, -0.2291460931301117, -0.03942804038524628], [0.2270658165216446, 0.9725421071052551, -0.05101872980594635], [0.050036173313856125, 0.040667708963155746, 0.9979190826416016]]], [-0.0013971914052963257, -0.01142100715637207, 0.4459788818359375, -0.004605630016009651, -0.054933695301753405, 0.2109829556775104, [[0.9763504862785339, -0.20917166769504547, -0.05465250089764595], [0.2091052532196045, 0.9778681397438049, -0.006994883995503187], [0.05490607023239136, -0.0045986659824848175, 0.9984809160232544]]], [-0.007969247817993163, -0.012322101593017578, 0.44915155029296877, 0.027695976237583936, -0.04785612581526322, 0.2247465259656318, [[0.9737345576286316, -0.22406522929668427, -0.040445368736982346], [0.22260412573814392, 0.9741815328598022, -0.037653010338544846], [0.04783786088228226, 0.027660731226205826, 0.9984720349311829]]], [-0.01946422576904297, -0.011840875625610352, 0.45170840454101563, 0.034762699849950146, -0.03914241323962653, 0.20251048842345704, [[0.978814423084259, -0.20233991742134094, -0.03131919354200363], [0.20097509026527405, 0.9786993861198425, -0.04191137105226517], [0.03913241997361183, 0.03472907841205597, 0.9986303448677063]]], [-0.028048585891723633, -0.012140693664550782, 0.45225543212890623, 0.0498681429446064, -0.02482546348352388, 0.184186962557786, [[0.9827825427055359, -0.1841360628604889, -0.01524327788501978], [0.18309086561203003, 0.9816367030143738, -0.05354492738842964], [0.024822913110256195, 0.049832116812467575, 0.9984490871429443]]], [-0.03422553634643555, -0.012892885208129883, 0.45447320556640625, 0.05602810038429096, -0.016499607073290123, 0.18917447686264996, [[0.9820261001586914, -0.18866051733493805, -0.0056486185640096664], [0.18802256882190704, 0.9804449081420898, -0.0580974742770195], [0.016498858109116554, 0.055991169065237045, 0.9982949495315552]]], [-0.041495521545410155, -0.008112371444702149, 0.4545674133300781, 0.06400490022368381, -0.0019073352305511992, 0.20367124283913685, [[0.9793288111686707, -0.20197135210037231, 0.011073094792664051], [0.2022656798362732, 0.9773006439208984, -0.06302417069673538], [0.0019073340808972716, 0.06396108865737915, 0.997950553894043]]], [-0.04855231475830078, -0.00853413486480713, 0.45581961059570314, 0.06635084287156398, 0.018806394551263317, 0.19403981283270408, [[0.981059730052948, -0.19117672741413116, 0.03119644895195961], [0.19279035925865173, 0.9793145656585693, -0.06143975257873535], [-0.018805285915732384, 0.06629044562578201, 0.9976231455802917]]], [-0.054267349243164065, -0.006131386280059815, 0.4564666748046875, 0.0491351885952858, 0.04193778863366404, 0.20324901886577346, [[0.9785547852516174, -0.19959211349487305, 0.05092701315879822], [0.20167505741119385, 0.9786495566368103, -0.03965187072753906], [-0.041925497353076935, 0.04907223582267761, 0.9979149103164673]]], [-0.05760844421386719, -0.005087309360504151, 0.4567980041503906, 0.07017195440067733, 0.04906635082098543, 0.19070836049310927, [[0.9806885123252869, -0.18571142852306366, 0.061329435557127], [0.18932633101940155, 0.9801056385040283, -0.059569086879491806], [-0.04904666543006897, 0.07002999633550644, 0.996338427066803]]], [-0.05956214141845703, 0.00028041931986808776, 0.4570443420410156, 0.05232052205764043, 0.08058854499615564, 0.19324498743527505, [[0.978201150894165, -0.18765009939670563, 0.08893808722496033], [0.19142121076583862, 0.9808517694473267, -0.03588453307747841], [-0.08050134032964706, 0.0521269254386425, 0.9953905344009399]]], [-0.05907345581054688, 0.0008359362483024598, 0.4575855407714844, 0.03800817149944448, 0.08494145819989951, 0.20308584374148858, [[0.9759175777435303, -0.19838948547840118, 0.09069991856813431], [0.2009655386209488, 0.9793916940689087, -0.02011897601187229], [-0.0848393514752388, 0.03786202147603035, 0.9956750273704529]]], [-0.05718471527099609, 0.004861708641052246, 0.458610107421875, 0.06876161035875954, 0.09812025696157356, 0.19161742545646598, [[0.9769755601882935, -0.1833893209695816, 0.10902778059244156], [0.18953092396259308, 0.9806594252586365, -0.048837270587682724], [-0.097962886095047, 0.06837695837020874, 0.9928382635116577]]], [-0.05591203689575195, 0.00815951919555664, 0.45995364379882814, 0.052644277342688374, 0.10145582869960212, 0.16169771592327623, [[0.981880247592926, -0.1555110365152359, 0.10829369723796844], [0.16016614437103271, 0.9864460825920105, -0.03565037250518799], [-0.10128186643123627, 0.052349381148815155, 0.9934794902801514]]], [-0.05151918029785156, 0.003710156440734863, 0.46054232788085936, 0.09795316411076718, 0.09230886737457045, 0.1777163187674776, [[0.9800595641136169, -0.1670622080564499, 0.10757983475923538], [0.17602968215942383, 0.98112553358078, -0.08003900200128555], [-0.09217783063650131, 0.09738023579120636, 0.9909694194793701]]], [-0.04462662124633789, 0.0033832383155822754, 0.46080224609375, 0.13078356686654702, 0.08834525702936524, 0.18734634553838758, [[0.9786702990531921, -0.17335686087608337, 0.11023558676242828], [0.18552596867084503, 0.9762544631958008, -0.11183634400367737], [-0.08823037892580032, 0.12990246713161469, 0.987593412399292]]], [-0.04121691131591797, 0.0018514077663421631, 0.4615165100097656, 0.12434062904495591, 0.07662043368252647, 0.17037743964991764, [[0.9826294183731079, -0.1588895618915558, 0.09588298201560974], [0.16905687749385834, 0.9795218706130981, -0.10934634506702423], [-0.07654548436403275, 0.12365661561489105, 0.9893683791160583]]], [-0.03450210571289063, -0.006036473274230957, 0.46171969604492186, 0.12256629706344385, 0.059489269607091, 0.17352229566513505, [[0.9832403659820557, -0.1641979068517685, 0.07923050224781036], [0.17234739661216736, 0.9788485169410706, -0.11023572087287903], [-0.059454187750816345, 0.12204337865114212, 0.9907424449920654]]], [-0.028650516510009764, -0.007355209350585938, 0.46281439208984376, 0.1330423316147204, 0.05353290183373449, 0.20239488548153556, [[0.978184700012207, -0.1922866404056549, 0.07861674576997757], [0.2007279396057129, 0.9723580479621887, -0.11928176134824753], [-0.05350733920931816, 0.13246017694473267, 0.9897430539131165]]], [-0.02368113708496094, -0.012722228050231934, 0.46489178466796877, 0.11766339216395899, 0.0562147589909221, 0.16757261327771839, [[0.9844350218772888, -0.1591329127550125, 0.07459486275911331], [0.16652598977088928, 0.9802750945091248, -0.10644141584634781], [-0.05618515610694885, 0.1172066405415535, 0.9915169477462769]]], [-0.019354583740234375, -0.021430824279785158, 0.4667440185546875, 0.0960861878877975, 0.035743551056017786, 0.16934928287498113, [[0.9850650429725647, -0.1643841415643692, 0.05123179405927658], [0.1684333235025406, 0.9817257523536682, -0.08857078105211258], [-0.03573594242334366, 0.09587712585926056, 0.994751513004303]]], [-0.012975013732910157, -0.027655139923095703, 0.4698875732421875, 0.10930587984755913, 0.025320254001669262, 0.1795163479603002, [[0.9836148023605347, -0.17477065324783325, 0.04424016550183296], [0.17849647998809814, 0.9785512685775757, -0.10284175723791122], [-0.025317547842860222, 0.10905338078737259, 0.9937134385108948]]], [-0.010310352325439453, -0.03485926818847656, 0.47339688110351563, 0.08928040803926439, 0.016002718714433817, 0.1611867465460553, [[0.9869111180305481, -0.1584421992301941, 0.03004125878214836], [0.16046912968158722, 0.9833352565765381, -0.08544815331697464], [-0.01600203476846218, 0.08915042877197266, 0.9958896040916443]]], [-0.008061191558837891, -0.044919010162353515, 0.47486181640625, 0.0768893915738855, -0.00228244931254995, 0.16670892787576547, [[0.9861336350440979, -0.16562043130397797, 0.010502135381102562], [0.1659373790025711, 0.983193576335907, -0.0761263519525528], [0.002282447414472699, 0.07681345194578171, 0.9970428943634033]]], [-0.00447288179397583, -0.049840904235839846, 0.47658633422851565, 0.09288596780516595, 0.01255410120960776, 0.16427532913946347, [[0.9864593744277954, -0.16168376803398132, 0.02749987505376339], [0.1635245680809021, 0.9824748039245605, -0.08945958316326141], [-0.012553771026432514, 0.09274514764547348, 0.9956107139587402]]], [-0.0042933025360107424, -0.053660888671875, 0.47753195190429687, 0.04943885725809712, -0.0026175451324175203, 0.17110259266556935, [[0.9853942394256592, -0.17018836736679077, 0.005838304758071899], [0.17026835680007935, 0.9841715693473816, -0.04914223030209541], [0.0026175419334322214, 0.04941854998469353, 0.9987747073173523]]], [-0.0032319107055664062, -0.06481787872314453, 0.4783359375, 0.08346529204802222, -0.0031457504105880663, 0.16174097846312546, [[0.9869435429573059, -0.16073493659496307, 0.010331494733691216], [0.1610359102487564, 0.9834704399108887, -0.08278514444828033], [0.003145745024085045, 0.08336800336837769, 0.996513843536377]]], [-0.002022700309753418, -0.067533203125, 0.47932135009765625, 0.0639199741763091, 0.002499533569742196, 0.1519187746251203, [[0.9884794354438782, -0.15086820721626282, 0.01213244628161192], [0.15133461356163025, 0.9864880442619324, -0.0627632662653923], [-0.0024995305575430393, 0.06387625634670258, 0.9979546666145325]]], [-0.0016910457611083985, -0.06930503845214844, 0.48115475463867186, 0.029521833214539425, 0.007368658559698593, 0.15144351935132555, [[0.9885274767875671, -0.15058453381061554, 0.011734251864254475], [0.15086118876934052, 0.9881563782691956, -0.02806851640343666], [-0.007368592079728842, 0.02951674349606037, 0.9995371103286743]]], [-0.0013079421520233155, -0.07839743804931641, 0.4816024169921875, 0.0428592081312429, 0.015977105070532627, 0.1459642624350641, [[0.9892398715019226, -0.14463569223880768, 0.02202383242547512], [0.14542794227600098, 0.9885571002960205, -0.040068887174129486], [-0.015976425260305405, 0.0428406186401844, 0.998954176902771]]], [-0.0010954203605651855, -0.08031914520263672, 0.48235211181640625, 0.04934290503242289, 0.016549895498034983, 0.15024694527122334, [[0.9885987639427185, -0.14869306981563568, 0.023725546896457672], [0.14966179430484772, 0.9876528978347778, -0.046293120831251144], [-0.016549140214920044, 0.049316130578517914, 0.998646080493927]]], [-0.00015477585792541504, -0.08050965118408203, 0.4851527709960938, 0.03129640596741724, 0.019244717201351236, 0.14946689223064624, [[0.9886674880981445, -0.14824262261390686, 0.023679275065660477], [0.1488834172487259, 0.9884560108184814, -0.028078248724341393], [-0.019243529066443443, 0.03128550201654434, 0.9993252158164978]]], [0.0006832044124603272, -0.08508966064453125, 0.4875297546386719, 0.01901794746309711, 0.021967307209126208, 0.16473520391886465, [[0.9862238168716431, -0.16354940831661224, 0.024782834574580193], [0.1639515608549118, 0.9863519072532654, -0.015157845802605152], [-0.021965540945529938, 0.0190122127532959, 0.9995779395103455]]], [0.002078319787979126, -0.08794544982910156, 0.4883133850097656, 0.05088025550760671, 0.025460349476104982, 0.1519418966634632, [[0.988158643245697, -0.1498822569847107, 0.03282954543828964], [0.15130887925624847, 0.9873957633972168, -0.04642414301633835], [-0.02545759826898575, 0.05084182322025299, 0.9983822107315063]]], [0.004768293857574463, -0.08854783630371094, 0.493421142578125, 0.04497033197805851, 0.04342249394280984, 0.14791983789740148, [[0.988147497177124, -0.14530186355113983, 0.0495169498026371], [0.14724208414554596, 0.9883674383163452, -0.038073085248470306], [-0.043408848345279694, 0.04491280019283295, 0.9980473518371582]]], [0.008708802223205567, -0.08893961334228516, 0.49756243896484376, 0.028079750394167345, 0.07931417044091393, 0.14827076633599914, [[0.9859187602996826, -0.1454697698354721, 0.08247844874858856], [0.14726367592811584, 0.9889667630195618, -0.016067974269390106], [-0.07923103868961334, 0.027987796813249588, 0.9964632987976074]]], [0.012928448677062988, -0.0879981689453125, 0.5011947021484375, 0.007560591083700524, 0.0677640824932475, 0.1313885095791994, [[0.9891056418418884, -0.13049954175949097, 0.06811720877885818], [0.13071012496948242, 0.9914196729660034, 0.0013754261890426278], [-0.06771223247051239, 0.007543166633695364, 0.9976763725280762]]], [0.018387542724609376, -0.08767778778076171, 0.504622802734375, 0.01412542748537006, 0.07206491191251918, 0.15062589556188594, [[0.9861111640930176, -0.1490364819765091, 0.07329973578453064], [0.14966748654842377, 0.988731324672699, -0.0031616189517080784], [-0.07200255244970322, 0.01408829540014267, 0.9973049163818359]]], [0.023994354248046874, -0.08624688720703125, 0.5066044921875, 0.04795565239485261, 0.08131230984059457, 0.15532425013264683, [[0.984697163105011, -0.15067587792873383, 0.08756859600543976], [0.1541893184185028, 0.9874279499053955, -0.034809429198503494], [-0.08122273534536362, 0.047778885811567307, 0.9955500960350037]]], [0.029573755264282228, -0.08367721557617187, 0.50739697265625, 0.06646338250022912, 0.05693287996413443, 0.1609357982168544, [[0.9854784607887268, -0.15615789592266083, 0.06668519973754883], [0.1599823534488678, 0.9855039715766907, -0.056458260864019394], [-0.05690212920308113, 0.06630685180425644, 0.9961754679679871]]], [0.03631488037109375, -0.08396161651611328, 0.5085648498535156, 0.07071268155468874, 0.058262848039664084, 0.175452295640342, [[0.9829769134521484, -0.17006628215312958, 0.06952550262212753], [0.1742573231458664, 0.9829050898551941, -0.059430237859487534], [-0.05822988972067833, 0.0705338791012764, 0.9958083629608154]]], [0.0418336181640625, -0.08135881042480468, 0.5089886169433594, 0.09843293729716726, 0.058230624350259275, 0.17143184753084403, [[0.9836714267730713, -0.16413211822509766, 0.0738319531083107], [0.17030423879623413, 0.9815475344657898, -0.08695342391729355], [-0.05819772183895111, 0.09810749441385269, 0.993472695350647]]], [0.046518756866455076, -0.08398605346679687, 0.5097123413085938, 0.09188345154098733, 0.047435693491572506, 0.1590785195121352, [[0.9862630367279053, -0.1534443497657776, 0.06115633621811867], [0.1582302451133728, 0.9838978052139282, -0.08311598747968674], [-0.04741790518164635, 0.09165100753307343, 0.9946615695953369]]], [0.056216968536376956, -0.08545014190673828, 0.5104477233886718, 0.1019609318640958, 0.048444657692355175, 0.16536624574971018, [[0.9852009415626526, -0.15889692306518555, 0.06427211314439774], [0.1644204705953598, 0.9820468425750732, -0.09246569871902466], [-0.04842571169137955, 0.1016649454832077, 0.993639349937439]]], [0.06434033203125, -0.08756996917724609, 0.5113481750488281, 0.10825224360391826, 0.04757234582355552, 0.1729362338430574, [[0.9839692711830139, -0.16600708663463593, 0.0651620626449585], [0.171880841255188, 0.9802016019821167, -0.09829432517290115], [-0.04755440354347229, 0.10791870951652527, 0.9930217266082764]]], [0.06799341583251953, -0.08679758453369141, 0.51088916015625, 0.0918910873924732, 0.03346341866002023, 0.15578724257685017, [[0.9873366355895996, -0.1514703333377838, 0.04715011641383171], [0.15507099032402039, 0.9841980934143066, -0.08548131585121155], [-0.03345717489719391, 0.09171044826507568, 0.9952235221862793]]], [0.07607084655761719, -0.08967340850830079, 0.5110485229492188, 0.0871957791717965, 0.042821279162380765, 0.1927616902569395, [[0.9805791974067688, -0.1871834397315979, 0.05853866785764694], [0.19139455258846283, 0.9784643054008484, -0.07730279862880707], [-0.04280819371342659, 0.08700549602508545, 0.9952876567840576]]], [0.08261442565917969, -0.09116865539550781, 0.5119064025878907, 0.10093994704096798, 0.03612902995256628, 0.18194913309308247, [[0.9828510880470276, -0.17644603550434113, 0.05357785522937775], [0.18082879483699799, 0.9791454076766968, -0.09260247647762299], [-0.036121170967817307, 0.10070286691188812, 0.9942606091499329]]], [0.08624062347412109, -0.09431334686279297, 0.5120012817382813, 0.08719330091754227, 0.025898113420415037, 0.12860539970388168, [[0.9914091229438782, -0.12552756071090698, 0.03675228729844093], [0.12820817530155182, 0.9882633686065674, -0.08305522799491882], [-0.025895217433571815, 0.08705365657806396, 0.9958670139312744]]], [0.0919664535522461, -0.09974321746826172, 0.5129716796875, 0.07044560417254603, 0.002520334274491054, 0.20685853192046266, [[0.9786778688430786, -0.20470339059829712, 0.016917089000344276], [0.20538577437400818, 0.9762899875640869, -0.06837040185928345], [-0.0025203321129083633, 0.07038713246583939, 0.9975165724754333]]], [0.09541425323486329, -0.10379001617431641, 0.5134931030273437, 0.11990363444567238, -0.0027563185663135314, 0.21052710399900565, [[0.9779171943664551, -0.20779740810394287, 0.022320806980133057], [0.20897459983825684, 0.9708306789398193, -0.11754737794399261], [0.002756314817816019, 0.1196160763502121, 0.9928163886070251]]], [0.09625563049316406, -0.11384023284912109, 0.5153060913085937, 0.11158779171192187, -0.00813982870191543, 0.16410919804998006, [[0.9865316152572632, -0.16325169801712036, 0.010212253779172897], [0.16336815059185028, 0.9802802801132202, -0.11118175089359283], [0.00813973881304264, 0.11135266721248627, 0.9937475919723511]]], [0.099325439453125, -0.1240350341796875, 0.5165335693359375, 0.10721316030815811, -0.03318784077067671, 0.21461918976219466, [[0.9765195250511169, -0.21522174775600433, -0.00944428239017725], [0.21285809576511383, 0.9706912636756897, -0.11157917976379395], [0.033181749284267426, 0.10694895684719086, 0.9937106966972351]]], [0.09995974731445313, -0.13408430480957031, 0.5186837768554687, 0.13131754454155525, -0.01960833913891702, 0.15100463121377683, [[0.988430380821228, -0.15167437493801117, 0.0004804850905202329], [0.1504024863243103, 0.9797224402427673, -0.13237453997135162], [0.01960708200931549, 0.13091528415679932, 0.9911996722221375]]], [0.09835255432128906, -0.14117095947265626, 0.521822509765625, 0.11177183494727515, -0.017316852849668996, 0.16038419898051742, [[0.9870179891586304, -0.16060760617256165, 0.0008254490094259381], [0.1596735417842865, 0.9806976914405823, -0.11285582184791565], [0.01731598749756813, 0.11152253299951553, 0.9936110377311707]]], [0.09793203735351562, -0.15556394958496095, 0.525927490234375, 0.07258738105305748, -0.04044436530043871, 0.19470222072565843, [[0.9803029894828796, -0.19584187865257263, -0.025533434003591537], [0.19331617653369904, 0.9779544472694397, -0.07895556092262268], [0.04043333977460861, 0.07246434688568115, 0.9965510964393616]]], [0.098165283203125, -0.16532748413085938, 0.5298157348632813, 0.09554420919326545, -0.02209444717414577, 0.16636578227421506, [[0.9859523773193359, -0.1669226437807083, -0.005890244618058205], [0.16555899381637573, 0.9813461899757385, -0.097723588347435], [0.022092649713158607, 0.09537562727928162, 0.9951961636543274]]], [0.0950004653930664, -0.1733719177246094, 0.5345997314453125, 0.05242968431343939, -0.027750580502894584, 0.16123462085867354, [[0.9866498112678528, -0.16175158321857452, -0.018936457112431526], [0.16047511994838715, 0.9854400753974915, -0.05617425590753555], [0.02774701826274395, 0.052385490387678146, 0.9982413649559021]]], [0.09378204345703126, -0.18873997497558595, 0.5392149047851562, 0.037001875543674914, -0.020019394374156896, 0.17786090760684498, [[0.9840272068977356, -0.1775323897600174, -0.013143724761903286], [0.17688918113708496, 0.9834197163581848, -0.03994910418987274], [0.02001805789768696, 0.03698601946234703, 0.9991152882575989]]], [0.09367606353759765, -0.1989453125, 0.5430785522460938, 0.06614468518122205, 0.0015207487086954519, 0.15751350653211954, [[0.9876192212104797, -0.15642069280147552, 0.011866725981235504], [0.1568627953529358, 0.9854764342308044, -0.06504018604755402], [-0.0015207480173557997, 0.06609638780355453, 0.9978120923042297]]], [0.09215858459472656, -0.20494845581054688, 0.54612939453125, 0.026219138207671883, 0.006257738202665619, 0.16684115261061983, [[0.9860949516296387, -0.16584934294223785, 0.010522349737584591], [0.16606494784355164, 0.9858025908470154, -0.024813257157802582], [-0.006257697474211454, 0.02621562033891678, 0.999636709690094]]], [0.09250657653808594, -0.21936936950683594, 0.5486521606445313, 0.028019442011193385, 0.01771245711206837, 0.17398673173549384, [[0.9847479462623596, -0.17255359888076782, 0.022287100553512573], [0.17308309674263, 0.9846017360687256, -0.024527961388230324], [-0.01771153137087822, 0.02801138162612915, 0.99945068359375]]], [0.09393400573730469, -0.226454345703125, 0.5504592895507813, 0.05728869401127649, 0.025276919698031364, 0.17198884446632703, [[0.9849315881729126, -0.16943563520908356, 0.03465963900089264], [0.17108751833438873, 0.9838776588439941, -0.052094217389822006], [-0.025274228304624557, 0.057239070534706116, 0.9980405569076538]]], [0.093920654296875, -0.2316263885498047, 0.5517938232421875, 0.025337553081660413, 0.03174144325660766, 0.16638812175252374, [[0.9856926202774048, -0.16477535665035248, 0.035483766347169876], [0.1655380129814148, 0.9860060214996338, -0.01973045989871025], [-0.031736113131046295, 0.0253220796585083, 0.999175488948822]]], [0.09586044311523438, -0.24508749389648438, 0.5521442260742188, 0.04997542541468891, 0.03490037926718714, 0.16452403036117108, [[0.9858956933021545, -0.16185878217220306, 0.042560841888189316], [0.16368307173252106, 0.9855502843856812, -0.04357227310538292], [-0.03489329665899277, 0.049924205988645554, 0.9981433153152466]]], [0.09855184936523438, -0.24896063232421875, 0.5526427612304687, 0.05758672913358981, 0.04743018803070309, 0.1582331449356876, [[0.9863966703414917, -0.15461774170398712, 0.055811621248722076], [0.15739646553993225, 0.9863002896308899, -0.04937732219696045], [-0.04741240665316582, 0.05749018117785454, 0.9972196221351624]]], [0.10118466949462891, -0.25547543334960937, 0.5531908569335937, 0.030749162536391567, 0.036658843246984985, 0.18050629525374456, [[0.9830920100212097, -0.1783343106508255, 0.04155758023262024], [0.1794070452451706, 0.9834901690483093, -0.023668119683861732], [-0.036650631576776505, 0.030723661184310913, 0.998855710029602]]], [0.10496673583984376, -0.26759637451171875, 0.5521516723632812, 0.014995111537805889, 0.029237119622317564, 0.15297936976174503, [[0.9878990650177002, -0.15193302929401398, 0.031173227354884148], [0.15231825411319733, 0.9882771372795105, -0.010365319438278675], [-0.02923295460641384, 0.014988141134381294, 0.9994602203369141]]], [0.1090306854248047, -0.27267205810546874, 0.5529955444335938, 0.06985470637546372, 0.039005354049824525, 0.16022044491862342, [[0.9864412546157837, -0.15645980834960938, 0.04953739792108536], [0.15941448509693146, 0.9852187633514404, -0.06269794702529907], [-0.03899546340107918, 0.06974481791257858, 0.9968023896217346]]], [0.11105426788330078, -0.27588070678710935, 0.5536610717773438, 0.03161363568962329, 0.02241965274566282, 0.14857183563079446, [[0.9887349605560303, -0.14725111424922943, 0.02683858759701252], [0.14798864722251892, 0.9885942339897156, -0.027943404391407967], [-0.02241777442395687, 0.03160042688250542, 0.9992491602897644]]], [0.11480879974365234, -0.2848268127441406, 0.554602294921875, 0.03394073780156687, 0.020372976429164025, 0.13427596522738078, [[0.9907928705215454, -0.1331106573343277, 0.02471943572163582], [0.13384504616260529, 0.9905202984809875, -0.030903134495019913], [-0.020371567457914352, 0.033927179872989655, 0.9992166757583618]]], [0.1187648010