{
    "amplitude": 0.06483599930421968,
    "frequency": 0.014718049276490756,
    "seed": 1762037097,
    "time_interval": 0.05,
    "pid_gains": {
        "pid_rate": {
            "roll_kp": "50.0",
            "roll_ki": "0.0",
            "roll_kd": "0.0",
            "pitch_kp": "50.0",
            "pitch_ki": "0.0",
            "pitch_kd": "0.0",
            "yaw_kp": "80.0",
            "yaw_ki": "0.0",
            "yaw_kd": "0.0"
        },
        "pid_attitude": {
            "roll_kp": "6.0",
            "roll_ki": "0.0",
            "roll_kd": "0.20000000298023224",
            "pitch_kp": "6.0",
            "pitch_ki": "0.0",
            "pitch_kd": "1.0",
            "yaw_kp": "10.0",
            "yaw_ki": "0.0",
            "yaw_kd": "0.3499999940395355"
        },
        "velCtlPid": {
            "vxKp": "15.0",
            "vxKi": "1.0",
            "vxKd": "0.0",
            "vyKp": "10.0",
            "vyKi": "1.0",
            "vyKd": "0.0",
            "vzKp": "12.5",
            "vzKi": "0.5",
            "vzKd": "0.0"
        },
        "posCtlPid": {
            "xKp": "1.5",
            "xKi": "0.0",
            "xKd": "0.0",
            "yKp": "1.5",
            "yKi": "0.0",
            "yKd": "0.0",
            "zKp": "5.0",
            "zKi": "0.5",
            "zKd": "0.0"
        }
    },
    "pose": [
        [
            0.024973522186279296,
            0.012307342529296874,
            0.26249545288085935,
            0.0031757077963889824,
            0.0297032862982205,
            1.1010593671187148,
            [
                [
                    0.45245206356048584,
                    -0.8916401863098145,
                    0.016274934634566307
                ],
                [
                    0.8912940621376038,
                    0.45273357629776,
                    0.025044530630111694
                ],
                [
                    -0.029698917642235756,
                    0.0031743019353598356,
                    0.9995538592338562
                ]
            ]
        ],
        [
            0.024976680755615235,
            0.012286261558532715,
            0.26247103881835937,
            0.0032456652967751687,
            0.029586116116692596,
            1.0999993713063698,
            [
                [
                    0.4533981680870056,
                    -0.8911588191986084,
                    0.016310689970850945
                ],
                [
                    0.8908170461654663,
                    0.4536798596382141,
                    0.024891149252653122
                ],
                [
                    -0.02958180010318756,
                    0.0032442384399473667,
                    0.9995570778846741
                ]
            ]
        ],
        [
            0.02487153434753418,
            0.012196454048156738,
            0.26235223388671874,
            0.001573236405458922,
            0.030564790146537346,
            1.1103942406363991,
            [
                [
                    0.44410082697868347,
                    -0.8958514332771301,
                    0.014987480826675892
                ],
                [
                    0.8954554796218872,
                    0.44435086846351624,
                    0.02667889930307865
                ],
                [
                    -0.030560031533241272,
                    0.0015725011471658945,
                    0.9995316863059998
                ]
            ]
        ],
        [
            0.025925243377685547,
            0.011467601776123047,
            0.2626415100097656,
            0.013001260557518046,
            0.02827214797174804,
            1.2835897722532048,
            [
                [
                    0.28316110372543335,
                    -0.9588537812232971,
                    0.020475393161177635
                ],
                [
                    0.9586556553840637,
                    0.28360283374786377,
                    0.02342536859214306
                ],
                [
                    -0.02826838195323944,
                    0.012995699420571327,
                    0.9995158910751343
                ]
            ]
        ],
        [
            0.024001266479492186,
            0.013185769081115723,
            0.26254141235351564,
            0.000752470767308111,
            0.03203450327894153,
            1.3026013565618246,
            [
                [
                    0.26485541462898254,
                    -0.9642441272735596,
                    0.009212982840836048
                ],
                [
                    0.9637560844421387,
                    0.26501452922821045,
                    0.03068460524082184
                ],
                [
                    -0.03202902525663376,
                    0.0007520844810642302,
                    0.9994866847991943
                ]
            ]
        ],
        [
            0.022186927795410157,
            0.013804006576538085,
            0.26635223388671875,
            -0.008972000838680438,
            0.015000657312988608,
            1.2985497369909929,
            [
                [
                    0.268865704536438,
                    -0.9631666541099548,
                    -0.004608136601746082
                ],
                [
                    0.9630608558654785,
                    0.2687555253505707,
                    0.016859550029039383
                ],
                [
                    -0.015000094659626484,
                    -0.008970871567726135,
                    0.9998472332954407
                ]
            ]
        ],
        [
            0.01948537254333496,
            0.015186219215393067,
            0.2799685363769531,
            -0.010431889582217191,
            0.021138778007391945,
            1.059041694504534,
            [
                [
                    0.48959842324256897,
                    -0.8719471096992493,
                    0.001255231210961938
                ],
                [
                    0.8716918230056763,
                    0.48948895931243896,
                    0.02353672683238983
                ],
                [
                    -0.02113720402121544,
                    -0.01042937021702528,
                    0.9997221827507019
                ]
            ]
        ],
        [
            0.01320854377746582,
            0.01456585693359375,
            0.3007562255859375,
            -0.07367056913700792,
            -0.02684994125324769,
            0.8316477624595044,
            [
                [
                    0.6734160780906677,
                    -0.735706627368927,
                    -0.07243291288614273
                ],
                [
                    0.7387760281562805,
                    0.6732920408248901,
                    0.029796911403536797
                ],
                [
                    0.026846714317798615,
                    -0.07357741892337799,
                    0.9969280958175659
                ]
            ]
        ],
        [
            0.005744363307952881,
            0.014674274444580079,
            0.3228635864257812,
            -0.023542837753361523,
            -0.05917073870827627,
            0.7187492323960536,
            [
                [
                    0.7513127326965332,
                    -0.6572136282920837,
                    -0.05999555438756943
                ],
                [
                    0.6572914719581604,
                    0.7533379197120667,
                    -0.021209679543972015
                ],
                [
                    0.05913621559739113,
                    -0.023499464616179466,
                    0.9979732632637024
                ]
            ]
        ],
        [
            -0.002614108085632324,
            0.01495166301727295,
            0.34410092163085937,
            -0.010938559549011462,
            -0.08058127616356558,
            0.5597150514631675,
            [
                [
                    0.8446567058563232,
                    -0.5301668643951416,
                    -0.07401479035615921
                ],
                [
                    0.5292218923568726,
                    0.8478232026100159,
                    -0.033466141670942307
                ],
                [
                    0.08049409836530685,
                    -0.010902848094701767,
                    0.9966954588890076
                ]
            ]
        ],
        [
            -0.012968642234802246,
            0.011280656814575196,
            0.3672349548339844,
            0.015230010973186658,
            -0.047123111439580256,
            0.5104582074799354,
            [
                [
                    0.8715521693229675,
                    -0.4891463816165924,
                    -0.033655162900686264
                ],
                [
                    0.488034725189209,
                    0.8720690608024597,
                    -0.03630007058382034
                ],
                [
                    0.04710567370057106,
                    0.01521251630038023,
                    0.9987740516662598
                ]
            ]
        ],
        [
            -0.02267332649230957,
            0.00702734899520874,
            0.38563458251953125,
            0.0350700493796367,
            -0.0696523353293077,
            0.4442458932307445,
            [
                [
                    0.9007456302642822,
                    -0.4317162036895752,
                    -0.04773283749818802
                ],
                [
                    0.42873498797416687,
                    0.9013310670852661,
                    -0.06155187264084816
                ],
                [
                    0.06959602981805801,
                    0.03497784212231636,
                    0.9969618320465088
                ]
            ]
        ],
        [
            -0.03199774932861328,
            0.001872677206993103,
            0.3969439086914063,
            0.048474663159512515,
            -0.0984454922454141,
            0.4627815180123508,
            [
                [
                    0.8904816508293152,
                    -0.450175940990448,
                    -0.06621240079402924
                ],
                [
                    0.44427719712257385,
                    0.8916369080543518,
                    -0.08718621730804443
                ],
                [
                    0.09828655421733856,
                    0.04822106659412384,
                    0.9939891695976257
                ]
            ]
        ],
        [
            -0.04228113555908203,
            -0.0034858400821685793,
            0.4081844787597656,
            0.05032060912480843,
            -0.0461970253158428,
            0.44524616560784824,
            [
                [
                    0.9015418291091919,
                    -0.43223127722740173,
                    -0.019962508231401443
                ],
                [
                    0.4302205741405487,
                    0.9003618359565735,
                    -0.06525930762290955
                ],
                [
                    0.046180594712495804,
                    0.05024570971727371,
                    0.9976686239242554
                ]
            ]
        ],
        [
            -0.05245478439331055,
            -0.010688448905944824,
            0.41268603515625,
            0.024820249863358262,
            -0.046286728663679,
            0.40411687665509777,
            [
                [
                    0.918465256690979,
                    -0.39414164423942566,
                    -0.03277154266834259
                ],
                [
                    0.39278578758239746,
                    0.9187152981758118,
                    -0.041006796061992645
                ],
                [
                    0.04627020284533501,
                    0.02479112148284912,
                    0.9986212849617004
                ]
            ]
        ],
        [
            -0.062492633819580076,
            -0.01661220932006836,
            0.4158060302734375,
            0.03408364525573504,
            -0.04592828854706821,
            0.4401400425317207,
            [
                [
                    0.9037379622459412,
                    -0.42723414301872253,
                    -0.026993148028850555
                ],
                [
                    0.4256168603897095,
                    0.903499960899353,
                    -0.05037948116660118
                ],
                [
                    0.04591214284300804,
                    0.034041110426187515,
                    0.9983652830123901
                ]
            ]
        ],
        [
            -0.0732010498046875,
            -0.02156378746032715,
            0.419076171875,
            0.003926585072916239,
            -0.04611551437435679,
            0.42483384330765195,
            [
                [
                    0.9101386070251465,
                    -0.41233113408088684,
                    -0.04038254916667938
                ],
                [
                    0.41173121333122253,
                    0.9110255837440491,
                    -0.022578051313757896
                ],
                [
                    0.04609917104244232,
                    0.003922400996088982,
                    0.9989291429519653
                ]
            ]
        ],
        [
            -0.08172772216796875,
            -0.031069011688232423,
            0.4192488708496094,
            -0.004936202433367037,
            -0.03651774761570259,
            0.41550588613441786,
            [
                [
                    0.9143022894859314,
                    -0.4034830331802368,
                    -0.03539520502090454
                ],
                [
                    0.40338370203971863,
                    0.9149738550186157,
                    -0.010220862925052643
                ],
                [
                    0.03650963306427002,
                    -0.0049328915774822235,
                    0.9993211030960083
                ]
            ]
        ],
        [
            -0.09124417114257813,
            -0.03663259124755859,
            0.4197567138671875,
            0.0015099969397540103,
            -0.033166833344515645,
            0.40279681560377695,
            [
                [
                    0.9194623231887817,
                    -0.3920384645462036,
                    -0.029914896935224533
                ],
                [
                    0.39177727699279785,
                    0.9199475646018982,
                    -0.01438791211694479
                ],
                [
                    0.033160753548145294,
                    0.001509165856987238,
                    0.9994488954544067
                ]
            ]
        ],
        [
            -0.10140404510498047,
            -0.038905242919921874,
            0.42062020874023437,
            -0.04863057183126296,
            -0.039296876029553784,
            0.41936930246106524,
            [
                [
                    0.9126408100128174,
                    -0.4049588143825531,
                    -0.055633794516325
                ],
                [
                    0.40687012672424316,
                    0.9130437970161438,
                    0.028420981019735336
                ],
                [
                    0.03928676247596741,
                    -0.04857387766242027,
                    0.9980466365814209
                ]
            ]
        ],
        [
            -0.10932019805908202,
            -0.043654041290283205,
            0.4194153137207031,
            -0.04567218427738387,
            -0.02263247686656311,
            0.38182484993078214,
            [
                [
                    0.9277485609054565,
                    -0.3712671399116516,
                    -0.03799113631248474
                ],
                [
                    0.3725191056728363,
                    0.9274035096168518,
                    0.0339447483420372
                ],
                [
                    0.022630546241998672,
                    -0.0456446148455143,
                    0.9987013936042786
                ]
            ]
        ],
        [
            -0.11799771881103516,
            -0.04801055145263672,
            0.41930535888671877,
            -0.02197021414304881,
            -0.002493018052918572,
            0.3740509044279642,
            [
                [
                    0.930851936340332,
                    -0.3652500510215759,
                    -0.010347109287977219
                ],
                [
                    0.36538809537887573,
                    0.9306501746177673,
                    0.01953873410820961
                ],
                [
                    0.002493015257641673,
                    -0.021968377754092216,
                    0.9997555613517761
                ]
            ]
        ],
        [
            -0.12795586395263672,
            -0.04741525650024414,
            0.41879312133789065,
            -0.07510578655537567,
            0.0019677627888818883,
            0.3946921622671594,
            [
                [
                    0.9231131672859192,
                    -0.38357630372047424,
                    -0.027041487395763397
                ],
                [
                    0.38452330231666565,
                    0.920455813407898,
                    0.0700206309556961
                ],
                [
                    -0.0019677618984133005,
                    -0.07503505051136017,
                    0.9971789717674255
                ]
            ]
        ],
        [
            -0.1342124786376953,
            -0.0507293815612793,
            0.4166585998535156,
            -0.05658054260635584,
            0.015083825399646367,
            0.36750738704675057,
            [
                [
                    0.9331196546554565,
                    -0.35951143503189087,
                    -0.006264443509280682
                ],
                [
                    0.3592495024204254,
                    0.931425929069519,
                    0.058184850960969925
                ],
                [
                    -0.015083253383636475,
                    -0.056543923914432526,
                    0.9982861876487732
                ]
            ]
        ],
        [
            -0.1401096649169922,
            -0.049636180877685544,
            0.41554660034179686,
            -0.033006366579714924,
            0.028819495400738582,
            0.3653165026679378,
            [
                [
                    0.9336228966712952,
                    -0.3579385280609131,
                    0.015110117383301258
                ],
                [
                    0.3570965826511383,
                    0.9331623315811157,
                    0.0411112904548645
                ],
                [
                    -0.028815506026148796,
                    -0.03298667073249817,
                    0.9990403056144714
                ]
            ]
        ],
        [
            -0.14667782592773437,
            -0.045632823944091794,
            0.414348388671875,
            -0.06828120456904474,
            0.04409558072984132,
            0.36590381580380993,
            [
                [
                    0.9328930377960205,
                    -0.3597681522369385,
                    0.016655635088682175
                ],
                [
                    0.357445627450943,
                    0.9305486679077148,
                    0.07944674789905548
                ],
                [
                    -0.04408129304647446,
                    -0.06816183775663376,
                    0.9966999292373657
                ]
            ]
        ],
        [
            -0.14964845275878907,
            -0.04594162368774414,
            0.41185693359375,
            -0.040312353858528216,
            0.06011258982769507,
            0.3473633163278541,
            [
                [
                    0.9385752081871033,
                    -0.3424197733402252,
                    0.04272294417023659
                ],
                [
                    0.33980491757392883,
                    0.938685417175293,
                    0.05832895264029503
                ],
                [
                    -0.06007639318704605,
                    -0.04022864252328873,
                    0.9973828196525574
                ]
            ]
        ],
        [
            -0.1517765197753906,
            -0.042410743713378905,
            0.4106946716308594,
            -0.01750095926975248,
            0.08156337456287766,
            0.35334255385373364,
            [
                [
                    0.9351022243499756,
                    -0.3473204970359802,
                    0.0703723207116127
                ],
                [
                    0.3448854088783264,
                    0.9375842809677124,
                    0.04460718110203743
                ],
                [
                    -0.0814729705452919,
                    -0.01744188740849495,
                    0.9965229034423828
                ]
            ]
        ],
        [
            -0.15327198791503907,
            -0.03687199783325195,
            0.40993838500976565,
            -0.04786728469770807,
            0.09241070650811567,
            0.3581359150312489,
            [
                [
                    0.9325557351112366,
                    -0.3542628288269043,
                    0.06955283135175705
                ],
                [
                    0.349033385515213,
                    0.9339313507080078,
                    0.07712257653474808
                ],
                [
                    -0.09227923303842545,
                    -0.04764484241604805,
                    0.9945926070213318
                ]
            ]
        ],
        [
            -0.15082595825195313,
            -0.03657912445068359,
            0.408588623046875,
            0.0015581147440385523,
            0.09748862294314531,
            0.35313219848699295,
            [
                [
                    0.9338388442993164,
                    -0.34569570422172546,
                    0.09186691790819168
                ],
                [
                    0.34419628977775574,
                    0.9383453726768494,
                    0.0321999229490757
                ],
                [
                    -0.09733427315950394,
                    0.0015507172793149948,
                    0.9952505230903625
                ]
            ]
        ],
        [
            -0.14799665832519532,
            -0.03228833770751953,
            0.4094303894042969,
            0.035962386574271504,
            0.1114099118788976,
            0.35418746421999203,
            [
                [
                    0.932113766670227,
                    -0.3428548276424408,
                    0.11668117344379425
                ],
                [
                    0.3446781635284424,
                    0.9387086033821106,
                    0.004812421277165413
                ],
                [
                    -0.11117958277463913,
                    0.0357317291200161,
                    0.9931577444076538
                ]
            ]
        ],
        [
            -0.14437681579589845,
            -0.027352214813232422,
            0.40989859008789065,
            0.011879984853294806,
            0.11868903229606032,
            0.34724392847879304,
            [
                [
                    0.933698832988739,
                    -0.33896079659461975,
                    0.11537802964448929
                ],
                [
                    0.3379133641719818,
                    0.9407265186309814,
                    0.029122507199645042
                ],
                [
                    -0.11841056495904922,
                    0.011796128004789352,
                    0.9928946495056152
                ]
            ]
        ],
        [
            -0.13774871826171875,
            -0.02635908889770508,
            0.4109046936035156,
            0.015435935078148527,
            0.1127963316023477,
            0.35165345322717645,
            [
                [
                    0.9328385591506958,
                    -0.3427784740924835,
                    0.11097341030836105
                ],
                [
                    0.3422616422176361,
                    0.9392910599708557,
                    0.024275055155158043
                ],
                [
                    -0.1125572994351387,
                    0.015337234362959862,
                    0.9935268759727478
                ]
            ]
        ],
        [
            -0.13057989501953124,
            -0.021788633346557618,
            0.4133299560546875,
            0.051327411259154715,
            0.10069613863771565,
            0.32851757514925495,
            [
                [
                    0.9417269825935364,
                    -0.3173336684703827,
                    0.11157779395580292
                ],
                [
                    0.3210058808326721,
                    0.9469391703605652,
                    -0.016170142218470573
                ],
                [
                    -0.10052605718374252,
                    0.05104498937726021,
                    0.9936241507530212
                ]
            ]
        ],
        [
            -0.1234390869140625,
            -0.015952786445617675,
            0.41544882202148437,
            -0.009661188864770937,
            0.11374578999769924,
            0.33787842825628045,
            [
                [
                    0.93736332654953,
                    -0.3325052857398987,
                    0.10387585312128067
                ],
                [
                    0.32934412360191345,
                    0.9430525302886963,
                    0.046736955642700195
                ],
                [
                    -0.1135006695985794,
                    -0.009598609060049057,
                    0.993491530418396
                ]
            ]
        ],
        [
            -0.11502925109863281,
            -0.012643237113952637,
            0.41899746704101565,
            -0.02707396839249135,
            0.10718544401299579,
            0.3622891693161908,
            [
                [
                    0.9297215938568115,
                    -0.3569938838481903,
                    0.09040508419275284
                ],
                [
                    0.35238179564476013,
                    0.9337188601493835,
                    0.06321506202220917
                ],
                [
                    -0.1069803237915039,
                    -0.026915308088064194,
                    0.9938967823982239
                ]
            ]
        ],
        [
            -0.105655029296875,
            -0.006201518058776855,
            0.4226010131835938,
            0.007692329921527241,
            0.1113409336798672,
            0.33326242471158435,
            [
                [
                    0.9391288161277771,
                    -0.32631033658981323,
                    0.10751096159219742
                ],
                [
                    0.3251021206378937,
                    0.9452317953109741,
                    0.02907739207148552
                ],
                [
                    -0.11111102998256683,
                    0.007644623517990112,
                    0.9937785863876343
                ]
            ]
        ],
        [
            -0.09868791198730469,
            0.0011253854036331176,
            0.42532919311523437,
            -0.04478669122795345,
            0.1084684550275512,
            0.3280750127655129,
            [
                [
                    0.9411008954048157,
                    -0.3264864981174469,
                    0.08795282244682312
                ],
                [
                    0.32032763957977295,
                    0.944153368473053,
                    0.07723116874694824
                ],
                [
                    -0.10825588554143906,
                    -0.04450859874486923,
                    0.9931262135505676
                ]
            ]
        ],
        [
            -0.0900004653930664,
            0.00542642879486084,
            0.42880624389648436,
            -0.04764509525445618,
            0.11465227356840768,
            0.33247542086224624,
            [
                [
                    0.9390314817428589,
                    -0.3311637341976166,
                    0.09246890991926193
                ],
                [
                    0.324241042137146,
                    0.9423863291740417,
                    0.08231523633003235
                ],
                [
                    -0.11440125107765198,
                    -0.04731438308954239,
                    0.9923072457313538
                ]
            ]
        ],
        [
            -0.08086812591552735,
            0.013777902603149414,
            0.43204312133789063,
            -8.602103019461627e-05,
            0.1046288841279861,
            0.31994002564659096,
            [
                [
                    0.9440631866455078,
                    -0.31451815366744995,
                    0.09911125153303146
                ],
                [
                    0.3127897083759308,
                    0.9492514729499817,
                    0.03292844071984291
                ],
                [
                    -0.10443808883428574,
                    -8.555084059480578e-05,
                    0.9945313930511475
                ]
            ]
        ],
        [
            -0.07452692413330078,
            0.02133014678955078,
            0.4342206115722656,
            -0.04560700660147876,
            0.09277373170417591,
            0.3216306677106613,
            [
                [
                    0.9446413516998291,
                    -0.31979236006736755,
                    0.0733867958188057
                ],
                [
                    0.3147546052932739,
                    0.9463995695114136,
                    0.07250791043043137
                ],
                [
                    -0.0926407054066658,
                    -0.0453951396048069,
                    0.9946642518043518
                ]
            ]
        ],
        [
            -0.06494622802734375,
            0.02733120346069336,
            0.43664892578125,
            -0.031499216163484334,
            0.08982914918986706,
            0.3165710250923959,
            [
                [
                    0.9464768767356873,
                    -0.31384027004241943,
                    0.07540395855903625
                ],
                [
                    0.31005463004112244,
                    0.9489575028419495,
                    0.05784226953983307
                ],
                [
                    -0.08970838785171509,
                    -0.03136702626943588,
                    0.9954740405082703
                ]
            ]
        ],
        [
            -0.05828879547119141,
            0.03676002502441406,
            0.43877090454101564,
            -0.01870507672109495,
            0.08488764335388188,
            0.32683029388829243,
            [
                [
                    0.9436545372009277,
                    -0.3224884569644928,
                    0.07427874952554703
                ],
                [
                    0.319886714220047,
                    0.94638991355896,
                    0.04492896422743797
                ],
                [
                    -0.08478572964668274,
                    -0.018636638298630714,
                    0.9962248802185059
                ]
            ]
        ],
        [
            -0.05153213882446289,
            0.044426357269287106,
            0.441053466796875,
            -0.03374162507191511,
            0.07597438873413465,
            0.3049522292125232,
            [
                [
                    0.9511097073554993,
                    -0.3025191128253937,
                    0.06222920119762421
                ],
                [
                    0.2993814945220947,
                    0.9525495767593384,
                    0.05495494231581688
                ],
                [
                    -0.0759013220667839,
                    -0.03363790735602379,
                    0.9965477585792542
                ]
            ]
        ],
        [
            -0.04248681640625,
            0.05045052719116211,
            0.44324398803710935,
            -0.008955881481063882,
            0.07709092709080267,
            0.3102779824886285,
            [
                [
                    0.9494205117225647,
                    -0.30596789717674255,
                    0.07059970498085022
                ],
                [
                    0.3044165372848511,
                    0.9519999623298645,
                    0.0320415236055851
                ],
                [
                    -0.07701458781957626,
                    -0.008929162286221981,
                    0.9969899654388428
                ]
            ]
        ],
        [
            -0.03667431259155273,
            0.060675643920898435,
            0.44500448608398435,
            -0.001270888806319398,
            0.08634657797490575,
            0.2905319888308059,
            [
                [
                    0.9545221924781799,
                    -0.28656673431396484,
                    0.08226104080677032
                ],
                [
                    0.28539472818374634,
                    0.9580594301223755,
                    0.025921892374753952
                ],
                [
                    -0.08623932301998138,
                    -0.00126615387853235,
                    0.9962736368179321
                ]
            ]
        ],
        [
            -0.030190458297729494,
            0.06772731018066407,
            0.4469606018066406,
            -0.027605997672124988,
            0.07203019324091797,
            0.3019093920142101,
            [
                [
                    0.9522947072982788,
                    -0.29912713170051575,
                    0.060479238629341125
                ],
                [
                    0.296572744846344,
                    0.9538159966468811,
                    0.047745104879140854
                ],
                [
                    -0.07196792215108871,
                    -0.027530916035175323,
                    0.9970269203186035
                ]
            ]
        ],
        [
            -0.021843294143676757,
            0.07334293365478516,
            0.4476781005859375,
            0.0001560551840893709,
            0.07222960618004337,
            0.31376275768868667,
            [
                [
                    0.9486988186836243,
                    -0.3086291551589966,
                    0.06869172304868698
                ],
                [
                    0.30783510208129883,
                    0.9511824250221252,
                    0.0221251193434
                ],
                [
                    -0.0721668154001236,
                    0.00015564754721708596,
                    0.9973925352096558
                ]
            ]
        ],
        [
            -0.015750699043273926,
            0.08403019714355468,
            0.4477814636230469,
            0.0016519838795623631,
            0.0789827592949377,
            0.3014178190961736,
            [
                [
                    0.951939582824707,
                    -0.2967495322227478,
                    0.07583387941122055
                ],
                [
                    0.29594889283180237,
                    0.9549539089202881,
                    0.021846050396561623
                ],
                [
                    -0.07890066504478455,
                    0.0016468333778902888,
                    0.9968811273574829
                ]
            ]
        ],
        [
            -0.01023631191253662,
            0.08919414520263672,
            0.4481585693359375,
            -0.028097947606633922,
            0.08066644559840808,
            0.2870224920390264,
            [
                [
                    0.9559723138809204,
                    -0.2851572334766388,
                    0.06929866224527359
                ],
                [
                    0.282177209854126,
                    0.9580715894699097,
                    0.04974767193198204
                ],
                [
                    -0.0805789902806282,
                    -0.028002895414829254,
                    0.9963547587394714
                ]
            ]
        ],
        [
            -0.0007965917587280274,
            0.09533474731445313,
            0.447037353515625,
            0.012174425775373254,
            0.08395013614363234,
            0.2982082116187677,
            [
                [
                    0.9524981379508972,
                    -0.29281044006347656,
                    0.08372164517641068
                ],
                [
                    0.2927732467651367,
                    0.9560935497283936,
                    0.012997617945075035
                ],
                [
                    -0.08385156095027924,
                    0.012131250463426113,
                    0.9964044094085693
                ]
            ]
        ],
        [
            0.005934742450714112,
            0.10568180084228515,
            0.44504034423828126,
            0.0070058528940694365,
            0.09697165105165229,
            0.28761404634025867,
            [
                [
                    0.9544183015823364,
                    -0.2830076813697815,
                    0.09482774138450623
                ],
                [
                    0.2823324203491211,
                    0.9590923190116882,
                    0.020745685324072838
                ],
                [
                    -0.09681974351406097,
                    0.0069728814996778965,
                    0.9952775239944458
                ]
            ]
        ],
        [
            0.012368892669677735,
            0.11212887573242188,
            0.4443739624023437,
            -0.030994262637273007,
            0.09852142380446094,
            0.2604807159297656,
            [
                [
                    0.9615805745124817,
                    -0.2603667378425598,
                    0.08701720833778381
                ],
                [
                    0.25629615783691406,
                    0.9650171399116516,
                    0.0552644282579422
                ],
                [
                    -0.09836211800575256,
                    -0.030839024111628532,
                    0.9946727156639099
                ]
            ]
        ],
        [
            0.023759950637817384,
            0.11847306060791016,
            0.4429680480957031,
            0.012473061772445615,
            0.1142967746014778,
            0.2734970621330662,
            [
                [
