{"amplitude": 0.05201169712944545, "frequency": 0.013063585899152675, "seed": 1762490048, "time_interval": 0.05, "pid_gains": {"pid_rate": {"roll_kp": "50.0", "roll_ki": "0.0", "roll_kd": "0.0", "pitch_kp": "50.0", "pitch_ki": "0.0", "pitch_kd": "0.0", "yaw_kp": "80.0", "yaw_ki": "0.0", "yaw_kd": "0.0"}, "pid_attitude": {"roll_kp": "8.0", "roll_ki": "0.0", "roll_kd": "0.20000000298023224", "pitch_kp": "8.0", "pitch_ki": "0.0", "pitch_kd": "1.0", "yaw_kp": "10.0", "yaw_ki": "0.0", "yaw_kd": "0.3499999940395355"}, "velCtlPid": {"vxKp": "15.0", "vxKi": "1.0", "vxKd": "0.0", "vyKp": "10.0", "vyKi": "1.0", "vyKd": "0.0", "vzKp": "12.5", "vzKi": "0.5", "vzKd": "0.0"}, "posCtlPid": {"xKp": "1.5", "xKi": "0.0", "xKd": "0.0", "yKp": "1.5", "yKi": "0.0", "yKd": "0.0", "zKp": "5.0", "zKi": "0.5", "zKd": "0.0"}}, "mocap_pose": [[-0.0558456916809082, 0.023009712219238282, 0.2576201171875, 0.027107966730329947, 0.045448850010093134, 0.669494832017701, [[0.7833255529403687, -0.6193963289260864, 0.0524335615336895], [0.6199491024017334, 0.7846114039421082, 0.006931321695446968], [-0.045433204621076584, 0.027076657861471176, 0.9986003637313843]]], [-0.05584656143188477, 0.023013689041137694, 0.25763864135742187, 0.02622663984978474, 0.04568580152140811, 0.6680736416337929, [[0.7841973304748535, -0.6183217167854309, 0.05208418518304825], [0.618828535079956, 0.7854883670806885, 0.007695651147514582], [-0.045669909566640854, 0.026196271181106567, 0.9986130595207214]]], [-0.05576626586914062, 0.023265043258666993, 0.2574083251953125, 0.022523086291005356, 0.04626847437810322, 0.6809888931552002, [[0.7761190533638, -0.6285926699638367, 0.05010484904050827], [0.6288878917694092, 0.7774092555046082, 0.01161323580890894], [-0.046251967549324036, 0.022497080266475677, 0.9986764192581177]]], [-0.05599833297729492, 0.02286593246459961, 0.25772589111328126, 0.0317463903550505, 0.04048261721273616, 0.7774544284109002, [[0.7121175527572632, -0.7001984715461731, 0.05109492689371109], [0.7008927464485168, 0.7132434844970703, 0.005753280594944954], [-0.04047156125307083, 0.03171505406498909, 0.9986772537231445]]], [-0.0561512565612793, 0.022975406646728515, 0.25772418212890624, 0.03132664802234786, 0.04416444474432102, 0.858843588441272, [[0.6526764035224915, -0.7558127045631409, 0.052542831748723984], [0.7563493251800537, 0.6540398001670837, 0.012946310453116894], [-0.04415008798241615, 0.03129098191857338, 0.9985347390174866]]], [-0.0567586784362793, 0.02454833221435547, 0.26214535522460936, 0.035367755240970467, 0.04756982446888203, 0.8908645775790263, [[0.6280286908149719, -0.7760721445083618, 0.05737585946917534], [0.7767359614372253, 0.6296542882919312, 0.014721481129527092], [-0.04755188524723053, 0.035320382565259933, 0.9982441067695618]]], [-0.06116587448120117, 0.022935022354125978, 0.2782100830078125, 0.10855831652356057, -0.005083415233703148, 0.6798607896617475, [[0.7776501774787903, -0.6254122257232666, 0.06418510526418686], [0.6286766529083252, 0.7727361917495728, -0.08743280917406082], [0.005083391908556223, 0.10834381729364395, 0.9941005110740662]]], [-0.06573075866699218, 0.028122352600097655, 0.3015664367675781, 0.03146575479024194, -0.04987209597101372, 0.4461483950540356, [[0.900994062423706, -0.4326953887939453, -0.03137444332242012], [0.4309576451778412, 0.9009924530982971, -0.049881018698215485], [0.0498514249920845, 0.031421445310115814, 0.9982622265815735]]], [-0.06943161010742188, 0.03018087577819824, 0.32159588623046875, 0.09963888280706171, -0.07715993335702542, 0.3977026726503111, [[0.9192100763320923, -0.3924497365951538, -0.03218834474682808], [0.38614898920059204, 0.9144107103347778, -0.12141688913106918], [0.07708339393138885, 0.09917812794446945, 0.9920795559883118]]], [-0.07559841918945312, 0.03202721405029297, 0.34797561645507813, 0.030798485744165716, -0.13436324423960255, 0.3871979427544298, [[0.917624831199646, -0.38123592734336853, -0.11235605925321579], [0.37419193983078003, 0.9239739775657654, -0.07907240837812424], [0.1339593231678009, 0.030516067519783974, 0.9905168414115906]]], [-0.07845958709716797, 0.034072845458984376, 0.3611979675292969, 0.047174616680920406, -0.16970654154034492, 0.3453882579254587, [[0.927426815032959, -0.34567955136299133, -0.14277656376361847], [0.3336983621120453, 0.9372007846832275, -0.10148939490318298], [0.16889311373233795, 0.04647967964410782, 0.9845378398895264]]], [-0.09107378387451172, 0.03799159240722656, 0.3817062072753906, 0.01655766035247659, -0.14897883214697538, 0.266324502693673, [[0.9540584087371826, -0.2655220925807953, -0.13881827890872955], [0.2602720260620117, 0.9639657139778137, -0.055032290518283844], [0.14842835068702698, 0.01637350395321846, 0.9887875914573669]]], [-0.09926136016845703, 0.040494651794433595, 0.3910534362792969, -0.030093795529306383, -0.17311138921314329, 0.2971419631604303, [[0.941885769367218, -0.287700355052948, -0.17343488335609436], [0.288412481546402, 0.9572617411613464, -0.0216387789696455], [0.17224806547164917, -0.029639527201652527, 0.9846075773239136]]], [-0.1122730941772461, 0.04479237747192383, 0.40475045776367186, 0.0019074715755672822, -0.15731515344102664, 0.2856410185814544, [[0.9476330280303955, -0.2820587754249573, -0.14978137612342834], [0.27829307317733765, 0.9593952894210815, -0.04597458615899086], [0.1566670835018158, 0.0018839153926819563, 0.98764967918396]]], [-0.12227352905273438, 0.04763560485839844, 0.4086900634765625, -0.007266456746037903, -0.15799575862570459, 0.26057746153085737, [[0.9542064666748047, -0.2565270662307739, -0.1538957804441452], [0.25442957878112793, 0.9665104150772095, -0.03351449966430664], [0.15733924508094788, -0.007175888866186142, 0.9875185489654541]]], [-0.14032864379882812, 0.052824047088623045, 0.41349932861328126, -0.011384297759686801, -0.1481799817841798, 0.2743922516548783, [[0.9520414471626282, -0.2693265676498413, -0.14519059658050537], [0.26799261569976807, 0.9629830718040466, -0.02904359996318817], [0.14763830602169037, -0.011259299702942371, 0.988977313041687]]], [-0.1474796142578125, 0.05553755950927734, 0.4165254821777344, 0.008885671024013109, -0.10482990629741451, 0.26392155289120356, [[0.9600748419761658, -0.2617555856704712, -0.09869290888309479], [0.2594362497329712, 0.965093731880188, -0.03587355092167854], [0.104638010263443, 0.008836775086820126, 0.9944711327552795]]], [-0.16099696350097656, 0.06323078155517578, 0.4178293151855469, 0.01098182327185468, -0.049171578849050546, 0.22760369685772086, [[0.9730324149131775, -0.22615590691566467, -0.04540332034230232], [0.22537094354629517, 0.9740293622016907, -0.021788502112030983], [0.049151767045259476, 0.010968329384922981, 0.9987310767173767]]], [-0.17189364624023437, 0.0695645751953125, 0.4192158203125, 0.041856195103195604, -0.006048274648376761, 0.2676297610658807, [[0.9643827676773071, -0.2644587755203247, 0.005237671080976725], [0.26444149017333984, 0.9634888172149658, -0.041952379047870636], [0.006048237904906273, 0.04184320941567421, 0.9991058707237244]]], [-0.17584425354003907, 0.07407462310791016, 0.42085800170898435, 0.05377621747391639, 0.037978036595648135, 0.2713623196399395, [[0.9627119302749634, -0.26569050550460815, 0.0509340725839138], [0.2678508758544922, 0.9625609517097473, -0.04162076488137245], [-0.03796890750527382, 0.05371154472231865, 0.9978343844413757]]], [-0.181075927734375, 0.08441899108886719, 0.42161212158203126, 0.046826534342350234, 0.07068878216980434, 0.23019440409562925, [[0.9711905121803284, -0.2246977537870407, 0.07937183231115341], [0.22759698331356049, 0.9733091592788696, -0.029476948082447052], [-0.07062992453575134, 0.04669252038002014, 0.9964091777801514]]], [-0.18319630432128906, 0.09124365997314453, 0.4221449279785156, 0.032400942077946776, 0.0831044234538898, 0.2296438530551608, [[0.9703869223594666, -0.2248927652835846, 0.08816134929656982], [0.2268451452255249, 0.9738485813140869, -0.01265938114374876], [-0.0830087959766388, 0.032283470034599304, 0.9960257411003113]]], [-0.17951602172851563, 0.09783287811279297, 0.4229191589355469, 0.08786338205412131, 0.11757377947810443, 0.2586866426581336, [[0.9600526690483093, -0.24487341940402985, 0.1354101151227951], [0.2540450394153595, 0.9656307697296143, -0.05493895709514618], [-0.11730308085680008, 0.08714456111192703, 0.9892652630805969]]], [-0.1753966064453125, 0.11222924041748047, 0.4215867919921875, 0.07380364659778584, 0.13116904919079353, 0.2568148432609676, [[0.9588953256607056, -0.24398173391819, 0.14488855004310608], [0.2518191933631897, 0.967020571231842, -0.03818719461560249], [-0.1307932436466217, 0.07310324162244797, 0.9887108206748962]]], [-0.17128836059570313, 0.11909612274169921, 0.42059979248046875, 0.04574903541447521, 0.140019442498873, 0.23601639622691184, [[0.9627617597579956, -0.22738099098205566, 0.14624515175819397], [0.23154288530349731, 0.9727523326873779, -0.011865321546792984], [-0.13956236839294434, 0.04528550058603287, 0.9891772270202637]]], [-0.15825938415527344, 0.12822506713867188, 0.418499755859375, 0.06730765086342398, 0.1303682491211724, 0.24455163351130416, [[0.9620125889778137, -0.2330898940563202, 0.14212998747825623], [0.24006670713424683, 0.9701659679412842, -0.03385135158896446], [-0.1299992799758911, 0.06668610870838165, 0.9892690181732178]]], [-0.14943994140625, 0.13867683410644532, 0.41708514404296876, 0.05762933117650301, 0.13185437093816255, 0.24644574073195633, [[0.9613677263259888, -0.2362099438905716, 0.1413400024175644], [0.24184103310108185, 0.9700230360031128, -0.02383652701973915], [-0.131472647190094, 0.057097479701042175, 0.9896740913391113]]], [-0.13677482604980468, 0.14654794311523436, 0.4164160461425781, 0.0519032010876251, 0.12047246703761538, 0.22354781200577278, [[0.9680494070053101, -0.2153121531009674, 0.12853427231311798], [0.22008372843265533, 0.9751861691474915, -0.02398180589079857], [-0.12018126249313354, 0.051503874361515045, 0.9914150834083557]]], [-0.12246694183349609, 0.15250648498535158, 0.41473199462890625, 0.0681319131505752, 0.0990175325360303, 0.2255100671649241, [[0.9699059724807739, -0.216525137424469, 0.11135200411081314], [0.2225082814693451, 0.9739236831665039, -0.044302236288785934], [-0.09885580837726593, 0.06774574518203735, 0.9927930235862732]]], [-0.10975840759277344, 0.16255625915527344, 0.4138550109863281, 0.09526307586825787, 0.08081812667560917, 0.21736311027882377, [[0.9732822775840759, -0.20717944204807281, 0.09898608177900314], [0.21495163440704346, 0.9736981391906738, -0.0755498856306076], [-0.08073017746210098, 0.09480858594179153, 0.9922167062759399]]], [-0.09882958221435546, 0.16540415954589843, 0.41403195190429687, 0.06938143466202738, 0.05522671415742164, 0.2069078375108641, [[0.9771787524223328, -0.2011953443288803, 0.06813324987888336], [0.2051214724779129, 0.9771023392677307, -0.05653468891978264], [-0.05519864708185196, 0.06922008842229843, 0.9960731267929077]]], [-0.0850789794921875, 0.1683959503173828, 0.4145292053222656, 0.11582117769860134, 0.023023876444561386, 0.20052629544932876, [[0.9797021746635437, -0.1952434629201889, 0.04542768746614456], [0.19913232326507568, 0.973926305770874, -0.10869186371564865], [-0.023021843284368515, 0.11553177982568741, 0.9930369853973389]]], [-0.07460274505615234, 0.17007615661621095, 0.41601416015625, 0.12118378330678464, -0.007924905408676963, 0.2169230361640211, [[0.9765336513519287, -0.21458293497562408, 0.018335742875933647], [0.21521903574466705, 0.9691962003707886, -0.11974743008613586], [0.0079248221591115, 0.12088359892368317, 0.9926350712776184]]], [-0.06764762115478516, 0.1668798828125, 0.4172085876464844, 0.1064068284016002, -0.04725307500183429, 0.21001145891685558, [[0.9769368171691895, -0.21219849586486816, -0.023795457556843758], [0.2082384079694748, 0.9714511036872864, -0.1136641800403595], [0.04723549261689186, 0.1060875952243805, 0.9932342171669006]]], [-0.0602575798034668, 0.16104978942871093, 0.4179705200195313, 0.14476046869855458, -0.0650045382673079, 0.2313006665791057, [[0.9713132381439209, -0.23596706986427307, -0.029497861862182617], [0.22875957190990448, 0.9610399007797241, -0.15514938533306122], [0.06495876610279083, 0.14395073056221008, 0.9874505400657654]]], [-0.05665655517578125, 0.1590301513671875, 0.4195679626464844, 0.14345812415899542, -0.0751236387124945, 0.22615246088670196, [[0.971787691116333, -0.23238307237625122, -0.040333185344934464], [0.2235971987247467, 0.962119460105896, -0.1559823453426361], [0.07505299896001816, 0.1425633281469345, 0.9869360327720642]]], [-0.055973812103271486, 0.1529912109375, 0.42123922729492186, 0.09660699851798174, -0.07209013951718468, 0.21350494822484603, [[0.9747558832168579, -0.21768838167190552, -0.049626145511865616], [0.21133621037006378, 0.9712651968002319, -0.10945721715688705], [0.07202771306037903, 0.09620626270771027, 0.9927518963813782]]], [-0.05671158981323242, 0.144949462890625, 0.42271157836914064, 0.0971616188948792, -0.09887199300660021, 0.2278527572627951, [[0.9693960547447205, -0.2341492474079132, -0.07379316538572311], [0.22478310763835907, 0.9673960208892822, -0.11669378727674484], [0.09871098399162292, 0.09653504192829132, 0.9904227256774902]]], [-0.05950519561767578, 0.1408289794921875, 0.42497738647460936, 0.09603449924942878, -0.10634656492703032, 0.22891361427943277, [[0.968411386013031, -0.2357865422964096, -0.08114226907491684], [0.22563764452934265, 0.9671163558959961, -0.11736126989126205], [0.10614622384309769, 0.09534524381160736, 0.9897688031196594]]], [-0.0646177978515625, 0.1321654815673828, 0.42817337036132813, 0.02550016051993552, -0.09683120524159472, 0.23243937080372712, [[0.9685488939285278, -0.23267588019371033, -0.08817601948976517], [0.22927290201187134, 0.972223162651062, -0.04707488417625427], [0.09667995572090149, 0.02537795528769493, 0.9949919581413269]]], [-0.07335660552978515, 0.11965272521972656, 0.4319764099121094, 0.05150030275723949, -0.10022815260218776, 0.2331592208535157, [[0.9680584669113159, -0.23575755953788757, -0.08532983809709549], [0.22989283502101898, 0.9704611897468567, -0.0731731727719307], [0.10006042569875717, 0.05121919512748718, 0.9936621785163879]]], [-0.07744627380371094, 0.11741227722167968, 0.43449847412109377, 0.06533310436574753, -0.08101780289000193, 0.24637781705896405, [[0.9666211009025574, -0.24849647283554077, -0.06239493563771248], [0.24309276044368744, 0.9664445519447327, -0.08301106095314026], [0.08092919737100601, 0.06507248431444168, 0.9945933818817139]]], [-0.08625588226318359, 0.1079731674194336, 0.4381039428710938, 0.042366028303097644, -0.07668730341632934, 0.23709828206716338, [[0.9691668152809143, -0.23782631754875183, -0.06445392221212387], [0.23419275879859924, 0.9703893065452576, -0.05914721637964249], [0.07661215960979462, 0.042228877544403076, 0.9961662888526917]]], [-0.09200608062744141, 0.09914657592773438, 0.43901416015625, 0.08908039213117395, -0.06013490423590273, 0.23830870716723723, [[0.9699821472167969, -0.2403189241886139, -0.037168167531490326], [0.2356327772140503, 0.9666235446929932, -0.10057902336120605], [0.060098666697740555, 0.08880182355642319, 0.994234561920166]]], [-0.09925864410400391, 0.08973671722412109, 0.4401404418945313, 0.09415836139892182, -0.026216277519036213, 0.22372565485542223, [[0.974742591381073, -0.22328431904315948, -0.0045872642658650875], [0.2217877209186554, 0.9702116250991821, -0.0974661260843277], [0.026213275268673897, 0.09398698806762695, 0.9952282905578613]]], [-0.10580048370361328, 0.08058714294433594, 0.4400693664550781, 0.069845499371322, 0.00817774962002682, 0.24356365053587536, [[0.9704522490501404, -0.240020751953125, 0.024747373536229134], [0.24115455150604248, 0.9682561159133911, -0.06576155126094818], [-0.008177658542990685, 0.06978639215230942, 0.9975284337997437]]], [-0.10884934997558594, 0.07111082458496094, 0.4389076843261719, 0.07034732481709217, 0.036279076308164404, 0.2000294153366302, [[0.9794158339500427, -0.19570806622505188, 0.04942633584141731], [0.19856742024421692, 0.9781432747840881, -0.06169861927628517], [-0.0362711176276207, 0.07024306803941727, 0.9968702793121338]]], [-0.1116368637084961, 0.06688038635253907, 0.4383869323730469, 0.05418381407921287, 0.05840900726238196, 0.19800122390401098, [[0.9787896871566772, -0.1933216005563736, 0.06780452281236649], [0.1963745504617691, 0.9796447157859802, -0.041632913053035736], [-0.058375801891088486, 0.05406494811177254, 0.9968295693397522]]], [-0.11026335906982422, 0.057289398193359375, 0.437150634765625, 0.03869768483507488, 0.08413027838875298, 0.21607959270419066, [[0.9732908606529236, -0.2110661268234253, 0.09031031280755997], [0.21364372968673706, 0.9767112731933594, -0.019785411655902863], [-0.08403106778860092, 0.03855119273066521, 0.9957171082496643]]], [-0.10867133331298828, 0.05069533920288086, 0.43558563232421876, 0.05705015167601463, 0.11143797158531177, 0.20112345921587627, [[0.9737650156021118, -0.19323211908340454, 0.12017929553985596], [0.1985311359167099, 0.9795153737068176, -0.03369005769491196], [-0.11120747029781342, 0.056665532290935516, 0.9921804070472717]]], [-0.10667428588867188, 0.04851911926269531, 0.43534890747070315, 0.02220239765600468, 0.1229553994279704, 0.20253616359563903, [[0.9721643924713135, -0.19843757152557373, 0.12457502633333206], [0.19963568449020386, 0.9798658490180969, 0.0029178704135119915], [-0.12264582514762878, 0.022032970562577248, 0.9922059178352356]]], [-0.10096195220947266, 0.03928479766845703, 0.43389617919921875, 0.04139204726049457, 0.12139931623438782, 0.1938619976058023, [[0.9740455746650696, -0.18756763637065887, 0.1267029345035553], [0.1912321001291275, 0.9813924431800842, -0.017294887453317642], [-0.12110134214162827, 0.041075676679611206, 0.9917899370193481]]], [-0.09162525177001953, 0.03512646865844726, 0.4325286865234375, 0.07083372560349092, 0.12818250869393344, 0.21322763533792904, [[0.9693346619606018, -0.20224253833293915, 0.1396004557609558], [0.20987941324710846, 0.9768166542053223, -0.04218832030892372], [-0.12783177196979523, 0.07019386440515518, 0.989308774471283]]], [-0.083807373046875, 0.031001243591308594, 0.43313934326171877, 0.07878689647320648, 0.1325639207807463, 0.20820247860231028, [[0.9698197841644287, -0.19588202238082886, 0.14518889784812927], [0.2048879861831665, 0.9775192737579346, -0.049769461154937744], [-0.1321759968996048, 0.07801487296819687, 0.9881513714790344]]], [-0.07723333740234375, 0.02444830322265625, 0.43302322387695313, 0.05122245762011901, 0.11069621378035821, 0.18930211434629876, [[0.9761245846748352, -0.18237167596817017, 0.11798901110887527], [0.18702179193496704, 0.9819119572639465, -0.029525097459554672], [-0.11047028005123138, 0.05088668689131737, 0.9925758838653564]]], [-0.06760440826416016, 0.020630847930908202, 0.4350156860351562, 0.08125481629430323, 0.10103679619285666, 0.18364987923493795, [[0.9781695604324341, -0.17396767437458038, 0.11366398632526398], [0.18168795108795166, 0.9814348816871643, -0.061441414058208466], [-0.10086497664451599, 0.08075150102376938, 0.9916176199913025]]], [-0.05940976333618164, 0.017993888854980468, 0.436456787109375, 0.03544827718805982, 0.0700619923470478, 0.18168720733952892, [[0.9811272621154785, -0.17813555896282196, 0.07521295547485352], [0.18024598062038422, 0.9833706617355347, -0.022216355428099632], [-0.07000468671321869, 0.03535390645265579, 0.9969199895858765]]], [-0.051821231842041016, 0.01086127471923828, 0.43868820190429686, 0.04399475107167236, 0.061162799470309226, 0.1903085932753151, [[0.9801098108291626, -0.1863391250371933, 0.06828249245882034], [0.18880821764469147, 0.9815042614936829, -0.031635258346796036], [-0.06112467125058174, 0.0438983216881752, 0.9971643090248108]]], [-0.045090160369873046, 0.0056224665641784665, 0.4419786376953125, 0.052762926987830895, 0.015486010631381886, 0.17073401803468038, [[0.9853421449661255, -0.16886448860168457, 0.02419956773519516], [0.16988536715507507, 0.9842276573181152, -0.049344252794981], [-0.015485391020774841, 0.05273212492465973, 0.9984886050224304]]], [-0.041958900451660154, 0.0035808467864990234, 0.4448654479980469, 0.027963270968631368, -0.00461128743475725, 0.16929829243032435, [[0.9856927394866943, -0.16855193674564362, 0.0001673694932833314], [0.16848891973495483, 0.9852961897850037, -0.028336547315120697], [0.004611270967870951, 0.02795933000743389, 0.9995984435081482]]], [-0.039058906555175785, -0.005546375751495362, 0.4481372985839844, 0.01964570633337724, -0.030527548348184608, 0.16558291573168066, [[0.9858629107475281, -0.16538690030574799, -0.026861580088734627], [0.16475050151348114, 0.9860332608222961, -0.02440577559173107], [0.03052280656993389, 0.019635289907455444, 0.9993411898612976]]], [-0.03900168991088867, -0.011395600318908692, 0.45016748046875, 0.06841792277491648, -0.031009699785691902, 0.16354830388608668, [[0.9861814379692078, -0.16453059017658234, -0.019388295710086823], [0.16274189949035645, 0.9840022921562195, -0.07248867303133011], [0.031004730612039566, 0.06833168864250183, 0.9971807599067688]]], [-0.04138763427734375, -0.018885658264160155, 0.4535096435546875, 0.0894718636896999, -0.04893283692830441, 0.18870621519637665, [[0.9810720086097717, -0.1911308318376541, -0.03109132871031761], [0.18736369907855988, 0.9774989485740662, -0.0969051867723465], [0.04891331121325493, 0.08924558758735657, 0.9948078989982605]]], [-0.04456726455688476, -0.028118154525756837, 0.45534835815429686, 0.05299490736015136, -0.07114771253697061, 0.15623693833584304, [[0.9853206872940063, -0.15910330414772034, -0.06188099831342697], [0.15520842373371124, 0.9858471155166626, -0.06337078660726547], [0.07108770310878754, 0.0528360940515995, 0.9960697293281555]]], [-0.049186595916748045, -0.03447813415527344, 0.4583296813964844, 0.08024746472050676, -0.04459923328066617, 0.17744849532584872, [[0.9833185076713562, -0.17946848273277283, -0.029593147337436676], [0.1763431876897812, 0.9804988503456116, -0.08674727380275726], [0.044584449380636215, 0.08008165657520294, 0.9957907199859619]]], [-0.054605865478515626, -0.04021784210205078, 0.45955963134765626, 0.038062792611046926, -0.05474606000744431, 0.15860914654028427, [[0.9859685301780701, -0.1598866730928421, -0.04798237234354019], [0.1577083319425583, 0.9864038228988647, -0.04621223732829094], [0.05471871793270111, 0.03799659013748169, 0.997778594493866]]], [-0.06359886550903321, -0.049857421875, 0.4620349426269531, 0.019463425954171006, -0.047197859917172735, 0.14085608143309758, [[0.9889935851097107, -0.14127331972122192, -0.04397191107273102], [0.14023442566394806, 0.9897797107696533, -0.025891875848174095], [0.04718033969402313, 0.01944052428007126, 0.9986972212791443]]], [-0.071756103515625, -0.05590673065185547, 0.4644660949707031, 0.0417580672446404, -0.019371345800710538, 0.14122170973484083, [[0.9898590445518494, -0.14143064618110657, -0.01328472699970007], [0.14072635769844055, 0.9890679121017456, -0.044054366648197174], [0.01937013491988182, 0.04173810034990311, 0.9989408254623413]]], [-0.07790393829345703, -0.05762002563476563, 0.46576580810546875, -0.002805556976702789, 0.00765027064145718, 0.13159940758131697, [[0.9913243055343628, -0.13124065101146698, 0.007215872872620821], [0.13121604919433594, 0.9913465976715088, 0.0037851484958082438], [-0.007650196086615324, -0.0028054711874574423, 0.9999668002128601]]], [-0.08225033569335938, -0.06512275695800782, 0.46614013671875, 0.0035818067276535276, 0.039440678565097365, 0.1390218194621058, [[0.989581823348999, -0.13843367993831635, 0.03954612463712692], [0.13846667110919952, 0.9903652667999268, 0.0019167759455740452], [-0.03943045437335968, 0.003579013515263796, 0.9992159008979797]]], [-0.08651696014404296, -0.06785610961914063, 0.46592111206054687, 0.0303838811588603, 0.07338510697802425, 0.1215942722600064, [[0.9899449348449707, -0.11902794241905212, 0.07642915844917297], [0.12096840143203735, 0.9924285411834717, -0.021265758201479912], [-0.07331925630569458, 0.03029744140803814, 0.9968482255935669]]], [-0.08836095428466798, -0.06714537811279297, 0.4658672790527344, 0.0015467902419532484, 0.09256402933038199, 0.10813689744052388, [[0.989902913570404, -0.10778400301933289, 0.09205882996320724], [0.10746423900127411, 0.9941731691360474, 0.00843806378543377], [-0.09243190288543701, 0.001540167722851038, 0.9957178235054016]]], [-0.08670818328857421, -0.07150844573974609, 0.46480654907226565, 0.013280139678352024, 0.11981784144129715, 0.13581428252071803, [[0.9836878776550293, -0.13381247222423553, 0.12021823972463608], [0.13442640006542206, 0.9909189343452454, 0.0030253150034695864], [-0.11953135579824448, 0.013184539042413235, 0.9927428960800171]]], [-0.08281124877929688, -0.07006324768066406, 0.4642171936035156, 0.041912381605172036, 0.14388231953485442, 0.12726310798873697, [[0.9816633462905884, -0.12084908783435822, 0.14741986989974976], [0.12560836970806122, 0.9918044209480286, -0.02337866649031639], [-0.14338639378547668, 0.041467148810625076, 0.988797664642334]]], [-0.07783040618896485, -0.06663863372802735, 0.465059814453125, -0.003946448679803108, 0.16192884736381608, 0.12040988596930945, [[0.9797723293304443, -0.12074984610080719, 0.15957950055599213], [0.11854775249958038, 0.9926753044128418, 0.023283574730157852], [-0.16122211515903473, -0.0038948117289692163, 0.9869104623794556]]], [-0.06842172241210938, -0.06814039611816407, 0.4652967224121094, 0.0030834266860053014, 0.1703111451953483, 0.1088568762425684, [[0.979698657989502, -0.10812198370695114, 0.16881997883319855], [0.107070192694664, 0.9941329956054688, 0.01534836832433939], [-0.16948899626731873, 0.0030388112645596266, 0.9855273962020874]]], [-0.05713459396362305, -0.0657642822265625, 0.46564999389648437, 0.03018066240190155, 0.17767899798659514, 0.11530404951867944, [[0.9777209758758545, -0.10969825834035873, 0.17896373569965363], [0.11323746293783188, 0.9935210943222046, -0.00965061318129301], [-0.17674559354782104, 0.029701005667448044, 0.9838083386421204]]], [-0.048659454345703124, -0.06184174346923828, 0.46744149780273436, -0.004692605483261697, 0.16788524426925933, 0.10799056083790161, [[0.9801969528198242, -0.10855915397405624, 0.1656167060136795], [0.10626542568206787, 0.9940792322158813, 0.02267497591674328], [-0.16709770262241364, -0.004626612178981304, 0.9859294891357422]]], [-0.0366004524230957, -0.06332771301269531, 0.4693082275390625, 0.02332908404511768, 0.164562698481711, 0.10279423503514404, [[0.9812827110290527, -0.09878410398960114, 0.1653055101633072], [0.10122700035572052, 0.9948427677154541, -0.006398198660463095], [-0.16382095217704773, 0.023011822253465652, 0.9862216711044312]]], [-0.021331911087036134, -0.06028597640991211, 0.47160275268554686, 0.041318099709931416, 0.14682727399830875, 0.09701726197497443, [[0.9845883250236511, -0.0907677561044693, 0.14948917925357819], [0.09582289308309555, 0.9950334429740906, -0.026952799409627914], [-0.1463002860546112, 0.04086189717054367, 0.9883959293365479]]], [-0.007836517333984374, -0.05811235809326172, 0.47425271606445313, 0.03615747044891471, 0.11688722543840924, 0.12008343103703936, [[0.9860242605209351, -0.11553128808736801, 0.120036281645298], [0.1189776137471199, 0.9926548004150391, -0.02192775160074234], [-0.1166212409734726, 0.035902924835681915, 0.9925273060798645]]], [0.005494115352630616, -0.05745426177978516, 0.47819204711914065, -0.0016277004144313323, 0.09047102339684376, 0.07879575746847167, [[0.9928202033042908, -0.07886074483394623, 0.08993908762931824], [0.07839232683181763, 0.9968843460083008, 0.008734287694096565], [-0.09034765511751175, -0.0016210427274927497, 0.9959089756011963]]], [0.017390411376953126, -0.059320213317871094, 0.480732421875, 0.041586512857436655, 0.07813512073336049, 0.08081305566908847, [[0.9936953783035278, -0.07742079347372055, 0.08108974248170853], [0.08047883212566376, 0.9961366057395935, -0.03514324128627777], [-0.07805564254522324, 0.04144768416881561, 0.9960870742797852]]], [0.02562061882019043, -0.05719401168823242, 0.4842233581542969, 0.028890056650001657, 0.05079328397194338, 0.07447976916656471, [[0.9959415197372437, -0.07291735708713531, 0.05275899916887283], [0.07431495934724808, 0.996920645236969, -0.025029581040143967], [-0.05077144503593445, 0.028848784044384956, 0.9982935190200806]]], [0.03565838241577148, -0.06055008697509766, 0.4875649108886719, 0.020881176324218556, 0.03863170805594218, 0.08301205433699811, [[0.9958129525184631, -0.08209503442049026, 0.040211986750364304], [0.08285488188266754, 0.996406078338623, -0.017606038600206375], [-0.03862209990620613, 0.020864080637693405, 0.9990360736846924]]], [0.04566177368164062, -0.06122159957885742, 0.49177215576171873, 0.030293496463749247, 0.015267985047200616, 0.07729140924970879, [[0.9968982934951782, -0.07671799510717392, 0.01755356602370739], [0.07720547914505005, 0.9965927600860596, -0.029020113870501518], [-0.015267391689121723, 0.03028533235192299, 0.9994246959686279]]], [0.050295646667480466, -0.06015633773803711, 0.49456884765625, 0.04645636221414085, 0.016185596251574008, 0.0764120131298373, [[0.9969514012336731, -0.07550588995218277, 0.019665347412228584], [0.07632767409086227, 0.9960636496543884, -0.04506995901465416], [-0.016184888780117035, 0.046433571726083755, 0.9987902641296387]]], [0.05620012283325195, -0.061888565063476564, 0.4973421630859375, -0.011731093456749463, 0.013110879112639084, 0.07163850888280512, [[0.9973493218421936, -0.07172572612762451, 0.012236315757036209], [0.07157109677791595, 0.9973554015159607, 0.012639084830880165], [-0.013110503554344177, -0.011729815974831581, 0.9998452663421631]]], [0.06233130645751953, -0.06272504043579101, 0.5000576171875, 0.02365511956642937, 0.017710918740750703, 0.08307106569095116, [[0.9963952898979187, -0.08253489434719086, 0.01960659772157669], [0.08296254277229309, 0.9963075518608093, -0.02210226282477379], [-0.017709992825984955, 0.023649204522371292, 0.999563455581665]]], [0.06398504638671874, -0.06111062240600586, 0.5027510070800781, -0.006626688827319857, 0.014371480770280609, 0.07492698504821202, [[0.9970912933349609, -0.0749502182006836, 0.013834300450980663], [0.07484916597604752, 0.9971652626991272, 0.007683791685849428], [-0.014370986260473728, -0.0066259559243917465, 0.9998747706413269]]], [0.06913661193847656, -0.0650758056640625, 0.5054656982421875, 0.015159434050032197, 0.016001780145545652, 0.07455477430365215, [[0.9970943927764893, -0.07423528283834457, 0.01708393171429634], [0.07447618991136551, 0.9971255660057068, -0.01392502710223198], [-0.016001097857952118, 0.015156912617385387, 0.9997571110725403]]], [0.07445707702636718, -0.06447867584228516, 0.5077650756835937, 0.033899383101636364, 0.026624900969432597, 0.09387233133529385, [[0.9952443838119507, -0.09278235584497452, 0.029666252434253693], [0.0937013030052185, 0.9951097965240479, -0.031249724328517914], [-0.026621755212545395, 0.03388087823987007, 0.9990712404251099]]], [0.07693638610839844, -0.06187957763671875, 0.5101803283691406, 0.00547910268910155, 0.04809820851743751, 0.0663263167954385, [[0.9966472387313843, -0.06601385027170181, 0.048336368054151535], [0.06620104610919952, 0.9978036880493164, -0.0022804662585258484], [-0.04807966575026512, 0.005472738761454821, 0.9988285303115845]]], [0.08196402740478516, -0.0640992431640625, 0.5119562377929687, 0.003412984015151943, 0.04646831260646134, 0.06253339940731777, [[0.9969680905342102, -0.06233406066894531, 0.04657381400465965], [0.062425192445516586, 0.9980494976043701, -0.0005034402129240334], [-0.046451590955257416, 0.003409293247386813, 0.9989147186279297]]], [0.09164654541015625, -0.06321431732177735, 0.5134681396484375, 0.02254157006631373, 0.07674861087175655, 0.08034083124068556, [[0.9938401579856873, -0.07851142436265945, 0.07821546494960785], [0.08001818507909775, 0.9966598749160767, -0.016315149143338203], [-0.07667328417301178, 0.02247331105172634, 0.9968029856681824]]], [0.0991124496459961, -0.05973198699951172, 0.5150867309570313, 0.0337405363814878, 0.09589789007845861, 0.07874073529875582, [[0.9923211336135864, -0.07539455592632294, 0.0980534702539444], [0.07829798012971878, 0.9965882301330566, -0.026102185249328613], [-0.09575097262859344, 0.03357913717627525, 0.9948387742042542]]], [0.10586876678466797, -0.060733734130859376, 0.5162868041992188, 0.0009241414670674228, 0.095147257059643, 0.07985756303680028, [[0.9923043847084045, -0.07968515902757645, 0.09477467089891434], [0.07941189408302307, 0.9968196749687195, 0.006657508201897144], [-0.09500376135110855, 0.0009199613705277443, 0.995476484298706]]], [0.11492600250244141, -0.05756216049194336, 0.5177018432617188, 0.03389514613326564, 0.10974065159400404, 0.08832582948650894, [[0.9901098012924194, -0.08446332812309265, 0.11202027648687363], [0.0876803994178772, 0.9958570599555969, -0.02410118281841278], [-0.10952051728963852, 0.03368480131030083, 0.9934136271476746]]], [0.12724786376953126, -0.053759040832519533, 0.5191477661132813, -0.00876897305561547, 0.11383832022779505, 0.07172259757462544, [[0.9909731149673462, -0.07265188544988632, 0.11266782134771347], [0.07119728624820709, 0.9973192811012268, 0.01688617654144764], [-0.11359260231256485, -0.008712103590369225, 0.9934892058372498]]], [0.1387858428955078, -0.054839282989501956, 0.5199369506835938, 0.01443667938017676, 0.11941924729442599, 0.045125596645593055, [[0.9918672442436218, -0.04338746890425682, 0.11965315043926239], [0.04478900879621506, 0.998955488204956, -0.009047800675034523], [-0.11913561075925827, 0.014333363622426987, 0.9927745461463928]]], [0.1542495880126953, -0.05148653030395508, 0.5212957763671875, 0.022680918285037377, 0.11630054276728319, 0.08040096688481244, [[0.990036129951477, -0.07767058163881302, 0.1174553856253624], [0.07977182418107986, 0.996724545955658, -0.013288545422255993], [-0.11603854596614838, 0.022525770589709282, 0.9929892420768738]]], [0.16299482727050782, -0.04750197219848633, 0.5228994140625, -0.010570312110400285, 0.11428477369090984, 0.08887621325728333, [[0.9895554780960083, -0.0899549126625061, 0.11264152824878693], [0.08818024396896362, 0.9958904981613159, 0.02064959518611431], [-0.11403615772724152, -0.010501162149012089, 0.9934210777282715]]], [0.17864582824707032, -0.04722443008422852, 0.5261070556640625, -0.006193965407238822, 0.09182638699394374, 0.08710935752361805, [[0.9920112490653992, -0.08756338059902191, 0.09080909192562103], [0.08663269877433777, 0.9961398839950562, 0.014147890731692314], [-0.09169739484786987, -0.006167830433696508, 0.9957678318023682]]], [0.19018490600585938, -0.04544725036621094, 0.5282608642578125, 0.024184367948433764, 0.07732270076950498, 0.07779209538166591, [[0.9939968585968018, -0.07582862675189972, 0.0788688138127327], [0.0774814561009407, 0.9968293309211731, -0.018107589334249496], [-0.07724567502737045, 0.02410975657403469, 0.996720552444458]]], [0.198372802734375, -0.042280281066894534, 0.5311177368164063, 0.0021242634880846295, 0.06976003267464193, 0.07914231266357093, [[0.994445264339447, -0.07891193777322769, 0.06965307146310806], [0.07886742800474167, 0.9968793392181396, 0.0033931115176528692], [-0.06970346719026566, 0.0021190952975302935, 0.997565507888794]]], [0.2093037567138672, -0.043280624389648435, 0.5343172607421875, -0.0006639191389241697, 0.0490510305226608, 0.08498054467498367, [[0.9951928853988647, -0.08491071313619614, 0.04879806190729141], [0.08477620780467987, 0.99638831615448, 0.004823220893740654], [-0.04903136193752289, -0.0006631205324083567, 0.9987969994544983]]], [0.21611940002441407, -0.04120799255371094, 0.537048583984375, 0.0368880616835089, 0.042062125118464744, 0.08421583572676128, [[0.9955745935440063, -0.08251381665468216, 0.044974375516176224], [0.08404192328453064, 0.9959084987640381, -0.03321433067321777], [-0.042049724608659744, 0.0368470773100853, 0.9984358549118042]]], [0.2238483428955078, -0.04071955108642578, 0.5417449340820313, 0.012087168571464593, 0.015470726939374346, 0.09688542768883218, [[0.9951911568641663, -0.09654074907302856, 0.01656564511358738], [0.09672234952449799, 0.9952556490898132, -0.010533815249800682], [-0.01547010987997055, 0.012085427530109882, 0.9998072981834412]]], [0.22975680541992188, -0.043282379150390626, 0.5449391479492187, 0.008097237252965815, -0.006329887387045208, 0.09334786734696068, [[0.9956263303756714, -0.09326033294200897, -0.0055473255924880505], [0.09321048855781555, 0.9956088066101074, -0.008651896379888058], [0.006329845171421766, 0.008096986450254917, 0.999947190284729]]], [0.23547010803222657, -0.04280729293823242, 0.54909912109375, 0.050695833580610306, -0.006151409984301859, 0.10211313794440965, [[0.9947721362113953, -0.10211490094661713, -0.0009459609864279628], [0.10193384438753128, 0.9934811592102051, -0.051036398857831955], [0.006151371169835329, 0.05067316070199013, 0.9986963272094727]]], [0.23673631286621094, -0.0418377685546875, 0.550792236328125, -0.025273644247242363, -0.012774911151286927, 0.07040192117511665, [[0.9974414110183716, -0.06999928504228592, -0.014516503550112247], [0.07033804059028625, 0.9972269535064697, 0.024310028180480003], [0.012774563394486904, -0.02526889182627201, 0.999599039554596]]], [0.23946649169921874, -0.04368109130859375, 0.5534454345703125, 0.006057839271401119, -0.001370537539314931, 0.0788565335742354, [[0.9968914985656738, -0.07878166437149048, -0.0008890506578609347], [0.07877475768327713, 0.9968734979629517, -0.006146939005702734], [0.001370537094771862, 0.006057796534150839, 0.9999806880950928]]], [0.24080874633789062, -0.04082373046875, 0.5552794189453125, -0.007046853346260228, -0.0021218826597451113, 0.08417709153066036, [[0.9964569807052612, -0.08406072854995728, -0.002706793835386634], [0.08407752960920334, 0.9964357018470764, 0.006843445356935263], [0.002121881116181612, -0.007046779152005911, 0.999972939491272]]], [0.241029541015625, -0.041807327270507816, 0.5576721801757812, -0.015064525778343052, 0.004763541536848326, 0.08084823598433134, [[0.9967222809791565, -0.08082254976034164, 0.003530857153236866], [0.08075927197933197, 0.9966146945953369, 0.015399410389363766], [-0.004763523582369089, -0.015063785016536713, 0.9998751878738403]]], [0.24211859130859376, -0.04056312561035156, 0.5602173461914063, 0.001974223273315444, 0.007628777445937596, 0.08848431894265318, [[0.9960588216781616, -0.0883537232875824, 0.007773303426802158], [0.08836632966995239, 0.9960871934890747, -0.001292359665967524], [-0.007628703489899635, 0.0019741645082831383, 0.999968945980072]]], [0.24350576782226563, -0.03742357635498047, 0.5617617797851563, -0.007974044348147115, 0.020117067531899124, 0.09381790299582843, [[0.9954009056091309, -0.09383705258369446, 0.019279608502984047], [0.09366138279438019, 0.9955556392669678, 0.009823279455304146], [-0.02011571079492569, -0.007972346618771553, 0.9997658729553223]]], [0.2450302276611328, -0.038026596069335936, 0.5634121704101562, -0.018518908452670083, 0.02955805831600733, 0.08010286925613398, [[0.9963580965995789, -0.08054903149604797, 0.02797219157218933], [0.07998228073120117, 0.9965787529945374, 0.020822877064347267], [-0.02955375425517559, -0.01850976049900055, 0.9993917942047119]]], [0.2469554901123047, -0.034695423126220704, 0.5647337646484375, 0.0027150855107401298, 0.05584712828120342, 0.0841732690739056, [[0.9949060082435608, -0.08392258733510971, 0.05584854260087013], [0.08394283056259155, 0.9964686036109924, 0.0019873592536896467], [-0.0558181032538414, 0.002710849279537797, 0.9984372854232788]]], [0.25121713256835937, -0.030772192001342773, 0.5664400634765625, 0.005795927827087564, 0.06448532152185393, 0.07115023923868252, [[0.9953966736793518, -0.0707164853811264, 0.0646885484457016], [0.0709424614906311, 0.9974796772003174, -0.0012002085568383336], [-0.06444063782691956, 0.0057838489301502705, 0.9979047775268555]]], [0.2557584533691406, -0.02875094223022461, 0.5677876586914062, -0.02275987575106686, 0.0647203756163719, 0.08903327984407558, [[0.9939538240432739, -0.09035871177911758, 0.062378812581300735], [0.08872954547405243, 0.9956502914428711, 0.028416922315955162], [-0.06467520445585251, -0.02271026372909546, 0.9976479411125183]]], [0.26017852783203127, -0.026137184143066407, 0