{"amplitude": 0.08366017383706514, "frequency": 0.018329069519531175, "seed": 1762493149, "time_interval": 0.05, "pid_gains": {"pid_rate": {"roll_kp": "50.0", "roll_ki": "0.0", "roll_kd": "0.0", "pitch_kp": "50.0", "pitch_ki": "0.0", "pitch_kd": "0.0", "yaw_kp": "80.0", "yaw_ki": "0.0", "yaw_kd": "0.0"}, "pid_attitude": {"roll_kp": "8.0", "roll_ki": "0.0", "roll_kd": "0.20000000298023224", "pitch_kp": "8.0", "pitch_ki": "0.0", "pitch_kd": "1.0", "yaw_kp": "10.0", "yaw_ki": "0.0", "yaw_kd": "0.3499999940395355"}, "velCtlPid": {"vxKp": "15.0", "vxKi": "1.0", "vxKd": "0.0", "vyKp": "10.0", "vyKi": "1.0", "vyKd": "0.0", "vzKp": "12.5", "vzKi": "0.5", "vzKd": "0.0"}, "posCtlPid": {"xKp": "1.5", "xKi": "0.0", "xKd": "0.0", "yKp": "1.5", "yKi": "0.0", "yKd": "0.0", "zKp": "5.0", "zKi": "0.5", "zKd": "0.0"}}, "mocap_pose": [[-0.012271108627319336, 0.026246442794799804, 0.25796902465820315, 0.01930625116759499, 0.041588586713463105, 0.15816182439358217, [[0.9866645932197571, -0.15668126940727234, 0.04409061744809151], [0.1573670506477356, 0.9874608516693115, -0.012516866438090801], [-0.04157659783959389, 0.019288359209895134, 0.9989491105079651]]], [-0.01218938159942627, 0.026308338165283204, 0.258158203125, 0.019253218559750943, 0.03879582963279238, 0.15813829513009414, [[0.9867790937423706, -0.15671342611312866, 0.041326843202114105], [0.15736150741577148, 0.987456738948822, -0.012904902920126915], [-0.03878609836101532, 0.019237542524933815, 0.9990623593330383]]], [-0.01252890682220459, 0.026197534561157226, 0.2579249267578125, 0.01711750500046834, 0.03532401334266, 0.15506032283542603, [[0.9873858690261841, -0.15381982922554016, 0.037531327456235886], [0.1543433517217636, 0.98795086145401, -0.01145781110972166], [-0.03531666845083237, 0.017105991020798683, 0.9992297887802124]]], [-0.012227272987365723, 0.026195974349975587, 0.2582333984375, 0.02137311864672034, 0.039896212553589994, 0.17211982935660078, [[0.9844399094581604, -0.17039230465888977, 0.04294762387871742], [0.17113494873046875, 0.9851449131965637, -0.014226003549993038], [-0.03988562896847725, 0.02135448530316353, 0.9989760518074036]]], [-0.011689104080200196, 0.026275466918945313, 0.25803765869140627, 0.019781667852964327, 0.04057240791866756, 0.20275937690149975, [[0.9787085652351379, -0.20054766535758972, 0.04370582476258278], [0.2012072205543518, 0.9794845581054688, -0.011208823882043362], [-0.04056127741932869, 0.019764099270105362, 0.9989815354347229]]], [-0.010920310020446777, 0.025303730010986326, 0.2616303100585938, 0.046802621224457275, 0.058439508919250205, 0.2522285313898541, [[0.9667055606842041, -0.24664320051670074, 0.06817218661308289], [0.2491365671157837, 0.9679802060127258, -0.03074512630701065], [-0.058406248688697815, 0.046705666929483414, 0.9971997141838074]]], [-0.01420891761779785, 0.02825531005859375, 0.27546575927734374, 0.056067886434486354, 0.0012348847564147558, 0.17879182317587158, [[0.9840584993362427, -0.17749322950839996, 0.011179223656654358], [0.17784065008163452, 0.9825252294540405, -0.05492595210671425], [-0.001234884257428348, 0.056038472801446915, 0.9984278678894043]]], [-0.01452115535736084, 0.030602720260620116, 0.2934400939941406, 0.10631071385930539, -0.01617913292432438, 0.12519672875129617, [[0.9920432567596436, -0.12586821615695953, -0.0027111577801406384], [0.12485358119010925, 0.9863572716712952, -0.10728885233402252], [0.016178427264094353, 0.10609668493270874, 0.9942241907119751]]], [-0.015791278839111328, 0.03536527633666992, 0.3215352783203125, 0.029048901436469127, -0.0630900834695789, 0.11547089694055912, [[0.9913643598556519, -0.11698488146066666, -0.05925557389855385], [0.11498524248600006, 0.9927105903625488, -0.03611240163445473], [0.06304823607206345, 0.028987029567360878, 0.9975894093513489]]], [-0.016542980194091797, 0.034942935943603516, 0.3410029907226563, -0.024734637587224745, -0.08701802862544983, 0.10798914455910458, [[0.9904131889343262, -0.10560950636863708, -0.08904118090867996], [0.10737157613039017, 0.994102418422699, 0.015223994851112366], [0.0869082510471344, -0.02463853731751442, 0.9959115982055664]]], [-0.023423437118530274, 0.04030121994018555, 0.3622616882324219, 0.0362232963507961, -0.06485181026169351, 0.053574908110687186, [[0.9964661002159119, -0.05585777387022972, -0.06273161619901657], [0.05343671515583992, 0.9977844953536987, -0.039631471037864685], [0.06480636447668076, 0.036139246076345444, 0.9972432255744934]]], [-0.025570871353149414, 0.043419662475585936, 0.3765256042480469, -0.0059475262319160435, -0.10555813506764933, 0.09890675569176827, [[0.9895738363265991, -0.09812024980783463, -0.10543271154165268], [0.09819594770669937, 0.99515700340271, -0.004485444165766239], [0.10536221414804459, -0.005914386827498674, 0.9944162964820862]]], [-0.031031562805175782, 0.04277127456665039, 0.3863192138671875, 0.02219109227489975, -0.07778194021447216, 0.07704129212625575, [[0.9940192699432373, -0.07866522669792175, -0.07574617117643356], [0.07673239707946777, 0.9966555833816528, -0.028102440759539604], [0.07770353555679321, 0.022122181951999664, 0.9967310428619385]]], [-0.03861131286621094, 0.04229572677612305, 0.39540618896484375, 0.034233492242951795, -0.10266398540621458, 0.09379293810866798, [[0.9903624653816223, -0.0970928817987442, -0.0987679734826088], [0.09316235035657883, 0.9946928024291992, -0.04366890713572502], [0.10248373448848724, 0.03404659032821655, 0.9941518306732178]]], [-0.04629962158203125, 0.04192722702026367, 0.3987275695800781, 0.017381566667449708, -0.12687240898332464, 0.09774688061363225, [[0.9872274398803711, -0.09976527839899063, -0.1242130920290947], [0.09680691361427307, 0.9948616027832031, -0.02964431419968605], [0.12653231620788574, 0.017240993678569794, 0.9918126463890076]]], [-0.05546437072753906, 0.04323917770385742, 0.40070849609375, 0.027734914819513387, -0.1296842232715807, 0.10158098444977641, [[0.9864911437034607, -0.10493513941764832, -0.12579277157783508], [0.10055484622716904, 0.9940988421440125, -0.04069733992218971], [0.12932102382183075, 0.02749849297106266, 0.9912214279174805]]], [-0.06620426940917969, 0.04297566223144531, 0.4020120849609375, 0.018985887699753602, -0.12414696970493422, 0.07341633531543626, [[0.9896306395530701, -0.07568170130252838, -0.12207995355129242], [0.0727858692407608, 0.996954083442688, -0.02801482565701008], [0.12382831424474716, 0.018838634714484215, 0.9921247959136963]]], [-0.0787603530883789, 0.0390081901550293, 0.4016626892089844, 0.0274542146212068, -0.11355779548695932, 0.04912692105530593, [[0.992360532283783, -0.05219545587897301, -0.11178649961948395], [0.04879087582230568, 0.9982643723487854, -0.03298007324337959], [0.11331389099359512, 0.027273962274193764, 0.9931848049163818]]], [-0.09062214660644531, 0.03967878341674805, 0.4012432861328125, 0.04134293441602651, -0.10532763280830659, 0.0772003021082131, [[0.991496205329895, -0.08139006793498993, -0.10154268145561218], [0.0766962319612503, 0.995834469795227, -0.04930936545133591], [0.10513298958539963, 0.04110210761427879, 0.9936084151268005]]], [-0.10262978363037109, 0.040279388427734375, 0.40261407470703126, 0.02115945975279721, -0.08501056222066472, 0.06580572939086671, [[0.994232177734375, -0.0675361156463623, -0.08331415802240372], [0.06552077829837799, 0.997494101524353, -0.026694251224398613], [0.08490820974111557, 0.021081475540995598, 0.9961657524108887]]], [-0.11675069427490234, 0.03773705673217773, 0.4010210266113281, 0.007154918374820938, -0.08951542596279638, 0.057133959481044855, [[0.9943709969520569, -0.0577399916946888, -0.08883921056985855], [0.05687424913048744, 0.9983062148094177, -0.012247816659510136], [0.0893959254026413, 0.00712621072307229, 0.9959706664085388]]], [-0.13155426025390626, 0.040373035430908207, 0.39973773193359374, -0.0032468284082083666, -0.08155468922688014, 0.023975068034282315, [[0.9963898062705994, -0.023708220571279526, -0.08151830732822418], [0.023893091827630997, 0.999713659286499, 0.001292974455282092], [0.08146431297063828, -0.003236031159758568, 0.9966710209846497]]], [-0.1440159454345703, 0.042148319244384766, 0.40080392456054686, 0.0064288288088745794, -0.05849030544771905, 0.05423849242527677, [[0.9968218803405762, -0.05458603799343109, -0.05802127346396446], [0.05411919578909874, 0.9984884262084961, -0.009588328190147877], [0.05845696106553078, 0.0064177908934652805, 0.9982693195343018]]], [-0.15449281311035157, 0.04427449417114258, 0.39955267333984373, -0.022953177614912113, -0.05338512300036413, 0.03857011217452368, [[0.9978326559066772, -0.0373266339302063, -0.054191045463085175], [0.038505613803863525, 0.9990402460098267, 0.02087705209851265], [0.05335976928472519, -0.022918464615941048, 0.9983122944831848]]], [-0.16716729736328126, 0.0501806640625, 0.3988316955566406, -0.03586856564742298, -0.030426045015670145, 0.02674012862140844, [[0.9991798400878906, -0.02562919817864895, -0.031349726021289825], [0.026724567636847496, 0.9990286827087402, 0.03503520414233208], [0.03042135015130043, -0.03584427759051323, 0.9988942742347717]]], [-0.1777950439453125, 0.05596346282958985, 0.3999688720703125, -0.042258843140798925, -0.00821673334391071, 0.044720296656489404, [[0.9989665150642395, -0.044318705797195435, -0.010089733637869358], [0.044703882187604904, 0.998123824596405, 0.04183702915906906], [0.008216640911996365, -0.042244840413331985, 0.9990735054016113]]], [-0.18749729919433594, 0.06513424682617187, 0.39738729858398436, -0.03583881372630291, 0.009260590299862814, 0.030011460142272843, [[0.9995068311691284, -0.030319349840283394, 0.008175160735845566], [0.030005669221282005, 0.998897910118103, 0.03609270602464676], [-0.009260457940399647, -0.035829607397317886, 0.9993150234222412]]], [-0.19654928588867188, 0.07362847137451171, 0.39543417358398436, -0.04232967882889399, 0.029191912699307654, 0.02704894560753031, [[0.9992083311080933, -0.028256108984351158, 0.02800646238029003], [0.027034124359488487, 0.9987053275108337, 0.043090254068374634], [-0.029187766835093498, -0.04229900985956192, 0.9986785650253296]]], [-0.20543174743652343, 0.0869332046508789, 0.3939521789550781, -0.030727861238120466, 0.05047478766178992, 0.03495879593844524, [[0.9981161952018738, -0.036484308540821075, 0.04932490736246109], [0.03490716218948364, 0.9988630414009094, 0.03246685117483139], [-0.05045335739850998, -0.03068389743566513, 0.9982549548149109]]], [-0.209282958984375, 0.09300514221191407, 0.3937467346191406, 0.024285447658724698, 0.06782379635372404, 0.021805951001200117, [[0.9974636435508728, -0.02015247754752636, 0.06826519221067429], [0.02175409160554409, 0.9995033144950867, -0.022800011560320854], [-0.0677718073129654, 0.02422722987830639, 0.9974066615104675]]], [-0.21216921997070312, 0.10286187744140625, 0.39225994873046877, 0.0003347943377087284, 0.08032249112080647, 0.005573610940154843, [[0.9967604279518127, -0.005546719767153263, 0.0802367627620697], [0.005555612035095692, 0.9999845623970032, 0.00011241360334679484], [-0.08023615181446075, 0.0003337149100843817, 0.9967758059501648]]], [-0.21320925903320312, 0.11551691436767578, 0.39324356079101563, 0.011038860135896082, 0.09878352908794663, 0.006322089844354001, [[0.995104968547821, -0.005233021453022957, 0.09868475794792175], [0.006291226949542761, 0.999925971031189, -0.010414954274892807], [-0.09862294793128967, 0.010984821245074272, 0.9950642585754395]]], [-0.21316014099121094, 0.12664710235595703, 0.39374957275390626, 0.030729787676004948, 0.11140128899447421, -0.02382590856870513, [[0.9935192465782166, 0.027227161452174187, 0.11035500466823578], [-0.023675978183746338, 0.9991627931594849, -0.03336348012089729], [-0.11117101460695267, 0.030534496530890465, 0.9933320879936218]]], [-0.21062469482421875, 0.14215577697753906, 0.39420654296875, 0.04303218252315708, 0.1165474507444264, -0.01256926708046933, [[0.9931375980377197, 0.01755930669605732, 0.1156262531876564], [-0.012483668513596058, 0.9989324808120728, -0.04447571560740471], [-0.11628378182649612, 0.042727064341306686, 0.992296576499939]]], [-0.20684400939941405, 0.15196359252929686, 0.396323974609375, 0.010581622403960728, 0.11063352215467193, 0.012376304232496096, [[0.99381023645401, -0.011207111179828644, 0.11052428930997849], [0.012300325557589531, 0.9998818635940552, -0.009214282967150211], [-0.11040797084569931, 0.01051673386245966, 0.993830680847168]]], [-0.20336590576171876, 0.15918971252441405, 0.3970985412597656, 0.04438657369631731, 0.10438832275062149, 0.00023108907881227644, [[0.9945564866065979, 0.004392649512737989, 0.10410646349191666], [0.00022983121743891388, 0.9990161061286926, -0.04434794560074806], [-0.10419884324073792, 0.04413045942783356, 0.9935769438743591]]], [-0.19548626708984376, 0.17531687927246092, 0.4002530517578125, 0.0484144903156494, 0.10205919363869409, 0.011964443202758714, [[0.9947252869606018, -0.007019848097115755, 0.10233446210622787], [0.01190190203487873, 0.9988157749176025, -0.0471746101975441], [-0.10188210755586624, 0.04814375191926956, 0.9936308264732361]]], [-0.19250469970703124, 0.18115367126464843, 0.40169476318359376, -0.008936582625237935, 0.10024249672621854, 0.012724732497743333, [[0.9948993921279907, -0.013618122786283493, 0.09994889050722122], [0.012660511769354343, 0.9998677372932434, 0.010209078900516033], [-0.10007470101118088, -0.008891602046787739, 0.9949402213096619]]], [-0.18516162109375, 0.1905745849609375, 0.40528741455078127, 0.05793558998495682, 0.0831556166890941, -0.014589785675955615, [[0.9964385032653809, 0.019373705610632896, 0.0820668637752533], [-0.014538856223225594, 0.9981457591056824, -0.059106770902872086], [-0.08305981755256653, 0.05770310387015343, 0.9948725700378418]]], [-0.1809728240966797, 0.19690524291992187, 0.4075494384765625, 0.0763389354642438, 0.07901643765448352, -0.006166603279425094, [[0.9968608617782593, 0.012168395332992077, 0.07823256403207779], [-0.006147323176264763, 0.9970315098762512, -0.07674869894981384], [-0.07893423736095428, 0.07602684944868088, 0.9939765334129333]]], [-0.17618655395507812, 0.20051817321777343, 0.41062164306640625, 0.07021605629754255, 0.07536625979210809, -0.01795022291134675, [[0.9970006346702576, 0.02318674884736538, 0.0738380029797554], [-0.017898306250572205, 0.9972803592681885, -0.07149522751569748], [-0.07529493421316147, 0.06995921581983566, 0.9947041869163513]]], [-0.17134468078613282, 0.2036042175292969, 0.41382125854492186, 0.10262644046836589, 0.04880918738761908, 0.012899097344063845, [[0.998725950717926, -0.007832949049770832, 0.04985049366950989], [0.012883378192782402, 0.9947202205657959, -0.10181184858083725], [-0.04878981038928032, 0.10232438147068024, 0.993553876876831]]], [-0.16886135864257812, 0.20729678344726563, 0.4161147766113281, 0.11020017877468566, 0.0410019546565068, 0.0024366664724402437, [[0.9991565942764282, 0.002086122753098607, 0.041009679436683655], [0.002434616209939122, 0.993942141532898, -0.10987766832113266], [-0.04099046811461449, 0.1098848357796669, 0.9930987358093262]]], [-0.16559469604492189, 0.20859182739257812, 0.4193623657226562, 0.0775438013521485, 0.026831769605649036, 0.016477963852393092, [[0.9995043277740479, -0.014349682256579399, 0.028020724654197693], [0.016471287235617638, 0.9968938827514648, -0.07701486349105835], [-0.026828549802303314, 0.07743822783231735, 0.9966360926628113]]], [-0.16395162963867188, 0.20750315856933593, 0.4204191589355469, 0.11044329274505786, 0.029047825841384434, 0.018403708537253163, [[0.9994088411331177, -0.015089921653270721, 0.030890220776200294], [0.01839490607380867, 0.9937979578971863, -0.10966901481151581], [-0.029043741524219513, 0.11017240583896637, 0.993488073348999]]], [-0.16271728515625, 0.20872625732421876, 0.4224430236816406, 0.10545840688849324, 0.035494202971805056, 0.010978112089145231, [[0.9993098974227905, -0.007181684486567974, 0.036443039774894714], [0.010970977135002613, 0.9944254755973816, -0.1048692911863327], [-0.035486750304698944, 0.10519673675298691, 0.9938180446624756]]], [-0.16198226928710938, 0.20663417053222657, 0.4234310607910156, 0.056022653346593176, 0.03408523981595679, 0.01795361733692416, [[0.9992581009864807, -0.01601661741733551, 0.03502492234110832], [0.01794222556054592, 0.9983044862747192, -0.05537348613142967], [-0.03407863900065422, 0.05596083030104637, 0.9978511929512024]]], [-0.15951982116699218, 0.20667654418945314, 0.4228826599121094, 0.06887876670327642, 0.04479974728242908, 0.01892873680215414, [[0.9988176822662354, -0.015800995752215385, 0.045973245054483414], [0.01890861615538597, 0.9975084066390991, -0.06796632707118988], [-0.04478476196527481, 0.06875526160001755, 0.9966278076171875]]], [-0.15898487854003907, 0.2077869415283203, 0.4230451354980469, 0.055937152992282795, 0.0497959249431883, 0.03422463420408011, [[0.9981755614280701, -0.031383223831653595, 0.051581449806690216], [0.03417553752660751, 0.9979464411735535, -0.054174698889255524], [-0.049775347113609314, 0.0558386854827404, 0.9971982836723328]]], [-0.15785205078125, 0.20325714111328125, 0.4205827331542969, 0.051561443513906347, 0.05442929250358808, 0.030426584806558892, [[0.998056948184967, -0.02757893316447735, 0.055872876197099686], [0.030376838520169258, 0.9982940554618835, -0.04986191913485527], [-0.0544024221599102, 0.05146227777004242, 0.9971920847892761]]], [-0.15502589416503906, 0.20212689208984375, 0.41835833740234374, 0.07685353898873422, 0.06839892501982048, 0.028484124966575607, [[0.9972569942474365, -0.02315090224146843, 0.07030287384986877], [0.0284136775881052, 0.9967932105064392, -0.07480600476264954], [-0.06834560632705688, 0.07659837603569031, 0.9947168231010437]]], [-0.15224044799804687, 0.20284780883789064, 0.4154524230957031, 0.04645379613976739, 0.07802548211731253, 0.04920567341141296, [[0.995750904083252, -0.045517537742853165, 0.08005205541849136], [0.0490361750125885, 0.9978901743888855, -0.04255116730928421], [-0.07794633507728577, 0.046295806765556335, 0.9958820343017578]]], [-0.1494513244628906, 0.19680210876464843, 0.411642578125, 0.03605291371813449, 0.08544491461898396, 0.0317357988095216, [[0.9958500862121582, -0.02863527648150921, 0.0863863080739975], [0.03161471337080002, 0.9989445805549622, -0.03332080319523811], [-0.08534098416566849, 0.035913605242967606, 0.9957043528556824]]], [-0.1452033233642578, 0.19664299011230468, 0.40818707275390625, 0.06342313941055813, 0.09480482892340492, 0.03901725265112667, [[0.9947517514228821, -0.03293370082974434, 0.0968729630112648], [0.03883218765258789, 0.9974639415740967, -0.059647269546985626], [-0.0946628749370575, 0.06309600919485092, 0.9935078620910645]]], [-0.13906976318359374, 0.19771501159667967, 0.40540814208984377, 0.03692668734601286, 0.09362400582808617, 0.05655248197174621, [[0.9940288066864014, -0.053037937730550766, 0.09536091238260269], [0.05627480149269104, 0.9979158043861389, -0.031578756868839264], [-0.09348729252815247, 0.03675661236047745, 0.994941771030426]]], [-0.1329896697998047, 0.1922915954589844, 0.4019942321777344, 0.037782093431624864, 0.11340966214138315, 0.042579973755665315, [[0.9926754236221313, -0.03826594725251198, 0.1145913377404213], [0.04229365661740303, 0.9985625743865967, -0.03292512521147728], [-0.11316671222448349, 0.03753045201301575, 0.9928669333457947]]], [-0.12691314697265624, 0.19157968139648437, 0.3996478271484375, 0.05424166121094512, 0.12132123519767268, 0.05199926889565547, [[0.9913078546524048, -0.045346949249506, 0.12350037693977356], [0.05159379541873932, 0.9975206255912781, -0.04786072298884392], [-0.12102383375167847, 0.05381656438112259, 0.99118971824646]]], [-0.11567714691162109, 0.18942402648925782, 0.39829330444335936, 0.07901557349542651, 0.10132835728816647, 0.06989019733178226, [[0.9924418926239014, -0.061650410294532776, 0.10610543191432953], [0.06947511434555054, 0.9950037598609924, -0.07169872522354126], [-0.10115505009889603, 0.0785285010933876, 0.9917665719985962]]], [-0.10857459259033203, 0.19087181091308594, 0.39934759521484375, 0.023833340865123318, 0.09692638591989655, 0.03565251976089254, [[0.9946737885475159, -0.03333006426692009, 0.09753518551588058], [0.0354776605963707, 0.9991629123687744, -0.020367389544844627], [-0.09677468985319138, 0.02371922880411148, 0.9950236678123474]]], [-0.10178368377685547, 0.18699876403808594, 0.39977093505859373, 0.05400414584082923, 0.0846620941481151, 0.03737282998949658, [[0.9957225322723389, -0.03274841979146004, 0.08639559149742126], [0.03723030537366867, 0.9980154037475586, -0.05078526586294174], [-0.08456099033355713, 0.0537845678627491, 0.994965672492981]]], [-0.08948796081542969, 0.18577995300292968, 0.40405975341796874, 0.06078530223450465, 0.08461265991567934, 0.046531045866535975, [[0.9953439831733704, -0.04129999876022339, 0.08708999305963516], [0.04634785279631615, 0.9973115921020508, -0.05675838515162468], [-0.08451173454523087, 0.06053055077791214, 0.9945822358131409]]], [-0.08146041870117188, 0.18409284973144532, 0.4088609619140625, 0.06490703076565353, 0.06273884182535205, 0.01681858849226119, [[0.9978914260864258, -0.012716293334960938, 0.06364764273166656], [0.016784707084298134, 0.9978215098381042, -0.06380007416009903], [-0.06269769370555878, 0.06473385542631149, 0.9959309697151184]]], [-0.07632699584960938, 0.1801438751220703, 0.41227362060546874, 0.05208286412073406, 0.046916849823417595, 0.045590795216830564, [[0.9978616833686829, -0.04307417571544647, 0.049159981310367584], [0.045524854212999344, 0.9977176189422607, -0.049870673567056656], [-0.04689963907003403, 0.052002035081386566, 0.997545063495636]]], [-0.06563980102539063, 0.17820025634765624, 0.4183829040527344, 0.07356970266308127, 0.04411670125185729, 0.0636639983598701, [[0.9970031380653381, -0.06021379679441452, 0.04857034608721733], [0.06355910003185272, 0.9954808354377747, -0.07055620104074478], [-0.044102393090724945, 0.0734318345785141, 0.9963245987892151]]], [-0.05825722503662109, 0.17448300170898437, 0.4248846130371094, 0.09753110615696739, 0.03851219445737364, 0.027423184344124392, [[0.9988827705383301, -0.023541590198874474, 0.04097532853484154], [0.027399415150284767, 0.9949762225151062, -0.09628922492265701], [-0.03850267454981804, 0.09730435162782669, 0.9945096373558044]]], [-0.0549028091430664, 0.17102622985839844, 0.4281265869140625, 0.038284358225278925, 0.024996222211311814, 0.034211653286656304, [[0.9991026520729065, -0.033223845064640045, 0.026269886642694473], [0.03419429436326027, 0.9987152218818665, -0.0373983308672905], [-0.024993618950247765, 0.038263048976659775, 0.9989550709724426]]], [-0.04671527481079102, 0.16745819091796876, 0.4345129089355469, 0.07384881052382126, 0.023711243229361578, 0.06131941278058763, [[0.9978399872779846, -0.059367962181568146, 0.028121378272771835], [0.06126376613974571, 0.9955072999000549, -0.07219408452510834], [-0.023709021508693695, 0.07376096397638321, 0.9969940781593323]]], [-0.04211074447631836, 0.16433544921875, 0.43918341064453126, 0.05623055701704014, 0.021389738948540682, 0.026818840728548253, [[0.9994117021560669, -0.02557164430618286, 0.022853687405586243], [0.026809491217136383, 0.9980926513671875, -0.05560809001326561], [-0.021388107910752296, 0.05618807300925255, 0.9981911182403564]]], [-0.0389939193725586, 0.15845265197753905, 0.4413121643066406, 0.04188376776327793, 0.02953938413022139, 0.03541068079806034, [[0.9989371299743652, -0.0341363288462162, 0.030973076820373535], [0.03538783639669418, 0.998540461063385, -0.0408005528151989], [-0.029535088688135147, 0.04185325652360916, 0.9986871480941772]]], [-0.03251305389404297, 0.1535433807373047, 0.44401016235351565, 0.04895998110783389, 0.03357887974756957, 0.02628274079155197, [[0.9990910887718201, -0.024605736136436462, 0.03480689972639084], [0.026264900341629982, 0.9984999299049377, -0.04804230108857155], [-0.033572569489479065, 0.048912834376096725, 0.9982386827468872]]], [-0.03055295944213867, 0.15268930053710938, 0.445187255859375, 0.02285339441530811, 0.022047773703541163, 0.03379724926023872, [[0.9991860389709473, -0.03327849879860878, 0.022799812257289886], [0.03378260135650635, 0.9991849660873413, -0.022093597799539566], [-0.022045986726880074, 0.022845851257443428, 0.9994958639144897]]], [-0.02623318862915039, 0.14485894775390626, 0.44548458862304685, 0.024618184738706538, 0.039697258449070905, 0.024394218588349812, [[0.998914897441864, -0.02340777963399887, 0.040263425558805466], [0.024372583255171776, 0.9994233846664429, -0.02364063449203968], [-0.03968683257699013, 0.024596305564045906, 0.9989094138145447]]], [-0.0230653190612793, 0.14360484313964844, 0.44490399169921874, 0.051728081041620175, 0.0437669035007493, 0.03111805224000765, [[0.9985587000846863, -0.02881026268005371, 0.04528195410966873], [0.031083235517144203, 0.9982492923736572, -0.050320517271757126], [-0.04375293105840683, 0.05165550112724304, 0.9977060556411743]]], [-0.01930874252319336, 0.14076480102539063, 0.4451108703613281, 0.013349764230464897, 0.0483564232739393, 0.04233429269379459, [[0.9979361295700073, -0.04167317971587181, 0.04885493591427803], [0.0422721765935421, 0.9990423321723938, -0.011291863396763802], [-0.048337578773498535, 0.013333762995898724, 0.9987420439720154]]], [-0.01582284927368164, 0.13427479553222657, 0.4434587707519531, 0.042245192273054295, 0.05730648849445563, 0.025850925106073404, [[0.9980248808860779, -0.02340691350400448, 0.05829653888940811], [0.02580561488866806, 0.9988365173339844, -0.04073938727378845], [-0.05727512761950493, 0.04216330125927925, 0.9974676966667175]]], [-0.01012775707244873, 0.13131854248046876, 0.4435408935546875, 0.07139806260195594, 0.07180407291993518, 0.023171415169428684, [[0.9971554279327393, -0.01799376867711544, 0.07319323718547821], [0.023109639063477516, 0.9973030686378479, -0.06966027617454529], [-0.07174238562583923, 0.07115359604358673, 0.9948819875717163]]], [-0.006131402015686035, 0.129108154296875, 0.44301419067382813, 0.010288749956928567, 0.06373673234742983, 0.04361430283557842, [[0.9970204830169678, -0.042943477630615234, 0.06407823413610458], [0.04351194575428963, 0.9990247488021851, -0.007501860614866018], [-0.0636935904622078, 0.010267677716910839, 0.9979166984558105]]], [-0.0021489686965942383, 0.12317362976074218, 0.4419714965820313, 0.03251755903295229, 0.0669271231604105, 0.018267661385320405, [[0.9975947141647339, -0.01608305238187313, 0.06742454320192337], [0.01822574995458126, 0.9993442893028259, -0.03128542751073837], [-0.06687717139720917, 0.03243904188275337, 0.9972337484359741]]], [0.0036741280555725097, 0.12164981079101563, 0.44223843383789063, 0.0356790992556945, 0.06910616548357074, 0.01658614083339204, [[0.9974759221076965, -0.014112003147602081, 0.06958936154842377], [0.016545793041586876, 0.9992669820785522, -0.03452211245894432], [-0.06905117630958557, 0.035586386919021606, 0.996978223323822]]], [0.009221806526184081, 0.11930963897705078, 0.44279119873046874, 0.00041371354362414875, 0.05820984826737141, 0.05011566797243366, [[0.9970529079437256, -0.05007065087556839, 0.05812465772032738], [0.050009846687316895, 0.9987456202507019, 0.0025011636316776276], [-0.05817698314785957, 0.00041301280725747347, 0.9983062148094177]]], [0.015584057807922363, 0.11455694580078125, 0.44347735595703125, 0.008855552831685834, 0.06865971470635213, 0.0207681003062411, [[0.9974287152290344, -0.02015838958323002, 0.06877219676971436], [0.020717678591609, 0.9997577667236328, -0.007428873796015978], [-0.06860578060150146, 0.00883457250893116, 0.9976047277450562]]], [0.02152462577819824, 0.11293212127685547, 0.44470428466796874, 0.03614620390575168, 0.042500434091433004, 0.04586782860233488, [[0.9980462193489075, -0.04428797960281372, 0.044072236865758896], [0.04581034183502197, 0.998366117477417, -0.03415346518158913], [-0.04248763993382454, 0.036105699837207794, 0.9984443783760071]]], [0.025114662170410158, 0.11269408416748047, 0.4462743835449219, -0.0014111029561201197, 0.053710845154487874, 0.031931386188304677, [[0.9980489015579224, -0.032001644372940063, 0.05361255258321762], [0.03187992051243782, 0.9994868040084839, 0.0031243273988366127], [-0.0536850243806839, -0.00140906753949821, 0.998556911945343]]], [0.030725391387939453, 0.1083958511352539, 0.4472804565429688, 0.024492569492569553, 0.04514056950058598, 0.03838569961662968, [[0.9982454180717468, -0.03726045414805412, 0.046018313616514206], [0.03833718225359917, 0.9990060925483704, -0.022740861400961876], [-0.045125242322683334, 0.024465173482894897, 0.9986817240715027]]], [0.033647968292236326, 0.10801126861572266, 0.44905706787109373, 0.04796705441663486, 0.03418304965304331, 0.017308074383251576, [[0.9992661476135254, -0.01564883626997471, 0.03496182709932327], [0.01729710027575493, 0.9987285733222961, -0.04735066369175911], [-0.03417639434337616, 0.047920651733875275, 0.9982662796974182]]], [0.03734170913696289, 0.10715558624267578, 0.4516932373046875, -0.002294265472487636, 0.012426146035778629, 0.04166766453500998, [[0.9990549087524414, -0.04168398305773735, 0.012319439090788364], [0.04165239259600639, 0.9991282224655151, 0.00280987611040473], [-0.012425826862454414, -0.0022940863855183125, 0.9999201893806458]]], [0.041578342437744144, 0.1034345703125, 0.45367510986328125, 0.00023594559383263713, 0.020752894795785792, 0.03741734311772951, [[0.9990848898887634, -0.03740371763706207, 0.02074570581316948], [0.03740055859088898, 0.9993001818656921, 0.0005405007977969944], [-0.020751405507326126, 0.0002358947676839307, 0.9997846484184265]]], [0.0432979621887207, 0.10276961517333984, 0.45657122802734373, 0.031186712049557745, 0.003837189968948218, 0.04574108668013912, [[0.9989467263221741, -0.04558337852358818, 0.00525708869099617], [0.04572480171918869, 0.9984737634658813, -0.03097367286682129], [-0.003837180556729436, 0.031181426718831062, 0.9995063543319702]]], [0.043469448089599606, 0.10331713104248047, 0.4589325256347656, -0.0029599733505637753, -0.0030918201500695908, 0.023776075105014262, [[0.9997125864028931, -0.023764582350850105, -0.003161297645419836], [0.023773720487952232, 0.9997131824493408, 0.002885628491640091], [0.00309181516058743, -0.002959954785183072, 0.9999908208847046]]], [0.04467870330810547, 0.10071337127685547, 0.4605321044921875, 0.028653666875205305, -0.001026619052397093, 0.05014156237804469, [[0.9987426400184631, -0.05012935400009155, 0.000411033455748111], [0.050120528787374496, 0.9983317255973816, -0.028665171936154366], [0.0010266188764944673, 0.02864973060786724, 0.9995889663696289]]], [0.0459423713684082, 0.10052983093261719, 0.46367242431640626, 0.043273129349634384, -0.003329958610317929, 0.07118147314515111, [[0.9974621534347534, -0.0711984857916832, -0.0002417263458482921], [0.071120984852314, 0.9965236783027649, -0.043386686593294144], [0.0033299524802714586, 0.0432593859732151, 0.9990583062171936]]], [0.04481674575805664, 0.09982980346679687, 0.46453131103515627, -0.009358541110035767, -0.009223748581961067, 0.04223844608453285, [[0.9990655779838562, -0.04213779792189598, -0.009610154666006565], [0.04222409054636955, 0.9990679621696472, 0.008960599079728127], [0.009223617613315582, -0.009358006529510021, 0.9999136924743652]]], [0.04325369644165039, 0.09807387542724609, 0.4660083923339844, 0.01614511432014746, -0.0021988264187549067, 0.04160423026127181, [[0.9991322755813599, -0.04162227734923363, -0.0015251535223796964], [0.041592128574848175, 0.999002993106842, -0.01622188463807106], [0.0021988246589899063, 0.016144374385476112, 0.9998672604560852]]], [0.04380725479125976, 0.09934420013427735, 0.4666341552734375, 0.048947057492447425, 0.01402380381976176, 0.03717771939153441, [[0.9992107152938843, -0.03643898665904999, 0.01581546477973461], [0.03716550022363663, 0.9981376528739929, -0.04837309569120407], [-0.014023344032466412, 0.04892270267009735, 0.9987041354179382]]], [0.04328619766235352, 0.09963619232177734, 0.46753860473632813, -0.002892789480122837, 0.016711011277961152, 0.041467017024756136, [[0.9990008473396301, -0.04150325804948807, 0.016575878486037254], [0.04144934564828873, 0.9991341829299927, 0.0035830207634717226], [-0.016710232943296432, -0.0028923815116286278, 0.999856173992157]]], [0.04361330032348633, 0.09913071441650391, 0.46816046142578127, 0.041445807121073305, 0.031552381383035843, 0.06867036782299532, [[0.9971465468406677, -0.06725344061851501, 0.034288812428712845], [0.06858225911855698, 0.996876060962677, -0.03917349502444267], [-0.031547147780656815, 0.0414133183658123, 0.9986439347267151]]], [0.04265303802490234, 0.10134185791015625, 0.4686278381347656, 0.02906531080607044, 0.0402713589890189, 0.03803324399205212, [[0.9984666109085083, -0.036838844418525696, 0.04131939262151718], [0.03799324482679367, 0.9988992810249329, -0.027509981766343117], [-0.040260475128889084, 0.029037656262516975, 0.9987671971321106]]], [0.04313610076904297, 0.10379036712646485, 0.4696673889160156, -0.005223619009431191, 0.02660439532718062, 0.060919081573732686, [[0.9977917671203613, -0.06101927533745766, 0.026233529672026634], [0.060859862715005875, 0.9981229305267334, 0.0068334052339196205], [-0.026601256802678108, -0.005221746861934662, 0.9996324777603149]]], [0.04426546859741211, 0.10321051788330078, 0.4701251525878906, 0.015178553175176752, 0.03097257966068323, 0.054506998386700804, [[0.9980359673500061, -0.05400440841913223, 0.03174497187137604], [0.054453883320093155, 0.9984254240989685, -0.013468506745994091], [-0.030967626720666885, 0.015170690603554249, 0.9994052648544312]]], [0.045131050109863284, 0.10741731262207031, 0.471646484375, 0.0005374418478102366, 0.046957532831337634, 0.02785013695890101, [[0.9985103607177734, -0.027821315452456474, 0.04693703353404999], [0.027815841138362885, 0.9996127486228943, 0.0007698906119912863], [-0.04694027826189995, 0.0005368494312278926, 0.9988975524902344]]], [0.04556856918334961, 0.10714960479736328, 0.47257403564453127, -0.007351111633472594, 0.041166450917393016, 0.044772859881721604, [[0.9981514811515808, -0.04505892097949982, 0.04078345373272896], [0.04471998289227486, 0.9989573359489441, 0.009185632690787315], [-0.04115482419729233, -0.007344817277044058, 0.9991257786750793]]], [0.04724905014038086, 0.1110670166015625, 0.4743759765625, 0.026956510091678605, 0.043388493966686204, 0.0644964453582782, [[0.9969816207885742, -0.06326165795326233, 0.0450061559677124], [0.06439108401536942, 0.9976336359977722, -0.02410263381898403], [-0.04337488114833832, 0.026927879080176353, 0.9986959099769592]]], [0.048838115692138674, 0.11610816192626953, 0.4750356140136719, -0.0008361602591432614, 0.039310538317724575, 0.03968701619968672, [[0.9984406232833862, -0.0397094190120697, 0.03923627734184265], [0.03964594751596451, 0.9992108941078186, 0.002394807990640402], [-0.03930041566491127, -0.0008355141617357731, 0.9992271065711975]]], [0.05131027603149414, 0.11673328399658203, 0.47653463745117186, -0.0011027481460272812, 0.04015034720281041, 0.057438082501064046, [[0.9975463151931763, -0.057450663298368454, 0.04001003876328468], [0.05736023932695389, 0.9983477592468262, 0.0034051998518407345], [-0.04013955965638161, -0.0011018592631444335, 0.9991934895515442]]], [0.052566402435302736, 0.12023920440673828, 0.4782353820800781, 0.0233908617931326, 0.030095996221924715, 0.03223106716882517, [[0.9990280270576477, -0.031513236463069916, 0.030821310356259346], [0.03221089392900467, 0.999229907989502, -0.022407134994864464], [-0.030091453343629837, 0.02337813749909401, 0.9992737174034119]]], [0.05361619567871094, 0.12553980255126954, 0.479334228515625, -0.0026198785610079232, 0.02418342428562359, 0.05243414819204745, [[0.9983336329460144, -0.05247320979833603, 0.024010442197322845], [0.052394799888134, 0.9986189007759094, 0.003883603261783719], [-0.024181067943572998, -0.002619109582155943, 0.9997041821479797]]], [0.05593887710571289, 0.12778553009033203, 0.481499267578125, -0.01829294264470684, 0.02845752191724471, 0.06162948771712244, [[0.9976974129676819, -0.06209966167807579, 0.02726830169558525], [0.061565544456243515, 0.9979024529457092, 0.020009377971291542], [-0.028453681617975235, -0.018284516409039497, 0.999427855014801]]], [0.056155433654785154, 0.13337779235839844, 0.48309475708007815, 0.007848466559862842, 0.015469482573078341, 0.07443655068822669, [[0.9971115589141846, -0.07424446940422058, 0.016009222716093063], [0.07435893267393112, 0.9972091913223267, -0.006676302291452885], [-0.015468865633010864, 0.007847446948289871, 0.9998495578765869]]], [0.054234901428222654, 0.13958102416992188, 0.4849251403808594, 0.0015856411283203704, -0.001883525098370864, 0.04007546635432882, [[0.9991953372955322, -0.04006767272949219, -0.0018184810178354383], [0.04006467014551163, 0.9991956949234009, -0.0016598301008343697], [0.0018835240043699741, 0.0015856376849114895, 0.9999969601631165]]], [0.05578717803955078, 0.14609591674804687, 0.48723971557617185, -0.044781994990743895, -0.007805423659097421, 0.08604318213919687, [[0.9962702393531799, -0.08550276607275009, -0.011615819297730923], [0.08593443781137466, 0.9953317642211914, 0.04393132030963898], [0.007805344648659229, -0.044765666127204895, 0.9989670515060425]]], [0.05453364944458008, 0.14978541564941406, 0.48740704345703123, 0.020325407374837227, -0.0024180160673854534, 0.05112010879594774, [[0.9986907243728638, -0.05113637074828148, -0.00137584307231009], [0.051097698509693146, 0.9984848499298096, -0.020420987159013748], [0.0024180137552320957, 0.020323948934674263, 0.9997905492782593]]], [0.050358440399169924, 0.1557714538574219, 0.48808514404296877, -0.009710640193586341, -0.011715943404301266, 0.02535480563292551, [[0.9996099472045898, -0.02523716539144516, -0.011957538314163685], [0.02535034902393818, 0.999634325504303, 0.009410363622009754], [0.011715675704181194, -0.009709821082651615, 0.9998842477798462]]], [0.05008293151855469, 0.1575426483154297, 0.48828863525390626, 0.0013477722010313206, -0.01630897231809314, 0.08040525600513646, [[0.996636688709259, -0.08034048229455948, -0.016147295013070107], [0.0803079679608345, 0.9967665672302246, -0.002653272822499275], [0.016308249905705452, 0.0013475925661623478, 0.9998661279678345]]], [0.0473998794555664, 0.1635471649169922, 0.48941439819335936, 0.04080710533750287, -0.001956257150232288, 0.06078547197376212, [[0.9981512427330017, -0.06077713519334793, 0.0005272465641610324], [0.06074792891740799, 0.9973173141479492, -0.04083917662501335], [0.0019562558736652136, 0.0407957024872303, 0.9991655945777893]]], [0.0424677734375, 0.1670240936279297, 0.4892564697265625, -0.006874342825915366, -0.007728705352292975, 0.021661169302620006, [[0.9997355341911316, -0.021605847403407097, -0.007875526323914528], [0.021658828482031822, 0.9997429251670837, 0.006705281790345907], [0.007728628348559141, -0.006874083541333675, 0.9999465346336365]]], [0.04258400726318359, 0.17112844848632813, 0.4897125549316406, 0.01712420403495886, -0.008081638722825746, 0.08201869844110982, [[0.9966058135032654, -0.08205267786979675, -0.006650340277701616], [0.08192409574985504, 0.9964808821678162, -0.0177278034389019], [0.00808155070990324, 0.01712280698120594, 0.9998207092285156]]], [0.03902423858642578, 0.17975682067871093, 0.49149365234375, 0.03316789233444434, 0.006882167428334363, 0.04707893992992229, [[0.9988683462142944, -0.04680769518017769, 0.00843135267496109], [0.04706043750047684, 0.9983533620834351, -0.03280136361718178], [-0.00688211340457201, 0.03316102549433708, 0.9994263052940369]]], [0.0335679931640625, 0.1857316131591797, 0.4927471008300781, -0.009469880300001754, -0.001245041364734023, 0.008731918930679138, [[0.9999610781669617, -0.008719626814126968, -0.001327625708654523], [0.008731801062822342, 0.9999171495437622, 0.009458506479859352], [0.0012450410285964608, -0.009469731710851192, 0.9999544024467468]]], [0.03474148178100586, 0.18975489807128906, 0.4943722229003906, -0.0027209244327712004, 0.00761742909233365, 0.0703558724037254, [[0.9974970817565918, -0.07031825929880142, 0.007407207507640123], [0.0702958032488823, 0.997520923614502, 0.003249671310186386], [-0.007617355324327946, -0.0027208421379327774, 0.9999672770500183]]], [0.033070255279541015, 0.19822373962402343, 0.49626071166992186, 0.0012334879505382507, 0.015236896281808798