{"amplitude": 0.0643737366408303, "frequency": 0.017707871924487938, "seed": 1762494268, "time_interval": 0.05, "pid_gains": {"pid_rate": {"roll_kp": "50.0", "roll_ki": "0.0", "roll_kd": "0.0", "pitch_kp": "50.0", "pitch_ki": "0.0", "pitch_kd": "0.0", "yaw_kp": "80.0", "yaw_ki": "0.0", "yaw_kd": "0.0"}, "pid_attitude": {"roll_kp": "8.0", "roll_ki": "0.0", "roll_kd": "0.20000000298023224", "pitch_kp": "8.0", "pitch_ki": "0.0", "pitch_kd": "1.0", "yaw_kp": "10.0", "yaw_ki": "0.0", "yaw_kd": "0.3499999940395355"}, "velCtlPid": {"vxKp": "15.0", "vxKi": "1.0", "vxKd": "0.0", "vyKp": "10.0", "vyKi": "1.0", "vyKd": "0.0", "vzKp": "12.5", "vzKi": "0.5", "vzKd": "0.0"}, "posCtlPid": {"xKp": "1.5", "xKi": "0.0", "xKd": "0.0", "yKp": "1.5", "yKi": "0.0", "yKd": "0.0", "zKp": "5.0", "zKi": "0.5", "zKd": "0.0"}}, "mocap_pose": [[-0.01854311561584473, -0.00274137544631958, 0.2568970947265625, 0.019631143689676972, 0.052335277178298334, 0.4181785722989827, [[0.9125789403915405, -0.40508002042770386, 0.05576614290475845], [0.4055406451225281, 0.9140710830688477, 0.003301008837297559], [-0.05231139063835144, 0.019603006541728973, 0.9984384179115295]]], [-0.018500106811523438, -0.0027371466159820555, 0.256947265625, 0.017735277496559954, 0.05255015106647587, 0.41852235835275914, [[0.91242915391922, -0.4054957628250122, 0.055192358791828156], [0.40584975481033325, 0.9139253497123718, 0.005140058230608702], [-0.05252596735954285, 0.017709866166114807, 0.9984624981880188]]], [-0.018635456085205077, -0.00280794882774353, 0.2569283447265625, 0.0181093546599308, 0.05214690473743744, 0.4150017923558555, [[0.9138716459274292, -0.4022617042064667, 0.05499213933944702], [0.40264350175857544, 0.915346086025238, 0.004440971650183201], [-0.05212327465415001, 0.01808374933898449, 0.9984769225120544]]], [-0.01899472427368164, -0.0033130013942718507, 0.25701910400390626, 0.022018327967236684, 0.047838352287910446, 0.5535887856461598, [[0.8496700525283813, -0.5247203707695007, 0.05224304646253586], [0.5251418948173523, 0.8509905338287354, 0.006406783126294613], [-0.04782010614871979, 0.021991360932588577, 0.9986138343811035]]], [-0.018705068588256837, -0.002871542453765869, 0.2570731201171875, 0.02224766505667297, 0.05097293969661454, 0.6114727248768793, [[0.8177399635314941, -0.5730038285255432, 0.05447917431592941], [0.5733283162117004, 0.8192514777183533, 0.011027366854250431], [-0.05095086991786957, 0.022216936573386192, 0.9984540343284607]]], [-0.017787874221801756, -0.0012577952146530151, 0.2600012512207031, 0.019816568317501004, 0.05840381774630332, 0.6455589859989711, [[0.7974016666412354, -0.6006030440330505, 0.05853693187236786], [0.6006191968917847, 0.7993026375770569, 0.019283780828118324], [-0.058370620012283325, 0.019781485199928284, 0.9980989694595337]]], [-0.022826093673706055, -0.0004983514249324799, 0.2737764587402344, 0.008894167459699759, 0.004455280922597504, 0.4692792914561552, [[0.8918855786323547, -0.4521903693675995, 0.007995747029781342], [0.45223912596702576, 0.8918771147727966, -0.005917767994105816], [-0.004455266520380974, 0.008893962018191814, 0.9999505281448364]]], [-0.024432310104370115, 0.0014377949237823486, 0.2939901123046875, 0.04727615075995602, 0.003949247391416444, 0.2652556049812298, [[0.9650179743766785, -0.26168292760849, 0.016195964068174362], [0.26215389370918274, 0.9639962315559387, -0.044571541249752045], [-0.003949237056076527, 0.0472581721842289, 0.9988749027252197]]], [-0.02845663833618164, 0.003046807765960693, 0.31499554443359373, 0.03103393748604602, -0.0950936403944056, 0.23727489281720457, [[0.9675907492637634, -0.23780523240566254, -0.08495213836431503], [0.2339927703142166, 0.9708215594291687, -0.052467383444309235], [0.09495038539171219, 0.030888767912983894, 0.9950026869773865]]], [-0.03236518478393555, 0.0002827908992767334, 0.33887615966796875, 0.0549212046460074, -0.19107025310212267, 0.23249068083660618, [[0.9553866982460022, -0.24019886553287506, -0.17187413573265076], [0.22620894014835358, 0.9692264199256897, -0.09710631519556046], [0.18990977108478546, 0.05389462038874626, 0.9803211688995361]]], [-0.03883620452880859, -0.0017306309938430785, 0.35613629150390624, 0.05855855320121778, -0.15757226749459208, 0.2024725684632921, [[0.9674366116523743, -0.20974352955818176, -0.14168308675289154], [0.19860070943832397, 0.9760465025901794, -0.08883103728294373], [0.15692101418972015, 0.05780003219842911, 0.9859183430671692]]], [-0.05143379592895508, -0.0033677561283111572, 0.374476806640625, 0.0013788822809596285, -0.160118898283113, 0.13951257151162422, [[0.9776164889335632, -0.13927800953388214, -0.15769459307193756], [0.1372816264629364, 0.9902523756027222, -0.023536644876003265], [0.15943558514118195, 0.0013612444745376706, 0.9872074127197266]]], [-0.06267230987548827, -0.007146399974822998, 0.3859762268066406, 0.009561560756736379, -0.16605975883060142, 0.19987370152442746, [[0.9666092395782471, -0.20008549094200134, -0.1601010262966156], [0.19581429660320282, 0.9797330498695374, -0.04218866676092148], [0.16529759764671326, 0.00942988507449627, 0.9861986637115479]]], [-0.07697264099121094, -0.009983217239379883, 0.39433428955078126, 0.03116044675685857, -0.17170416320402837, 0.15821396871016796, [[0.9729889631271362, -0.16273503005504608, -0.16373708844184875], [0.15523789823055267, 0.9861921668052673, -0.05767328292131424], [0.17086170613765717, 0.03069726563990116, 0.9848167300224304]]], [-0.09164110565185547, -0.011876788139343262, 0.39753787231445314, 0.016682468193597894, -0.1883771451062317, 0.14630538082232264, [[0.9718148708343506, -0.14885422587394714, -0.18280664086341858], [0.14320498704910278, 0.9887233972549438, -0.04379991441965103], [0.18726499378681183, 0.01638658531010151, 0.9821727275848389]]], [-0.1088661880493164, -0.010922015190124512, 0.4008936767578125, -0.026071187542016275, -0.1631077885597465, 0.16592925206250747, [[0.9731749892234802, -0.16093780100345612, -0.1644064486026764], [0.16297666728496552, 0.98662930727005, -0.0011017280630767345], [0.16238552331924438, -0.025722241029143333, 0.986392080783844]]], [-0.12685880279541015, -0.011507354736328124, 0.4037625732421875, -0.030507434296326436, -0.15695679303104892, 0.15138692306209736, [[0.976410984992981, -0.14602571725845337, -0.15905354917049408], [0.14895552396774292, 0.9888219237327576, 0.006591327488422394], [0.15631313621997833, -0.03012774884700775, 0.9872479438781738]]], [-0.14412306213378906, -0.009323320388793944, 0.40270697021484375, -0.038561312616948916, -0.13259007833145908, 0.12811111795850857, [[0.9830996990203857, -0.1226111352443695, -0.13594646751880646], [0.12663958966732025, 0.9917188286781311, 0.021358134225010872], [0.1322019249200821, -0.03821337968111038, 0.9904859066009521]]], [-0.1630203094482422, -0.0038626010417938234, 0.40281646728515624, -0.0596211164147734, -0.09685222336617061, 0.11947880185742156, [[0.9882177710533142, -0.11326203495264053, -0.10294320434331894], [0.1186361312866211, 0.9917935729026794, 0.04765525087714195], [0.09670087695121765, -0.059306550770998, 0.9935449957847595]]], [-0.181550537109375, 0.0010459301471710204, 0.4040357666015625, -0.04884824289013451, -0.057274048637395936, 0.11170497911984667, [[0.9921379685401917, -0.108562171459198, -0.06226120516657829], [0.11129003018140793, 0.992893636226654, 0.04215109348297119], [0.0572427399456501, -0.04874875396490097, 0.9971694350242615]]], [-0.1958883056640625, 0.010184335708618163, 0.4021322937011719, -0.04813732161708272, -0.04400298665629765, 0.1420231653527878, [[0.9889734387397766, -0.1392868608236313, -0.05030647665262222], [0.14140918850898743, 0.9890845417976379, 0.041415024548769], [0.04398878663778305, -0.04807215556502342, 0.9978747963905334]]], [-0.2117764892578125, 0.017343259811401366, 0.40088055419921875, -0.01616574329503484, -0.019357985866519378, 0.11633431564226718, [[0.9930546879768372, -0.11574613302946091, -0.021099738776683807], [0.1160503402352333, 0.9931473135948181, 0.01380928885191679], [0.019356776028871536, -0.01616200990974903, 0.9996820092201233]]], [-0.22495074462890624, 0.02560561752319336, 0.398826904296875, 0.01327252159894625, 0.020396253874943815, 0.10778048413790411, [[0.9939905405044556, -0.10729334503412247, 0.021702418103814125], [0.10754955559968948, 0.9941388368606567, -0.011001398786902428], [-0.020394839346408844, 0.01326937135308981, 0.9997039437294006]]], [-0.23597575378417968, 0.03769203186035156, 0.395652587890625, 0.03488378790774907, 0.05772285467716198, 0.11037771562904591, [[0.9922592043876648, -0.10808689147233963, 0.06114664673805237], [0.10997026413679123, 0.9935315251350403, -0.02831348218023777], [-0.057690806686878204, 0.0348186269402504, 0.9977271556854248]]], [-0.2397880859375, 0.04779247283935547, 0.3947052001953125, 0.013643917087097744, 0.08784536261907672, 0.13612519577748583, [[0.9869289994239807, -0.13450664281845093, 0.0887642353773117], [0.13518191874027252, 0.9908194541931152, -0.0016126447590067983], [-0.08773242682218552, 0.013590885326266289, 0.9960513710975647]]], [-0.24600242614746093, 0.06413707733154297, 0.3926885681152344, 0.0010001605277781267, 0.11377013019045124, 0.10527795261880929, [[0.9880343675613403, -0.10497061908245087, 0.11300136148929596], [0.10440424084663391, 0.9944748282432556, 0.01093497034162283], [-0.11352485418319702, 0.0009936945280060172, 0.9935346841812134]]], [-0.24650025939941406, 0.0731544189453125, 0.3919073181152344, 0.052494948015877715, 0.12850229368518473, 0.11479791970534216, [[0.9852271676063538, -0.10770832747220993, 0.13314040005207062], [0.11360149830579758, 0.9928196668624878, -0.037466756999492645], [-0.12814892828464508, 0.05203821510076523, 0.9903887510299683]]], [-0.2443538360595703, 0.08849074554443359, 0.39147454833984374, 0.07073063120458781, 0.1381652221564167, 0.1350761829953203, [[0.981448233127594, -0.1246844157576561, 0.1456473469734192], [0.13338248431682587, 0.9897242188453674, -0.05152731016278267], [-0.1377260535955429, 0.06999819725751877, 0.9879938364028931]]], [-0.24277719116210938, 0.09433470916748046, 0.39283792114257815, 0.0626295714421926, 0.1491319400427118, 0.10155902644620064, [[0.9838049411773682, -0.09193427115678787, 0.1538698971271515], [0.1002592071890831, 0.9938396215438843, -0.04723197966814041], [-0.14857976138591766, 0.06189392879605293, 0.9869616031646729]]], [-0.23666123962402344, 0.1024137191772461, 0.39519845581054686, 0.11198819896601234, 0.11907990317511596, 0.13161874683312563, [[0.9843303561210632, -0.11725553125143051, 0.13169994950294495], [0.13030967116355896, 0.9868831634521484, -0.09529431164264679], [-0.11879867315292358, 0.11096286028623581, 0.986698567867279]]], [-0.23104734802246094, 0.10802781677246094, 0.39716162109375, 0.13542782385348803, 0.10535683555919895, 0.12549647013268125, [[0.986634373664856, -0.10993453115224838, 0.12027904391288757], [0.12447327375411987, 0.9848284721374512, -0.12091010808944702], [-0.10516203194856644, 0.13426558673381805, 0.9853495359420776]]], [-0.2268509521484375, 0.10900904846191406, 0.4003454284667969, 0.12243651459024046, 0.08067006170099478, 0.11102239644828663, [[0.9906113147735596, -0.10018402338027954, 0.09301836788654327], [0.1104341521859169, 0.9874938130378723, -0.11251765489578247], [-0.08058259636163712, 0.1217336654663086, 0.9892863035202026]]], [-0.22101507568359374, 0.1104413833618164, 0.40215426635742185, 0.18253626702082998, 0.06747592037913464, 0.11130216288009896, [[0.9915507435798645, -0.09706369787454605, 0.086056649684906], [0.1108197420835495, 0.9786610007286072, -0.17303645610809326], [-0.0674247294664383, 0.1811112016439438, 0.9811486601829529]]], [-0.21494190979003908, 0.11079196166992188, 0.40318408203125, 0.13699515449154423, 0.055502737707906036, 0.13764560505022946, [[0.9890164732933044, -0.12842151522636414, 0.07317327708005905], [0.13700008392333984, 0.9823007583618164, -0.1277349889278412], [-0.05547424778342247, 0.13635674118995667, 0.9891054034233093]]], [-0.21182754516601562, 0.10820309448242188, 0.40454696655273437, 0.10336794731170648, 0.03685910466810949, 0.09340132271388055, [[0.9949650168418884, -0.08898191899061203, 0.04611780866980553], [0.09320223331451416, 0.9906814694404602, -0.09931565076112747], [-0.03685075789690018, 0.10311388224363327, 0.9939866662025452]]], [-0.20813323974609374, 0.11038508605957031, 0.40579681396484374, 0.0821113112063094, 0.021173876849285067, 0.11780406636439103, [[0.9928464889526367, -0.11541128903627396, 0.030594559386372566], [0.11750543117523193, 0.989927351474762, -0.07897057384252548], [-0.0211722943931818, 0.08200068771839142, 0.9964073300361633]]], [-0.20431793212890625, 0.10807181549072266, 0.4052613830566406, 0.049962723298505096, 0.007091028118546561, 0.12016756581884719, [[0.9927635788917542, -0.11937738955020905, 0.013018015772104263], [0.11987555027008057, 0.9915921092033386, -0.04873279109597206], [-0.007090968545526266, 0.04994068294763565, 0.998727023601532]]], [-0.20421478271484375, 0.10257078552246093, 0.4051900634765625, 0.038086818465995015, -0.0012194989113838428, 0.08953158561995664, [[0.995993971824646, -0.08939342945814133, 0.0021908627822995186], [0.08941195160150528, 0.9952682852745056, -0.03803405910730362], [0.0012194985756650567, 0.03807758167386055, 0.9992740154266357]]], [-0.20439169311523436, 0.09931438446044921, 0.4045086669921875, 0.0625491687211733, -0.020212323880440364, 0.13361925479529482, [[0.9908837676048279, -0.13421356678009033, -0.011664126999676228], [0.13319478929042816, 0.9889797568321228, -0.06463848054409027], [0.02021094784140587, 0.06249562278389931, 0.9978405833244324]]], [-0.2044203643798828, 0.09703722381591796, 0.40486251831054687, 0.04541535999024236, -0.03666446392265965, 0.16620111080241384, [[0.9855575561523438, -0.1669076830148697, -0.028603065758943558], [0.1653258204460144, 0.9849281311035156, -0.05083220452070236], [0.036656249314546585, 0.045369237661361694, 0.9982975125312805]]], [-0.20581573486328125, 0.08649296569824219, 0.40426873779296874, 0.08805755236051385, -0.027091827555093317, 0.1292291397257403, [[0.9912976026535034, -0.13073283433914185, -0.015425261110067368], [0.128822460770607, 0.9875122904777527, -0.0906878411769867], [0.02708851359784603, 0.08791152387857437, 0.995759904384613]]], [-0.2099837646484375, 0.08064450073242188, 0.40502310180664064, 0.11745637507141278, -0.02951049569675024, 0.13597735536003852, [[0.9903379082679749, -0.13805051147937775, -0.013146777637302876], [0.13549968600273132, 0.9834741353988647, -0.12007704377174377], [0.02950621210038662, 0.11713546514511108, 0.9926775097846985]]], [-0.2134178466796875, 0.07622508239746094, 0.4054124755859375, 0.07917369608346765, -0.0359878651298704, 0.14850269716485004, [[0.9883533716201782, -0.15030837059020996, -0.023770514875650406], [0.14786167442798615, 0.9854745864868164, -0.08352735638618469], [0.03598009794950485, 0.0790397971868515, 0.9962219595909119]]], [-0.2166996307373047, 0.06429583740234375, 0.40547625732421877, 0.08555182400927668, -0.028228122642868225, 0.13909071044041574, [[0.9899479150772095, -0.1405240148305893, -0.016002899035811424], [0.13858743011951447, 0.9863861203193665, -0.0885210782289505], [0.02822437323629856, 0.08541346341371536, 0.9959457516670227]]], [-0.22155143737792968, 0.05685988616943359, 0.40664398193359375, 0.10864957585491244, -0.012860772990687108, 0.1342736263706168, [[0.990916907787323, -0.1344631165266037, 0.0018468642374500632], [0.13385944068431854, 0.9849686622619629, -0.10917136818170547], [0.012860418297350407, 0.10842697322368622, 0.9940212368965149]]], [-0.22487184143066405, 0.052358711242675784, 0.40878204345703123, 0.060339484094691496, -0.0010431448533674281, 0.1520712938139971, [[0.9884588718414307, -0.15127234160900116, 0.008105802349746227], [0.15148575603961945, 0.9866510033607483, -0.05976467952132225], [0.0010431446135044098, 0.060302842408418655, 0.99817955493927]]], [-0.22630502319335938, 0.04314324951171875, 0.4090068359375, 0.0693099377410967, 0.006042634391660862, 0.14028635444244805, [[0.9901579022407532, -0.1390765756368637, 0.01565248891711235], [0.13982410728931427, 0.9878571033477783, -0.06773121654987335], [-0.0060425978153944016, 0.06925319135189056, 0.9975808262825012]]], [-0.22757157897949218, 0.03473028564453125, 0.41149771118164064, 0.10235653589731195, 0.02987006608825027, 0.15430785969362706, [[0.9876773953437805, -0.1498764455318451, 0.045060668140649796], [0.1536276638507843, 0.9834154844284058, -0.09639763087034225], [-0.029865624383091927, 0.10213232040405273, 0.9943224191665649]]], [-0.22948606872558594, 0.0273372859954834, 0.41392117309570314, 0.0768077699863665, 0.045725277742843184, 0.15616212923480044, [[0.9867989420890808, -0.15160495042800903, 0.0569540373980999], [0.15536563098430634, 0.9854645729064941, -0.06871041655540466], [-0.04570934548974037, 0.07665207237005234, 0.9960095882415771]]], [-0.22953045654296875, 0.01885624122619629, 0.4150672302246094, 0.054629963729223276, 0.0465655181275062, 0.15232756339437295, [[0.9873491525650024, -0.14900052547454834, 0.054226428270339966], [0.15157467126846313, 0.9873316884040833, -0.04691780358552933], [-0.046548690646886826, 0.05454360693693161, 0.9974257946014404]]], [-0.22847093200683594, 0.013525236129760742, 0.41640438842773436, 0.06829643384065194, 0.056129642006741864, 0.16859378438698502, [[0.9842692017555237, -0.163630872964859, 0.06662681698799133], [0.16753198206424713, 0.9841658473014832, -0.057884324342012405], [-0.05610017105937004, 0.06813587993383408, 0.9960975050926208]]], [-0.22777174377441406, 0.01152336311340332, 0.4180258178710938, 0.05555663197736319, 0.05767881224515681, 0.15609128861684157, [[0.9861997365951538, -0.1520562618970871, 0.06549042463302612], [0.15519969165325165, 0.9868159890174866, -0.04590512439608574], [-0.05764683708548546, 0.05543571710586548, 0.996796727180481]]], [-0.22439093017578124, 0.002039207458496094, 0.41973223876953125, 0.05482214707210849, 0.05913845226317149, 0.1661704996639778, [[0.9845013618469238, -0.16196434199810028, 0.06726569682359695], [0.16511766612529755, 0.9852794408798218, -0.044278401881456375], [-0.059103988111019135, 0.05469889938831329, 0.9967520833015442]]], [-0.2216820831298828, -0.0021316773891448975, 0.4208377380371094, 0.07636683378805131, 0.061999896763230256, 0.16583293355028614, [[0.9843862056732178, -0.1599305272102356, 0.07352598011493683], [0.16475673019886017, 0.9841870069503784, -0.06504778563976288], [-0.06196018308401108, 0.07614604383707047, 0.9951696991920471]]], [-0.2185931396484375, -0.004598192691802979, 0.42304998779296876, 0.04816311434177001, 0.054448999408043264, 0.16929978153031428, [[0.9842422008514404, -0.16571412980556488, 0.061693791300058365], [0.16824248433113098, 0.9850014448165894, -0.03829710930585861], [-0.05442209914326668, 0.04807314649224281, 0.997360110282898]]], [-0.21506927490234376, -0.012366535186767579, 0.42385556030273436, 0.04018371074484623, 0.05456797498410926, 0.15636875458110255, [[0.9863290190696716, -0.15344224870204926, 0.06008818745613098], [0.15550050139427185, 0.9873431324958801, -0.031195836141705513], [-0.05454089865088463, 0.04011310264468193, 0.9977054595947266]]], [-0.21161279296875, -0.015375497817993165, 0.425390869140625, 0.07551918488620446, 0.05005646850396461, 0.1705253268463622, [[0.9842613339424133, -0.1654960960149765, 0.0619727298617363], [0.16948752105236053, 0.9833275079727173, -0.06588627398014069], [-0.050035566091537476, 0.07535292208194733, 0.9959008097648621]]], [-0.2080520782470703, -0.020478322982788087, 0.42714013671875, 0.08158290978579921, 0.02936367981795418, 0.1806359258324721, [[0.9833055734634399, -0.17670400440692902, 0.04342624917626381], [0.17957773804664612, 0.9808875322341919, -0.07490949332714081], [-0.02935945987701416, 0.08145730942487717, 0.9962443113327026]]], [-0.2063269805908203, -0.021244518280029295, 0.4294768371582031, 0.06511250456430273, 0.009695029735751426, 0.17357759678652726, [[0.9849268794059753, -0.1717199683189392, 0.020766418427228928], [0.17269916832447052, 0.9829949140548706, -0.06241793558001518], [-0.00969487801194191, 0.06506344676017761, 0.9978340268135071]]], [-0.20527157592773437, -0.025253398895263672, 0.4290485534667969, 0.0690817805716056, -0.008290379288071525, 0.16039144970954847, [[0.9871309399604797, -0.1598886251449585, 0.0028595509938895702], [0.15969915688037872, 0.9847188591957092, -0.06946171820163727], [0.008290284313261509, 0.0690244734287262, 0.9975805282592773]]], [-0.20470361328125, -0.030426784515380858, 0.42985470581054686, 0.0672836098371416, -0.024924739117437644, 0.16091200803151057, [[0.9867749810218811, -0.1615099161863327, -0.013772593811154366], [0.16016873717308044, 0.9845796823501587, -0.07034827023744583], [0.02492215856909752, 0.06721197068691254, 0.9974274039268494]]], [-0.20537728881835937, -0.03131068229675293, 0.4309014892578125, 0.032395537690515466, -0.02396684122338444, 0.1431723664212738, [[0.9894840717315674, -0.1433771401643753, -0.019085396081209183], [0.14264275133609772, 0.9891382455825806, -0.03547602519392967], [0.023964546620845795, 0.032380569726228714, 0.999188244342804]]], [-0.20672315979003905, -0.03524158096313477, 0.4303824157714844, 0.04376384005714056, -0.043399652816319856, 0.14676654546509138, [[0.988317608833313, -0.14797791838645935, -0.036480505019426346], [0.14610250294208527, 0.9880243539810181, -0.049618229269981384], [0.043386030942201614, 0.0437086746096611, 0.9981017708778381]]], [-0.2091151580810547, -0.03814717102050781, 0.43107086181640625, 0.04947276426227506, -0.046330456054000324, 0.14773073354348062, [[0.9880462884902954, -0.14927926659584045, -0.038474246859550476], [0.14703601598739624, 0.9875603318214417, -0.055722713470458984], [0.04631388187408447, 0.049399521201848984, 0.9977047443389893]]], [-0.21384957885742187, -0.03910418319702148, 0.4322868041992188, 0.038302174855306646, -0.058488476527864375, 0.13712903737240403, [[0.9889186024665833, -0.13881680369377136, -0.05262930318713188], [0.136465921998024, 0.989579975605011, -0.04591827467083931], [0.05845513567328453, 0.03822733089327812, 0.9975578784942627]]], [-0.2180132293701172, -0.0405179443359375, 0.4319676208496094, 0.021986298952218986, -0.07517128501096337, 0.1472781442781137, [[0.9863806962966919, -0.1483439952135086, -0.07104337960481644], [0.14633187651634216, 0.9886928200721741, -0.032764583826065063], [0.07510051131248474, 0.021922443062067032, 0.9969349503517151]]], [-0.2243370361328125, -0.0414794807434082, 0.43546347045898437, 0.016486793717760698, -0.06412289561092743, 0.1651260127932625, [[0.9843704104423523, -0.1653963327407837, -0.06048882380127907], [0.16403880715370178, 0.9860899448394775, -0.026793450117111206], [0.06407896429300308, 0.016452165320515633, 0.9978092312812805]]], [-0.2322444610595703, -0.040578460693359374, 0.43623818969726563, 0.007103115562745753, -0.06565616897479143, 0.12177102373480819, [[0.9904564023017883, -0.12192981690168381, -0.06425872445106506], [0.12120858579874039, 0.9925134181976318, -0.015019803307950497], [0.06560900807380676, 0.007087751757353544, 0.997820258140564]]], [-0.23929112243652345, -0.03983148574829101, 0.4380555419921875, 0.0293709406753156, -0.05878101983923778, 0.13543552738790024, [[0.9891313314437866, -0.13667304813861847, -0.05421895161271095], [0.1347886621952057, 0.9901823401451111, -0.037026528269052505], [0.058747176080942154, 0.029315998777747154, 0.9978423714637756]]], [-0.24774354553222655, -0.03814529418945312, 0.4408421020507812, 0.027919503055283672, -0.05079146290561143, 0.130573054639632, [[0.9902088046073914, -0.13155680894851685, -0.046683117747306824], [0.1300344318151474, 0.9909164905548096, -0.03428598865866661], [0.0507696270942688, 0.027879875153303146, 0.9983211755752563]]], [-0.2549354248046875, -0.03840217590332031, 0.4432964172363281, 0.0862904491758079, -0.015024300100241028, 0.14528763536008366, [[0.9893526434898376, -0.14551952481269836, -0.0023327618837356567], [0.14476069808006287, 0.9855953454971313, -0.08744239807128906], [0.015023734420537949, 0.08617367595434189, 0.9961668252944946]]], [-0.26100250244140627, -0.03396220779418945, 0.4439869079589844, 0.06748007699367911, 0.00400653993778044, 0.11873597589250942, [[0.9929512143135071, -0.11791932582855225, 0.011956700123846531], [0.11845622956752777, 0.9907312989234924, -0.0664805993437767], [-0.004006529226899147, 0.0674283355474472, 0.9977160692214966]]], [-0.2654283447265625, -0.03448360824584961, 0.4469250183105469, 0.07208741743522708, 0.019742066859063323, 0.14283105436523952, [[0.9896240830421448, -0.14056885242462158, 0.029741479083895683], [0.14231817424297333, 0.9874486327171326, -0.06848884373903275], [-0.019740784540772438, 0.07201096415519714, 0.9972084760665894]]], [-0.26941342163085935, -0.03139326858520508, 0.4510550537109375, 0.08381945984083922, 0.05542741924347294, 0.14832264447103968, [[0.9875015020370483, -0.14267341792583466, 0.06697071343660355], [0.1475524604320526, 0.9862335324287415, -0.07464402168989182], [-0.05539904162287712, 0.08359277248382568, 0.9949588775634766]]], [-0.27136444091796874, -0.024807861328125, 0.4524738464355469, 0.051221903984789104, 0.06473065827363556, 0.13489468303055857, [[0.9888402223587036, -0.13102778792381287, 0.07089937478303909], [0.13420429825782776, 0.9900612831115723, -0.04204650968313217], [-0.06468546390533447, 0.05109228193759918, 0.9965968728065491]]], [-0.27215780639648435, -0.022275150299072264, 0.45691867065429687, 0.03783998052333707, 0.07474940460890611, 0.1402021868157876, [[0.9874227046966553, -0.13684579730033875, 0.07918072491884232], [0.13935309648513794, 0.9898737668991089, -0.02703120931982994], [-0.07467981427907944, 0.037725310772657394, 0.9964936971664429]]], [-0.26977325439453126, -0.019420429229736327, 0.45905337524414064, 0.0654356219178851, 0.09000000248483242, 0.1209478566010341, [[0.9886770248413086, -0.11456084996461868, 0.09692040085792542], [0.12016487866640091, 0.9912793040275574, -0.05409032478928566], [-0.08987855166196823, 0.06512428820133209, 0.9938212633132935]]], [-0.26422601318359373, -0.016583269119262695, 0.4633436279296875, 0.10960097499795211, 0.10268410195068256, 0.13728947548137063, [[0.98537278175354, -0.12493089586496353, 0.11589981615543365], [0.1361377090215683, 0.9861813187599182, -0.09440811723470688], [-0.10250374674797058, 0.10880552232265472, 0.9887640476226807]]], [-0.2613025512695312, -0.01791257095336914, 0.46620620727539064, 0.07562796264683609, 0.11050735716067317, 0.11633405998054965, [[0.9871823191642761, -0.10746387392282486, 0.11799396574497223], [0.11536382883787155, 0.9913688898086548, -0.062281083315610886], [-0.11028257757425308, 0.07509502023458481, 0.9910593032836914]]], [-0.2558555603027344, -0.02181540870666504, 0.4675106201171875, 0.12470309947529486, 0.07831599512494036, 0.13681133987750307, [[0.9876194000244141, -0.12568579614162445, 0.09386664628982544], [0.13596691191196442, 0.9842903017997742, -0.11263057589530945], [-0.07823596149682999, 0.12399890273809433, 0.989193320274353]]], [-0.24931558227539063, -0.023189680099487305, 0.46911407470703126, 0.1557964301255419, 0.06949534531491186, 0.14466166392002605, [[0.9871661067008972, -0.1317494809627533, 0.09025035798549652], [0.14380966126918793, 0.9791227579116821, -0.14365719258785248], [-0.06943941861391068, 0.15479238331317902, 0.9855036735534668]]], [-0.243429931640625, -0.030182016372680663, 0.46894921875, 0.12895992278864676, 0.05555924299346904, 0.14561113768309103, [[0.9878907203674316, -0.13682644069194794, 0.07314666360616684], [0.14487324655056, 0.982237696647644, -0.11925139278173447], [-0.05553066357970238, 0.12840433418750763, 0.9901660084724426]]], [-0.23558499145507814, -0.03816255950927734, 0.4689897766113281, 0.15031249982164857, 0.05098890471174222, 0.10722743617538616, [[0.9929644465446472, -0.09822703152894974, 0.06612895429134369], [0.1068829819560051, 0.9838625192642212, -0.14349399507045746], [-0.050966814160346985, 0.14955249428749084, 0.9874393343925476]]], [-0.2317845916748047, -0.04051803970336914, 0.4694417114257812, 0.12747280209222853, 0.03706084201092663, 0.11035074157604845, [[0.9932350516319275, -0.10455164313316345, 0.050528384745121], [0.11005129665136337, 0.9863719344139099, -0.12230724841356277], [-0.03705235943198204, 0.1270405650138855, 0.9912052154541016]]], [-0.2281173858642578, -0.04630622863769531, 0.4697613830566406, 0.08224200238529751, 0.02905108804045775, 0.08553072697286614, [[0.9959240555763245, -0.0827602744102478, 0.03586072847247124], [0.08539043366909027, 0.9931806921958923, -0.07937602698802948], [-0.029047001153230667, 0.08211465924978256, 0.9961994886398315]]], [-0.2227107391357422, -0.05178567886352539, 0.4706881103515625, 0.0851925471583312, 0.02046488952381753, 0.09797110988029105, [[0.9949962496757507, -0.09572684019804001, 0.028614459559321404], [0.09779397398233414, 0.9917656779289246, -0.0826871395111084], [-0.02046346105635166, 0.08507171273231506, 0.9961646795272827]]], [-0.22090676879882812, -0.0552886848449707, 0.47199163818359374, 0.04677535921614682, 0.006900417964317951, 0.08159891096507962, [[0.996648907661438, -0.08109766244888306, 0.010681075043976307], [0.08150644600391388, 0.9956088066101074, -0.04604090005159378], [-0.006900363136082888, 0.04675719141960144, 0.9988824725151062]]], [-0.21904940795898437, -0.06562818908691406, 0.47222256469726565, 0.042993682020763715, -0.005035864821026248, 0.08783351214430192, [[0.996132493019104, -0.08785516768693924, -0.0012415244709700346], [0.08771950751543045, 0.9952055811882019, -0.04325609281659126], [0.005035843700170517, 0.0429798923432827, 0.99906325340271]]], [-0.21825010681152343, -0.07429006195068359, 0.47149609375, 0.06527767284991642, -0.014662173828103642, 0.10022115455233377, [[0.9948751330375671, -0.10079196840524673, -0.008030387572944164], [0.10004270821809769, 0.9927672147750854, -0.06636781990528107], [0.01466164831072092, 0.0652243122458458, 0.99776291847229]]], [-0.21956675720214844, -0.07642730712890625, 0.4716831359863281, 0.08325930245336191, -0.032295591913995336, 0.1227093872245413, [[0.9919630885124207, -0.12464280426502228, -0.021756857633590698], [0.12233784049749374, 0.9887139201164246, -0.08647646754980087], [0.03228997811675072, 0.08311977237462997, 0.9960163235664368]]], [-0.22195970153808595, -0.08324232482910156, 0.470726318359375, 0.04290268177417063, -0.036339248300899074, 0.09173306376789363, [[0.9951380491256714, -0.093071848154068, -0.032216332852840424], [0.09154398739337921, 0.9947364330291748, -0.04603423550724983], [0.03633125126361847, 0.0428612045943737, 0.998420238494873]]], [-0.22344322204589845, -0.08717549133300781, 0.47073193359375, 0.07721371303764535, -0.03640254203656701, 0.10836965902656334, [[0.9934751391410828, -0.11062631011009216, -0.027730243280529976], [0.1080860123038292, 0.990868091583252, -0.08060912042856216], [0.036394502967596054, 0.07708591222763062, 0.9963600039482117]]], [-0.22925949096679688, -0.09523140716552735, 0.47067349243164064, 0.10290649758940086, -0.04189712938040868, 0.11335529221222397, [[0.9927102327346802, -0.116789311170578, -0.029776407405734062], [0.11301342397928238, 0.9878392219543457, -0.1067783460021019], [0.04188487306237221, 0.10263481736183167, 0.9938368797302246]]], [-0.23375138854980468, -0.09927307891845703, 0.470748779296875, 0.06368719713800647, -0.03704536837938144, 0.1039199585868592, [[0.993922770023346, -0.1058671772480011, -0.030160406604409218], [0.10366184264421463, 0.9923442602157593, -0.06713496148586273], [0.037036895751953125, 0.06360048800706863, 0.997287929058075]]], [-0.23838414001464844, -0.10247286224365235, 0.4720571899414063, 0.08738623184607776, -0.03621714981135038, 0.10098925750158112, [[0.9942525029182434, -0.10357704758644104, -0.027088413015007973], [0.10075157135725021, 0.9907900094985962, -0.09046698361635208], [0.03620923310518265, 0.08721782267093658, 0.9955309629440308]]], [-0.2461251220703125, -0.11103373718261719, 0.4738012390136719, 0.06637995212266143, -0.032899502019349436, 0.09972852752483968, [[0.994492769241333, -0.10151505470275879, -0.026053888723254204], [0.09950941801071167, 0.9926226139068604, -0.06926941126585007], [0.03289356827735901, 0.0662953183054924, 0.9972577095031738]]], [-0.2530616912841797, -0.1128774642944336, 0.47629083251953125, 0.05803956243510517, -0.014627831791069523, 0.11643950043378962, [[0.9931223392486572, -0.11682368069887161, -0.007764747366309166], [0.11616413295269012, 0.9914575815200806, -0.059310682117938995], [0.014627310447394848, 0.058000776916742325, 0.9982093572616577]]], [-0.258237060546875, -0.12001350402832031, 0.4766554870605469, 0.047094305653860274, -0.030485840465935388, 0.08824661977178955, [[0.9956459403038025, -0.08946378529071808, -0.026179859414696693], [0.088091179728508, 0.9948779344558716, -0.049577102065086365], [0.030481118708848953, 0.04705502465367317, 0.998427152633667]]], [-0.26348281860351563, -0.12550543212890625, 0.4791997375488281, 0.09198071243622179, -0.006511287083467154, 0.12334409292690203, [[0.9923816919326782, -0.1231050118803978, 0.004866123199462891], [0.123028963804245, 0.9881340265274048, -0.09195095300674438], [0.006511240731924772, 0.09184911847114563, 0.9957516193389893]]], [-0.2687222900390625, -0.12979579162597657, 0.4801450500488281, 0.05146558058206723, 0.003719099440791407, 0.11047547341013392, [[0.9938969016075134, -0.10991475731134415, 0.00936314556747675], [0.11025012284517288, 0.992608904838562, -0.050719767808914185], [-0.003719090949743986, 0.05144250765442848, 0.9986690282821655]]], [-0.27220318603515625, -0.13356417846679688, 0.48119235229492185, 0.08269598333368894, 0.007928817095803398, 0.11950007968684678, [[0.992837131023407, -0.11815820634365082, 0.017692727968096733], [0.11921212077140808, 0.9895534515380859, -0.081070676445961], [-0.007928733713924885, 0.08259916305541992, 0.9965513348579407]]], [-0.273262451171875, -0.13334954833984375, 0.48089727783203123, 0.07000858501742888, 0.016205036838611075, 0.13252755799626315, [[0.9911009073257446, -0.13069269061088562, 0.025266263633966446], [0.13212260603904724, 0.9889527559280396, -0.06720201671123505], [-0.01620432734489441, 0.06994222849607468, 0.9974194169044495]]], [-0.28149462890625, -0.14286907958984374, 0.485085693359375, 0.027447457401796417, 0.02549788076432069, 0.12862853373699215, [[0.9914163947105408, -0.12753190100193024, 0.028795329853892326], [0.1282324343919754, 0.9914549589157104, -0.02394815720617771], [-0.025495117530226707, 0.027435090392827988, 0.9992983937263489]]], [-0.2838207092285156, -0.1477498779296875, 0.48746575927734376, 0.03875708358283397, 0.04290964381607765, 0.13539264050680838, [[0.989936351776123, -0.13323108851909637, 0.047702085226774216], [0.13485512137413025, 0.9903286695480347, -0.03260698914527893], [-0.04289647564291954, 0.03871171548962593, 0.998329222202301]]], [-0.2850378112792969, -0.1517079772949219, 0.48892864990234375, 0.03915854413254753, 0.03236290654112994, 0.12140796710851214, [[0.992119312286377, -0.11975967139005661, 0.03683573380112648], [0.1210465133190155, 0.9920315742492676, -0.03494458645582199], [-0.03235725685954094, 0.03912803903222084, 0.9987101554870605]]], [-0.2860442199707031, -0.15447987365722657, 0.4939376220703125, 0.036700652345928925, 0.04337917191313778, 0.1450844297228224, [[0.9885628819465637, -0.1429041475057602, 0.04818590357899666], [0.1444399654865265, 0.9890574216842651, -0.030041515827178955], [-0.04336556792259216, 0.036657895892858505, 0.9983865022659302]]], [-0.2874752502441406, -0.15949879455566407, 0.49736285400390623, 0.027468419639758566, 0.022579110107259215, 0.13466248688562865, [[0.9906941056251526, -0.13359074294567108, 0.026051687076687813], [0.1342216432094574, 0.9906561374664307, -0.02418633922934532], [-0.02257719077169895, 0.027457965537905693, 0.9993679523468018]]], [-0.28925418090820315, -0.16036259460449218, 0.5007607421875, 0.006634290714530006, 0.006910156941328349, 0.13433722528714115, [[0.9909666776657104, -0.13388516008853912, 0.007736240979284048], [0.13393034040927887, 0.9909746646881104, -0.005648995749652386], [-0.006910101976245642, 0.006634083576500416, 0.999954104423523]]], [-0.29062600708007813, -0.16140870666503906, 0.507042724609375, -0.004262957774214912, -0.0007103322406805113, 0.15122191996796253, [[0.988587498664856, -0.15064185857772827, -0.0013444158248603344], [0.1506461799144745, 0.9885792136192322, 0.004107287153601646], [0.000710332184098661, -0.004262943752110004, 0.9999906420707703]]], [-0.2937281494140625, -0.16044857788085937, 0.5105275268554688, -0.0194454501815456, -0.013193195019434611, 0.12248034329339257, [[0.9924222826957703, -0.1218966394662857, -0.015467090532183647], [0.12216371297836304, 0.9923523664474487, 0.01768704317510128], [0.013192811980843544, -0.01944253221154213, 0.9997239112854004]]], [-0.2970066833496094, -0.159170166015625, 0.5114951171875, -0.016418264133096196, -0.01187231353920315, 0.10402297896130291, [[0.9945244193077087, -0.10362762957811356, -0.013510990887880325], [0.10382816195487976, 0.9944806694984436, 0.015096209943294525], [0.011872034519910812, -0.016416369006037712, 0.9997947812080383]]], [-0.3014067687988281, -0.15654705810546876, 0.5128663940429687, -0.015584555241117758, -0.030094190678783717, 0.09510764428278015, [[0.9950299263000488, -0.09448599815368652, -0.031429942697286606], [0.09492132812738419, 0.9954043030738831, 0.012656399048864841], [0.030089648440480232, -0.015576868318021297, 0.9994258284568787]]], [-0.30422970581054687, -0.1541426544189453, 0.5116387329101563, 0.011979850620015282, -0.028008304028003916, 0.11257536213802552, [[0.9932803511619568, -0.11266303062438965, -0.02647962048649788], [0.11229366809129715, 0.9935610890388489, -0.015049486421048641], [0.028004642575979233, 0.011974865570664406, 0.9995360374450684]]], [-0.3093984985351563, -0.1547878875732422, 0.5098971557617188, 0.053399571245027644, -0.027579225970165266, 0.09264544975139602, [[0.9953328371047974, -0.0938466265797615, -0.022480526939034462], [0.09247779101133347, 0.994156002998352, -0.055692777037620544], [0.02757572941482067, 0.05335389822721481, 0.9981948137283325]]], [-0.31243115234375, -0.15410784912109374, 0.5102669982910156, 0.07302362410607952, -0.013173118470958478, 0.10068512197611801, [[0.9948492050170898, -0.10120341181755066, -0.005737641826272011], [0.10050637274980545, 0.9921873807907104, -0.07390977442264557], [0.013172737322747707, 0.07295241206884384, 0.9972484111785889]]], [-0.3180575866699219, -0.14960350036621095, 0.5093571166992188, 0.06817827277122396, -0.006694246002854953, 0.10202650845536937, [[0.994777500629425, -0.10206664353609085, 0.00029463745886459947], [0.10184731334447861, 0.9924421906471252, -0.0684514194726944], [0.006694195792078972, 0.06812393665313721, 0.997654378414154]]], [-0.32298654174804686, -0.14928741455078126, 0.5094518737792969, 0.04398317693412066, 0.01255235284056, 0.08350861152292213, [[0.9964366555213928, -0.08278094232082367, 0.01616370864212513], [0.0834050104022026, 0.9955974817276001, -0.04276980087161064], [-0.012552022933959961, 0.04396553337574005, 0.998954176902771]]], [-0.32718023681640623, -0.15217649841308595, 0.5112058410644531, 0.08656845302436582, 0.009954627304483266, 0.07131870541026537, [[0.9974084496498108, -0.07013294100761414, 0.016052991151809692], [0.07125473022460938, 0.9937840104103088, -0.08553389459848404], [-0.009954462759196758, 0.08645608276128769, 0.9962059259414673]]], [-0.33148077392578124, -0.14778755187988282, 0.5121746215820312, 0.06741490332396108, 0.01589460183106417, 0.09113439763514147, [[0.9957243204116821, -0.08973533660173416, 0.02192269079387188], [0.09099680185317993, 0.9936854839324951, -0.06564110517501831], [-0.015893932431936264, 0.06735534220933914, 0.9976024627685547]]], [-0.335738525390625, -0.1467505187988281, 0.5153710327148437, 0.045847398973329054, 0.024889885909582743, 0.0980795794104554, [[0.9948858022689819, -0.09668437391519547, 0.029229598119854927], [0.09789207577705383, 0.9942600131034851, -0.04317661002278328], [-0.024887315928936005, 0.045817144215106964, 0.9986397624015808]]], [-