{"amplitude": 0.09660928443300043, "frequency": 0.022026704769777625, "seed": 1762490634, "time_interval": 0.05, "pid_gains": {"pid_rate": {"roll_kp": "50.0", "roll_ki": "0.0", "roll_kd": "0.0", "pitch_kp": "50.0", "pitch_ki": "0.0", "pitch_kd": "0.0", "yaw_kp": "80.0", "yaw_ki": "0.0", "yaw_kd": "0.0"}, "pid_attitude": {"roll_kp": "8.0", "roll_ki": "0.0", "roll_kd": "0.20000000298023224", "pitch_kp": "8.0", "pitch_ki": "0.0", "pitch_kd": "1.0", "yaw_kp": "10.0", "yaw_ki": "0.0", "yaw_kd": "0.3499999940395355"}, "velCtlPid": {"vxKp": "15.0", "vxKi": "1.0", "vxKd": "0.0", "vyKp": "10.0", "vyKi": "1.0", "vyKd": "0.0", "vzKp": "12.5", "vzKi": "0.5", "vzKd": "0.0"}, "posCtlPid": {"xKp": "1.5", "xKi": "0.0", "xKd": "0.0", "yKp": "1.5", "yKi": "0.0", "yKd": "0.0", "zKp": "5.0", "zKi": "0.5", "zKd": "0.0"}}, "mocap_pose": [[-0.027422346115112305, 0.023073522567749024, 0.25842315673828126, 0.01700749938122348, 0.0583334313144479, 1.000966935541815, [[0.538570761680603, -0.8413363695144653, 0.045767322182655334], [0.8405608534812927, 0.5402452349662781, 0.03990648686885834], [-0.05830035358667374, 0.01697775349020958, 0.9981546998023987]]], [-0.027402957916259765, 0.023059175491333007, 0.25843234252929687, 0.017185637950644594, 0.05714416643904063, 0.9999113287641623, [[0.5394948720932007, -0.8407684564590454, 0.04531770944595337], [0.8400496244430542, 0.5411229729652405, 0.0387628935277462], [-0.05711307004094124, 0.01715674065053463, 0.9982202649116516]]], [-0.027622430801391602, 0.022877986907958985, 0.2583514709472656, 0.015377819919333513, 0.057878120897540075, 1.0099916674644425, [[0.530977189540863, -0.8462541699409485, 0.04378453269600868], [0.8454094529151917, 0.5325581431388855, 0.04080098494887352], [-0.057845812290906906, 0.015351466834545135, 0.9982075095176697]]], [-0.027433242797851563, 0.022634126663208007, 0.2582935791015625, 0.02162262858915176, 0.0601573297199125, 1.072119007756175, [[0.47739923000335693, -0.8773889541625977, 0.04773489385843277], [0.8766273260116577, 0.47929415106773376, 0.04244639724493027], [-0.06012105196714401, 0.02158183418214321, 0.9979577660560608]]], [-0.02808610916137695, 0.02305227279663086, 0.25825927734375, 0.020966900842758762, 0.058764151955877475, 1.2010304256924478, [[0.36077335476875305, -0.9317620396614075, 0.04076866805553436], [0.9308025240898132, 0.36246582865715027, 0.04717200994491577], [-0.058730337768793106, 0.02092917636036873, 0.9980544447898865]]], [-0.02881397247314453, 0.022524337768554687, 0.26507659912109377, -0.011548802069099251, 0.04376030154658461, 1.198470683515842, [[0.36343446373939514, -0.9316055178642273, 0.005155816208571196], [0.9305921196937561, 0.36328789591789246, 0.04494744911789894], [-0.04374633729457855, -0.011537490412592888, 0.9989760518074036]]], [-0.02893233871459961, 0.023438976287841796, 0.2735632629394531, -0.018656243383021964, 0.0785580853837482, 1.0558574219197234, [[0.49096280336380005, -0.870892345905304, 0.022405898198485374], [0.8676386475563049, 0.4911217987537384, 0.07747603207826614], [-0.07847730815410614, -0.018597625195980072, 0.9967424273490906]]], [-0.03101878547668457, 0.025050323486328126, 0.29995574951171877, -0.024189001292978574, -0.008704755888939264, 0.8586818772333995, [[0.6534110903739929, -0.7566229104995728, -0.023995114490389824], [0.756953239440918, 0.6534040570259094, 0.009217087179422379], [0.008704646490514278, -0.024185726419091225, 0.99966961145401]]], [-0.033985702514648435, 0.02670670700073242, 0.3190999755859375, 0.03410639676939786, -0.04122012031000688, 0.7433363484170808, [[0.7355894446372986, -0.6773889064788818, -0.007243665400892496], [0.6761730909347534, 0.734835684299469, -0.05297628045082092], [0.04120844975113869, 0.03407081961631775, 0.9985694885253906]]], [-0.04133049774169922, 0.032866382598876955, 0.34467388916015623, -0.0149790119425523, -0.04162009086555174, 0.5685613859406, [[0.8419466614723206, -0.5378347635269165, -0.04312291368842125], [0.5379540324211121, 0.8429174423217773, -0.009778132662177086], [0.04160807654261589, -0.014965481124818325, 0.9990219473838806]]], [-0.04532367706298828, 0.03401157379150391, 0.3594320068359375, -0.08564456083985084, -0.04506983669098896, 0.5018331112730143, [[0.8758119940757751, -0.4758915603160858, -0.0805022269487381], [0.48054495453834534, 0.8753427863121033, 0.0533997006714344], [0.04505458101630211, -0.08545303344726562, 0.9953230023384094]]], [-0.04993218612670899, 0.03831223678588867, 0.3758011169433594, -0.014454793479079103, -0.03391270512568112, 0.4252856098003803, [[0.9103971719741821, -0.4120914340019226, -0.036846209317445755], [0.41234374046325684, 0.9110279679298401, -0.0008208779618144035], [0.033906206488609314, -0.01444597914814949, 0.9993206262588501]]], [-0.057601268768310544, 0.043134387969970704, 0.3882262573242187, 0.008384587290586526, -0.042245977071724505, 0.3763359625576105, [[0.9291876554489136, -0.3678317368030548, -0.03619500249624252], [0.36718741059303284, 0.9298546314239502, -0.02331860177218914], [0.042233411222696304, 0.008377008140087128, 0.9990726709365845]]], [-0.060416561126708984, 0.04533684921264648, 0.394500732421875, 0.008496146948952038, -0.013760754400968134, 0.3788789236604232, [[0.9289919137954712, -0.36997440457344055, -0.009641465730965137], [0.36984410881996155, 0.929003119468689, -0.01298297569155693], [0.013760319910943508, 0.008495240472257137, 0.9998692274093628]]], [-0.06587195587158202, 0.05394251251220703, 0.39906289672851564, 0.03063286932563103, -0.004077271458359899, 0.35907628347881126, [[0.936214029788971, -0.35136163234710693, 0.006947571411728859], [0.35140666365623474, 0.935738742351532, -0.030106792226433754], [0.004077260382473469, 0.030627824366092682, 0.9995225667953491]]], [-0.06892933654785156, 0.05582129287719727, 0.40100189208984377, 0.012270976528974381, 0.01142378197473759, 0.3394656571287057, [[0.9428712129592896, -0.33282604813575745, 0.014856739901006222], [0.3329615592956543, 0.9429084062576294, -0.007766855880618095], [-0.011423533782362938, 0.012269867584109306, 0.9998594522476196]]], [-0.07037987518310547, 0.06261433410644532, 0.40148309326171877, 0.05128254149435352, 0.030864665035255312, 0.3693398577983073, [[0.9321216940879822, -0.35905009508132935, 0.0472458079457283], [0.3608279526233673, 0.9319109320640564, -0.036677662283182144], [-0.03085976466536522, 0.05123565346002579, 0.9982097148895264]]], [-0.07144194793701172, 0.06980997467041015, 0.40088351440429687, 0.04360498431763754, 0.05669891015932027, 0.3506458181859518, [[0.9376419186592102, -0.34085795283317566, 0.06814348697662354], [0.3429524004459381, 0.9391068816184998, -0.02149130403995514], [-0.05666853487491608, 0.04352111741900444, 0.9974440336227417]]], [-0.07094934844970703, 0.07343833923339843, 0.3996996765136719, 0.027703717641887088, 0.06050760112709974, 0.33146512849864573, [[0.9438361525535583, -0.3237200081348419, 0.0661715492606163], [0.3248332142829895, 0.9457488656044006, -0.006521008908748627], [-0.060470689088106155, 0.02764948271214962, 0.9977869391441345]]], [-0.06589772033691406, 0.08026199340820313, 0.39666943359375, 0.06222984071108206, 0.07856698063476175, 0.34186392377792557, [[0.9392251372337341, -0.329996258020401, 0.09464986622333527], [0.3342095613479614, 0.9419441223144531, -0.03232978656888008], [-0.07848617434501648, 0.06199784204363823, 0.9949855208396912]]], [-0.06312561798095703, 0.08746052551269531, 0.3948960876464844, 0.04962645526471157, 0.08665899638243113, 0.3281006426044951, [[0.9431037306785583, -0.3177844285964966, 0.09781809896230698], [0.32103633880615234, 0.94687420129776, -0.019103704020380974], [-0.08655057102441788, 0.049419939517974854, 0.9950209259986877]]], [-0.05910132217407227, 0.08999130249023438, 0.3921829833984375, 0.03073956508588141, 0.08192847451064345, 0.300702942091707, [[0.951924741268158, -0.2936493754386902, 0.08723115175962448], [0.2951981723308563, 0.9554222822189331, -0.005127668380737305], [-0.08183684945106506, 0.03063163161277771, 0.9961748719215393]]], [-0.05473923110961914, 0.09559976959228515, 0.3896964111328125, 0.0737173926953739, 0.07260126564268776, 0.31280019604476816, [[0.9489691257476807, -0.30180519819259644, 0.09149429947137833], [0.3069135248661041, 0.9505354762077332, -0.047815874218940735], [-0.07253750413656235, 0.07345662266016006, 0.9946569204330444]]], [-0.04895507049560547, 0.10224480438232422, 0.38640829467773435, 0.030418643009081064, 0.056618130069774786, 0.3373412725088144, [[0.9421259164810181, -0.32920220494270325, 0.06344016641378403], [0.33044904470443726, 0.9437710642814636, -0.009979001246392727], [-0.056587886065244675, 0.030365217477083206, 0.9979357719421387]]], [-0.04345064926147461, 0.1036212158203125, 0.3817108154296875, 0.041084766067605055, 0.031046855339139645, 0.2956892009556844, [[0.9561405181884766, -0.2899336516857147, 0.041638340801000595], [0.2912587821483612, 0.9561658501625061, -0.03025275282561779], [-0.031041868031024933, 0.0410534143447876, 0.9986746311187744]]], [-0.04175236892700195, 0.10394914245605469, 0.379742919921875, 0.07712504716760196, 0.019683289399788473, 0.3105099446873716, [[0.951993465423584, -0.30319201946258545, 0.04222683236002922], [0.3054850399494171, 0.9498107433319092, -0.06736813485622406], [-0.0196820180863142, 0.07703368365764618, 0.9968342185020447]]], [-0.03708301544189453, 0.10419593048095703, 0.37556527709960935, 0.08783813007934599, -0.014162849869624683, 0.3142847393273911, [[0.9509223699569702, -0.3091260492801666, 0.013702306896448135], [0.3091053366661072, 0.9469672441482544, -0.08778946846723557], [0.014162376523017883, 0.08771642297506332, 0.9960448145866394]]], [-0.0362302360534668, 0.1016781234741211, 0.3743151245117188, 0.060115796556412, -0.040841150997793285, 0.33384352631054637, [[0.9440020322799683, -0.32940244674682617, -0.018819211050868034], [0.3274035155773163, 0.9422793984413147, -0.07011739909648895], [0.040829796344041824, 0.060029495507478714, 0.9973611831665039]]], [-0.037576507568359375, 0.09967815399169921, 0.37299295043945313, 0.09355021727108855, -0.05571473117990888, 0.29523201322596637, [[0.9552501440048218, -0.2946663498878479, -0.025863826274871826], [0.290510356426239, 0.9510377049446106, -0.1055038720369339], [0.05568591132760048, 0.09326887875795364, 0.994082510471344]]], [-0.03913283920288086, 0.09599181365966797, 0.37206671142578124, 0.08803655800225266, -0.05719800290005583, 0.2826110467027102, [[0.9587600827217102, -0.2826109826564789, -0.03016790561378002], [0.278408020734787, 0.9552098512649536, -0.10031506419181824], [0.05716681852936745, 0.08777909725904465, 0.9944982528686523]]], [-0.04136156463623047, 0.09114881134033204, 0.3718594970703125, 0.05414422426321826, -0.06959278951948611, 0.2804888677750269, [[0.9585942029953003, -0.2800358831882477, -0.05174005776643753], [0.27615535259246826, 0.9584702849388123, -0.0712241604924202], [0.06953662633895874, 0.05398677662014961, 0.9961175322532654]]], [-0.0458827896118164, 0.08523971557617188, 0.3714837646484375, 0.06686329358733825, -0.07067094861592271, 0.28189784706484455, [[0.9581316113471985, -0.28208911418914795, -0.04908734932541847], [0.2774847149848938, 0.957070529460907, -0.08377522975206375], [0.07061213999986649, 0.06664671003818512, 0.9952749013900757]]], [-0.04966778182983399, 0.08277226257324219, 0.37300088500976564, 0.0788034291536681, -0.05805679053493673, 0.285169864966807, [[0.9579970836639404, -0.2848307192325592, -0.03336193040013313], [0.2808464765548706, 0.9553508162498474, -0.09181535243988037], [0.05802418291568756, 0.07858926057815552, 0.9952170252799988]]], [-0.05391172409057617, 0.07545741271972656, 0.37410888671875, 0.06018445223207339, -0.06953171851175588, 0.28088811565077465, [[0.9584879875183105, -0.2807222306728363, -0.04995846375823021], [0.27653923630714417, 0.9579116106033325, -0.07701532542705536], [0.0694757029414177, 0.06000278517603874, 0.9957774877548218]]], [-0.05864029312133789, 0.0723116455078125, 0.37645022583007814, 0.08330641923966407, -0.049573887835053565, 0.2893290228744931, [[0.9572580456733704, -0.2882717251777649, -0.023588603362441063], [0.28495869040489197, 0.9539352655410767, -0.0938405767083168], [0.049553584307432175, 0.08310786634683609, 0.9953077435493469]]], [-0.06539552307128907, 0.0694541244506836, 0.37927267456054686, 0.05400702470383052, -0.04289433529148923, 0.26493979202814283, [[0.9642205238342285, -0.2637033760547638, -0.027189714834094048], [0.2616102993488312, 0.9630950093269348, -0.06330940872430801], [0.042881183326244354, 0.05393112078309059, 0.9976235032081604]]], [-0.07268492889404297, 0.0644714813232422, 0.38262353515625, 0.018188566132807282, -0.05760239952930757, 0.2963068231186903, [[0.9548351168632507, -0.2929431200027466, -0.04974201321601868], [0.29150569438934326, 0.9559574723243713, -0.0342022180557251], [0.057570550590753555, 0.01815739832818508, 0.9981763362884521]]], [-0.07821710205078125, 0.059412025451660154, 0.38542861938476564, 0.027335726079725953, -0.025307692977247775, 0.27528872158112927, [[0.9620385766029358, -0.27238884568214417, -0.01691347546875477], [0.2717377543449402, 0.9617992043495178, -0.03317912667989731], [0.025304991751909256, 0.027323568239808083, 0.999306321144104]]], [-0.08510985565185547, 0.05703980255126953, 0.3892630920410156, 0.05107955066440416, -0.023201476389808517, 0.27245159399938557, [[0.9628548622131348, -0.26988324522972107, -0.008575327694416046], [0.2690209746360779, 0.9615391492843628, -0.05540870502591133], [0.02319939434528351, 0.05104359984397888, 0.9984269142150879]]], [-0.0917304916381836, 0.05810778045654297, 0.3928497314453125, 0.027535841014483003, -0.009593827638203267, 0.26902726793285514, [[0.9639855027198792, -0.26594769954681396, -0.0019271571654826403], [0.26578158140182495, 0.9635942578315735, -0.029090993106365204], [0.009593680500984192, 0.02753109484910965, 0.9995748996734619]]], [-0.09751008605957032, 0.05420231628417969, 0.39491729736328124, -0.0016765087886210506, -0.021924344799533646, 0.27891069916127054, [[0.961124837398529, -0.2752728760242462, -0.02153693698346615], [0.2752424478530884, 0.9613646864891052, -0.004423747770488262], [0.021922588348388672, -0.0016761049628257751, 0.999758243560791]]], [-0.1018472900390625, 0.05499494934082031, 0.3970238037109375, 0.04097895373900494, -0.010017578796726267, 0.27058712368658916, [[0.9635657668113708, -0.26746830344200134, 0.0013056803727522492], [0.2672838270664215, 0.9626954793930054, -0.042152225971221924], [0.010017410852015018, 0.040965430438518524, 0.9991103410720825]]], [-0.11061026000976562, 0.0578369140625, 0.40060797119140623, 0.005088226517718508, -0.01552410302128937, 0.2907699717772999, [[0.9579079747200012, -0.28676190972328186, -0.013412927277386189], [0.2866554260253906, 0.9579883813858032, -0.009324987418949604], [0.01552347932010889, 0.005087591242045164, 0.9998665452003479]]], [-0.11480661773681641, 0.05686056900024414, 0.4009156494140625, 0.03768650523821718, -0.0196816142649745, 0.290229013410896, [[0.9579927921295166, -0.2866789698600769, -0.008061632513999939], [0.28611624240875244, 0.9572858214378357, -0.04172980412840843], [0.019680343568325043, 0.03767028823494911, 0.9990963935852051]]], [-0.12129750061035156, 0.05594668197631836, 0.40424432373046876, 0.03404647296768776, -0.03107740302487505, 0.2786805153091141, [[0.960955023765564, -0.2759447991847992, -0.020492348819971085], [0.2749544680118561, 0.9605711102485657, -0.04126928001642227], [0.031072400510311127, 0.0340234600007534, 0.9989379048347473]]], [-0.1299546356201172, 0.05634379577636719, 0.40680752563476563, 0.006968060103193036, -0.06329433078003888, 0.27570901992369623, [[0.9603056311607361, -0.2726467251777649, -0.05896482989192009], [0.2716841399669647, 0.9620890617370605, -0.023923486471176147], [0.06325207650661469, 0.006954051088541746, 0.9979733824729919]]], [-0.14012574768066408, 0.05562863159179687, 0.40987515258789065, 0.02437649066167258, -0.07273057732708788, 0.26952710450848294, [[0.9613486528396606, -0.26790377497673035, -0.06353195756673813], [0.2655716836452484, 0.9631389379501343, -0.042837660759687424], [0.0726664736866951, 0.024309638887643814, 0.9970600008964539]]], [-0.14871617126464845, 0.05552452087402344, 0.41283297729492185, 0.029998864307252945, -0.0735571357124074, 0.27361143115171, [[0.9601978063583374, -0.2722110152244568, -0.06262043863534927], [0.2694796025753021, 0.9617725014686584, -0.04872765392065048], [0.07349082082509995, 0.02991325780749321, 0.9968471527099609]]], [-0.16032374572753907, 0.05537265396118164, 0.41479360961914064, 0.034353418006150035, -0.07494900132775051, 0.27117769859408286, [[0.9607513546943665, -0.27018609642982483, -0.06289961189031601], [0.2671142816543579, 0.9621987342834473, -0.05313718691468239], [0.07487884908914566, 0.03425023704767227, 0.9966042637825012]]], [-0.17566514587402343, 0.054874443054199216, 0.4154667358398437, 0.03365562873512505, -0.10312388194281485, 0.2689357617026752, [[0.958932638168335, -0.2688945233821869, -0.09024389833211899], [0.2642940282821655, 0.9625878930091858, -0.059776291251182556], [0.10294120013713837, 0.0334705114364624, 0.994124174118042]]], [-0.18925721740722656, 0.05275934982299805, 0.41587591552734376, 0.032950328409151936, -0.09190603523477447, 0.2598133694735103, [[0.9623591899871826, -0.2596827745437622, -0.0801849290728569], [0.2558159828186035, 0.9651365876197815, -0.055403340607881546], [0.09177670627832413, 0.03280532732605934, 0.9952390789985657]]], [-0.20619558715820313, 0.046399429321289064, 0.4155450439453125, 0.08945372006741145, -0.09729681472299512, 0.2590184986920365, [[0.9620699882507324, -0.2634965777397156, -0.07064598798751831], [0.25492051243782043, 0.9605541229248047, -0.11113646626472473], [0.09714337438344955, 0.08891195058822632, 0.9912909865379333]]], [-0.21993997192382814, 0.046267078399658206, 0.4143277282714844, 0.08187523857124013, -0.09312056863085405, 0.2537339516624807, [[0.9637880325317383, -0.2575404644012451, -0.06917791068553925], [0.24993254244327545, 0.9628303050994873, -0.10242840647697449], [0.09298604726791382, 0.08142945915460587, 0.9923320412635803]]], [-0.23252630615234374, 0.04179809188842774, 0.41526443481445313, 0.10035619991711688, -0.07446105475962117, 0.24271144170181663, [[0.9680001735687256, -0.24636098742485046, -0.04776979982852936], [0.23966951668262482, 0.9640146493911743, -0.11504045873880386], [0.07439226657152176, 0.09991021454334259, 0.9922115206718445]]], [-0.25003216552734375, 0.03552235794067383, 0.4158121948242188, 0.10417786786095942, -0.05067480483731868, 0.2412198064657862, [[0.9698007702827454, -0.2427070289850235, -0.0240781269967556], [0.2385806292295456, 0.9645243287086487, -0.11301353573799133], [0.0506531186401844, 0.10385603457689285, 0.9933016300201416]]], [-0.262750244140625, 0.03345068359375, 0.4157584228515625, 0.092708704172712, -0.02729712717013233, 0.2299110465159574, [[0.9733239412307739, -0.2293725162744522, -0.00536420289427042], [0.22780601680278778, 0.9689294695854187, -0.09633325785398483], [0.02729373797774315, 0.09254147112369537, 0.9953346848487854]]], [-0.28020477294921875, 0.029431400299072267, 0.41817578125, 0.05478408479882452, -0.011763780706169902, 0.22960281717052838, [[0.9736894965171814, -0.22787655889987946, 0.0010245040757581592], [0.22757503390312195, 0.9721493721008301, -0.05599294602870941], [0.01176350936293602, 0.0547528974711895, 0.998430609703064]]], [-0.2919376525878906, 0.022943923950195313, 0.42113552856445313, 0.08062678799555584, 0.0017945834838388741, 0.2313461945963165, [[0.9733570218086243, -0.2284025102853775, 0.020207835361361504], [0.22928769886493683, 0.9702297449111938, -0.07798364013433456], [-0.001794582000002265, 0.08053933084011078, 0.9967498183250427]]], [-0.30512112426757815, 0.0249921875, 0.4233815002441406, 0.05371437216732182, 0.03537722603235527, 0.24946067789981863, [[0.9684394001960754, -0.2446851283311844, 0.0474802665412426], [0.2467268854379654, 0.9681168794631958, -0.043307092040777206], [-0.03536984696984291, 0.053654953837394714, 0.9979329109191895]]], [-0.312833740234375, 0.024110431671142577, 0.42544223022460936, 0.010722619644265269, 0.06425541380728705, 0.2258939083149791, [[0.9725830554962158, -0.22329376637935638, 0.06497786194086075], [0.22351543605327606, 0.9746924638748169, 0.003931044600903988], [-0.06421120464801788, 0.010700286366045475, 0.9978789687156677]]], [-0.3207777709960937, 0.024825353622436524, 0.4275692443847656, 0.03227033397353263, 0.08086649728212159, 0.2635140735712195, [[0.9623255133628845, -0.25782299041748047, 0.08635351806879044], [0.2596237063407898, 0.9656568169593811, -0.010121184401214123], [-0.08077839016914368, 0.03215929493308067, 0.9962131381034851]]], [-0.3290651550292969, 0.03342295074462891, 0.42798553466796874, -0.0034728314842430996, 0.11028488458011365, 0.2697082961100252, [[0.9579930901527405, -0.2668170928955078, 0.10515661537647247], [0.26483154296875, 0.9637410044670105, 0.03267300873994827], [-0.11006145924329758, -0.0034517257008701563, 0.993918776512146]]], [-0.33248492431640625, 0.038917911529541015, 0.42846099853515623, -0.03757002557927995, 0.12075148380620737, 0.2726648070479798, [[0.95604407787323, -0.2734661102294922, 0.10581108182668686], [0.267337828874588, 0.9611586332321167, 0.06858991831541061], [-0.12045825272798538, -0.03728768229484558, 0.9920178651809692]]], [-0.3332427673339844, 0.045528186798095706, 0.427992919921875, -0.026380576169407047, 0.13135807481716744, 0.26084133489685146, [[0.9578496813774109, -0.2611418664455414, 0.11970337480306625], [0.25567173957824707, 0.9649461507797241, 0.059252556413412094], [-0.13098064064979553, -0.02615027315914631, 0.9910399913787842]]], [-0.3333489074707031, 0.054093479156494144, 0.4275773010253906, -0.003888142762041649, 0.1417520333470419, 0.2465863313946764, [[0.9600247144699097, -0.24462582170963287, 0.13605421781539917], [0.24164670705795288, 0.9696099162101746, 0.03825546056032181], [-0.14127779006958008, -0.003849135246127844, 0.9899625182151794]]], [-0.3302698364257812, 0.058440147399902345, 0.4271775512695313, 0.019940276567898707, 0.1290125518321632, 0.2677737859663649, [[0.9563478827476501, -0.2620587944984436, 0.12932088971138], [0.26238635182380676, 0.9648492932319641, 0.01480505708605051], [-0.12865495681762695, 0.019773250445723534, 0.9914922714233398]]], [-0.325598876953125, 0.06496563720703125, 0.42540985107421875, 0.08645079764472662, 0.12354736468749228, 0.272571082984696, [[0.9557410478591919, -0.2579555809497833, 0.1414848417043686], [0.2671565115451813, 0.9623497128486633, -0.05010397359728813], [-0.12323330342769623, 0.08568502217531204, 0.9886716604232788]]], [-0.3184269104003906, 0.0704433364868164, 0.4247611999511719, 0.11852117946109648, 0.11885682020917177, 0.25709078469772834, [[0.9603105187416077, -0.2389240264892578, 0.14394110441207886], [0.2524741291999817, 0.9639140367507935, -0.08441879600286484], [-0.11857716739177704, 0.11740966141223907, 0.985978901386261]]], [-0.3096257019042969, 0.07135751342773437, 0.4227637023925781, 0.1409682685260248, 0.10490278084670202, 0.24374753711867747, [[0.9651055932044983, -0.2246699333190918, 0.1345161646604538], [0.24001435935497284, 0.9643645882606506, -0.11132839322090149], [-0.10471048206090927, 0.13972947001457214, 0.9846376776695251]]], [-0.3023184814453125, 0.06973612976074219, 0.4206907958984375, 0.17309009469687994, 0.08534967882406685, 0.252413582933306, [[0.9647877216339111, -0.23179350793361664, 0.12432371079921722], [0.24883270263671875, 0.9575098752975464, -0.14579825103282928], [-0.08524609357118607, 0.17160016298294067, 0.981471598148346]]], [-0.29268942260742187, 0.0685017852783203, 0.42009750366210935, 0.18598802195571734, 0.07057287536245926, 0.2446795113560455, [[0.9677999019622803, -0.22541667520999908, 0.11202961206436157], [0.24164238572120667, 0.956641435623169, -0.16262266039848328], [-0.07051430642604828, 0.18445730209350586, 0.9803076982498169]]], [-0.28350875854492186, 0.0650053482055664, 0.42126907348632814, 0.14152938490272585, 0.05606269819077525, 0.23364223829336248, [[0.9713011980056763, -0.22151827812194824, 0.08662378787994385], [0.23115858435630798, 0.9649326205253601, -0.12438152730464935], [-0.056033335626125336, 0.14083576202392578, 0.988446056842804]]], [-0.2753571472167969, 0.059574878692626954, 0.4227384033203125, 0.1423394376556985, 0.04326107915602018, 0.22463360416325406, [[0.9739636778831482, -0.2145155519247055, 0.07333368062973022], [0.22254078090190887, 0.9663832783699036, -0.1287592351436615], [-0.043247587978839874, 0.141726553440094, 0.9889606833457947]]], [-0.2662103271484375, 0.05588873291015625, 0.4268018188476562, 0.11471992171171187, 0.026274693704171348, 0.1994473886164771, [[0.9798378944396973, -0.19387772679328918, 0.04826097562909126], [0.1980593204498291, 0.9743292331695557, -0.10702832788228989], [-0.026271671056747437, 0.11442894488573074, 0.9930840134620667]]], [-0.259259033203125, 0.0521419792175293, 0.430728759765625, 0.08058350274605056, 0.021918087816851672, 0.20773661559938397, [[0.9782652258872986, -0.2038501650094986, 0.037977565079927444], [0.20619617402553558, 0.9756887555122375, -0.0742601826786995], [-0.021916333585977554, 0.08047698438167572, 0.9965155124664307]]], [-0.255028076171875, 0.046331336975097656, 0.43303363037109377, 0.0699557505411303, 0.007455151404166749, 0.19854270506537436, [[0.9803277850151062, -0.19624757766723633, 0.021077632904052734], [0.19723539054393768, 0.9780600070953369, -0.06705869734287262], [-0.007455082610249519, 0.06989676505327225, 0.9975263476371765]]], [-0.24893844604492188, 0.042305233001708985, 0.43782452392578125, 0.07965502776101409, 0.010982166650175929, 0.21474134089974667, [[0.9769726395606995, -0.2115652710199356, 0.02765180729329586], [0.21308186650276184, 0.9741197824478149, -0.07541042566299438], [-0.010981946252286434, 0.07956602424383163, 0.99676913022995]]], [-0.2433789825439453, 0.03626939010620117, 0.4431173095703125, 0.05435359237566621, -0.009895461275203576, 0.1998959718970688, [[0.9800392389297485, -0.19880101084709167, 0.0011036018840968609], [0.19855764508247375, 0.9785330891609192, -0.0552070178091526], [0.009895299561321735, 0.05432417243719101, 0.9984742999076843]]], [-0.2413361358642578, 0.03130597877502441, 0.4436209411621094, 0.06991070322184009, -0.003675964686174371, 0.20627966091370278, [[0.9787930846214294, -0.20457087457180023, 0.010718203149735928], [0.2048184722661972, 0.9763561487197876, -0.06912391632795334], [0.003675956279039383, 0.0698532983660698, 0.9975504875183105]]], [-0.23793470764160157, 0.026597042083740235, 0.44654696655273435, 0.08990018576722876, -0.011525136817636117, 0.2126980850438746, [[0.977400004863739, -0.21125684678554535, 0.007732517085969448], [0.21108393371105194, 0.9732992053031921, -0.09017901122570038], [0.011524882167577744, 0.08977317810058594, 0.9958955645561218]]], [-0.23676092529296874, 0.024116561889648436, 0.44805181884765627, 0.023690218577442704, -0.01795872767535278, 0.2175772338638941, [[0.9762658476829529, -0.21621939539909363, -0.012416056357324123], [0.21582980453968048, 0.9760574698448181, -0.027004875242710114], [0.017957761883735657, 0.0236841831356287, 0.9995582103729248]]], [-0.2354582061767578, 0.017044946670532225, 0.448602294921875, 0.07448053998023159, -0.020008699464866275, 0.21596309990164142, [[0.9765749573707581, -0.21514835953712463, -0.0035428700502961874], [0.21424536406993866, 0.9737434387207031, -0.07695860415697098], [0.020007364451885223, 0.07439680397510529, 0.9970279932022095]]], [-0.23471426391601563, 0.01662404441833496, 0.4486457214355469, 0.07978511957849972, -0.01034923326362347, 0.23543955836744818, [[0.972359836101532, -0.23333044350147247, 0.008560246787965298], [0.2332579493522644, 0.9691261053085327, -0.07990816235542297], [0.010349049232900143, 0.07969623059034348, 0.9967654943466187]]], [-0.23590660095214844, 0.01755895233154297, 0.4489266662597656, 0.00900685005384562, -0.005875075667869378, 0.20532797731793895, [[0.9789772629737854, -0.2039317935705185, -0.003915032371878624], [0.20388473570346832, 0.9789436459541321, -0.010015337727963924], [0.005875041708350182, 0.009006572887301445, 0.9999421834945679]]], [-0.2354841766357422, 0.01398470973968506, 0.44904159545898437, 0.024709888320479823, -0.017908278753442586, 0.22791488571253243, [[0.9739834070205688, -0.22630885243415833, -0.011856353841722012], [0.22591058909893036, 0.9737423062324524, -0.02811329998075962], [0.017907321453094482, 0.024703411385416985, 0.9995344281196594]]], [-0.2367049560546875, 0.016024328231811522, 0.4493289794921875, 0.02517152944692813, -0.01282477870240184, 0.21510683379201812, [[0.9768732786178589, -0.21369951963424683, -0.007152560167014599], [0.21343424916267395, 0.9765751957893372, -0.027325348928570747], [0.012824427336454391, 0.02516680210828781, 0.9996010065078735]]], [-0.23662570190429688, 0.016396018981933595, 0.4522630615234375, 0.037517805873866134, 0.0018935971645492877, 0.23702926043219977, [[0.9720380902290344, -0.23458170890808105, 0.010647069662809372], [0.2348155677318573, 0.9713724851608276, -0.036015912890434265], [-0.0018935960251837969, 0.03750893846154213, 0.9992945194244385]]], [-0.23795469665527344, 0.01516084098815918, 0.45316152954101563, 0.036489328246294195, -0.008824082785146237, 0.2104536956308255, [[0.9778981804847717, -0.20907935500144958, -0.0010024731745943427], [0.2088954746723175, 0.9772180318832397, -0.0375184491276741], [0.008823968470096588, 0.03647981211543083, 0.9992954134941101]]], [-0.23878640747070312, 0.016859430313110352, 0.4563796081542969, 0.0417406315322052, -0.012565917668427629, 0.22053239024134713, [[0.9757040739059448, -0.21907025575637817, -0.003122506430372596], [0.21873188018798828, 0.9748165011405945, -0.043464209884405136], [0.01256558671593666, 0.041725218296051025, 0.9990500807762146]]], [-0.2414320068359375, 0.01980801773071289, 0.4610628356933594, 0.011149796623685565, -0.017669423721693223, 0.22825050098270422, [[0.973911702632904, -0.2264515608549118, -0.014686325564980507], [0.2262384295463562, 0.9739586114883423, -0.014858057722449303], [0.017668504267930984, 0.011147825047373772, 0.9997817277908325]]], [-0.24406655883789063, 0.023893564224243165, 0.4629820251464844, 0.027499329376713677, -0.023391507347351403, 0.22964326498570597, [[0.973481297492981, -0.22817033529281616, -0.016507849097251892], [0.2275678962469101, 0.9732331037521362, -0.032096147537231445], [0.02338937483727932, 0.02748834155499935, 0.9993484616279602]]], [-0.2472511444091797, 0.026568395614624023, 0.4656088562011719, 0.032117666053310484, -0.010385657328146225, 0.20900969313535278, [[0.9781841039657593, -0.20771047472953796, -0.0034912219271063805], [0.2074800580739975, 0.9776631593704224, -0.03356706723570824], [0.01038547046482563, 0.032110411673784256, 0.9994303584098816]]], [-0.24796150207519532, 0.02857075881958008, 0.46828656005859376, 0.06357728411994909, 0.00944107587417431, 0.229910901439929, [[0.9736433029174805, -0.22684630751609802, 0.023652859032154083], [0.22788061201572418, 0.9718561768531799, -0.05971550568938255], [-0.009440935216844082, 0.06353162974119186, 0.9979351758956909]]], [-0.2506092071533203, 0.03663031005859375, 0.4696019592285156, 0.055518258073424795, 0.03347124904126386, 0.22977213409708658, [[0.9731729030609131, -0.2255965769290924, 0.04517338052392006], [0.22762808203697205, 0.9726409912109375, -0.04642127826809883], [-0.03346499800682068, 0.055458661168813705, 0.9979000091552734]]], [-0.252882568359375, 0.03924680328369141, 0.470221435546875, 0.060310864913693696, 0.033066147084767294, 0.205076007688628, [[0.978510320186615, -0.20132040977478027, 0.04458286985754967], [0.20353025197982788, 0.9776712656021118, -0.05229111760854721], [-0.03306012228131294, 0.06024136021733284, 0.9976361989974976]]], [-0.251366943359375, 0.04346731948852539, 0.470943115234375, 0.0757732623955198, 0.055789515411755364, 0.2640571231616183, [[0.9638370871543884, -0.2561754584312439, 0.07343124598264694], [0.26059311628341675, 0.9636707901954651, -0.058565203100442886], [-0.05576058104634285, 0.07558299601078033, 0.995579183101654]]], [-0.24965855407714843, 0.04860225296020508, 0.471232177734375, 0.10263822734626954, 0.07308008179806835, 0.26200308975587283, [[0.963295042514801, -0.2504270076751709, 0.09669040143489838], [0.25832444429397583, 0.9627277255058289, -0.08014900982379913], [-0.07301504909992218, 0.10218463838100433, 0.9920821785926819]]], [-0.250493408203125, 0.05312271118164062, 0.47118463134765626, 0.06794657044535639, 0.07226519859089486, 0.23726821281077354, [[0.9694468379020691, -0.22974109649658203, 0.08597597479820251], [0.23443478345870972, 0.9708930850028992, -0.049060285091400146], [-0.07220231741666794, 0.06771709769964218, 0.9950885772705078]]], [-0.2438775177001953, 0.056988571166992186, 0.469648193359375, 0.08246450845446104, 0.08805003414853374, 0.24511143557719287, [[0.9663521647453308, -0.2348128855228424, 0.10500654578208923], [0.24172437191009521, 0.9685713052749634, -0.05864252895116806], [-0.08793630450963974, 0.08205197751522064, 0.9927409887313843]]], [-0.23902059936523437, 0.06496311950683593, 0.46905203247070315, 0.08508684056254201, 0.10468459784785877, 0.23428971038292368, [[0.9673545956611633, -0.22267462313175201, 0.1210002526640892], [0.23088125884532928, 0.9712222218513489, -0.05849176645278931], [-0.10449349880218506, 0.08451896905899048, 0.9909276962280273]]], [-0.23442922973632813, 0.06741814422607421, 0.4696263427734375, 0.06365568235023347, 0.08844301136724986, 0.19191262741128937, [[0.97780442237854, -0.18483483791351318, 0.09866383671760559], [0.18999125063419342, 0.9807247519493103, -0.04563162475824356], [-0.08832775056362152, 0.06336406618356705, 0.9940740466117859]]], [-0.223884765625, 0.0691747283935547, 0.46927252197265623, 0.0862856804379367, 0.06304137639339324, 0.2355971642331306, [[0.9704435467720032, -0.2272760421037674, 0.08114750683307648], [0.23296001553535461, 0.9700248837471008, -0.06914708018302917], [-0.06299962848424911, 0.08600746095180511, 0.9943006634712219]]], [-0.21618588256835938, 0.07184683990478516, 0.4698294982910156, 0.1196163051419254, 0.07138078444985241, 0.2136497708760996, [[0.974774956703186, -0.20219582319259644, 0.09450216591358185], [0.21148815751075745, 0.9720850586891174, -0.10160426795482635], [-0.07132018357515335, 0.11902738362550735, 0.9903261661529541]]], [-0.20705616760253906, 0.07011576843261719, 0.469939453125, 0.1373369803805999, 0.049739667189194314, 0.18877791309390798, [[0.9810194969177246, -0.1792057752609253, 0.07406756281852722], [0.18742656707763672, 0.9742630124092102, -0.1252310574054718], [-0.04971915856003761, 0.13673633337020874, 0.9893589615821838]]], [-0.2007594757080078, 0.06468975830078125, 0.46855841064453124, 0.14547339519830066, 0.028030245318296343, 0.19811235919206877, [[0.9800547361373901, -0.19075675308704376, 0.05571917071938515], [0.19674165546894073, 0.9708834886550903, -0.13666749000549316], [-0.028026575222611427, 0.14490389823913574, 0.9890487194061279]]], [-0.19078993225097657, 0.06095066833496094, 0.4690190124511719, 0.17557536821924863, 0.013305697738325684, 0.22469662484987768, [[0.9747754335403442, -0.217119500041008, 0.05169079825282097], [0.2227908968925476, 0.9603922367095947, -0.1673646867275238], [-0.013305304571986198, 0.17465922236442566, 0.9845390319824219]]], [-0.18614866638183594, 0.056284423828125, 0.4684082336425781, 0.14124092845331307, 0.0017941065741713391, 0.18121340337554695, [[0.9836241602897644, -0.17818017303943634, 0.027117503806948662], [0.18022294342517853, 0.9738763570785522, -0.13814663887023926], [-0.0017941060941666365, 0.14077156782150269, 0.9900404810905457]]], [-0.18014657592773436, 0.04777157211303711, 0.4684321594238281, 0.14658089525962123, -0.014034784818606871, 0.1873349436200141, [[0.9824073314666748, -0.18625786900520325, 0.013560825027525425], [0.18622279167175293, 0.9715861678123474, -0.1460869014263153], [0.014034324325621128, 0.14604216814041138, 0.9891788363456726]]], [-0.17499014282226563, 0.04175923538208008, 0.46928182983398437, 0.12662466442818304, -0.021811985713346083, 0.20459471752941644, [[0.978910505771637, -0.204240620136261, 0.00447328994050622], [0.20312201976776123, 0.9707446098327637, -0.128048375248909], [0.02181025594472885, 0.12625651061534882, 0.9917578101158142]]], [-0.1710909881591797, 0.03229431533813477, 0.47072601318359375, 0.08487870227097952, -0.0228018722816703, 0.21340610621101277, [[0.9770611524581909, -0.2129165679216385, -0.004247587639838457], [0.21173490583896637, 0.9733874797821045, -0.08766508102416992], [0.022799896076321602, 0.08475478738546371, 0.9961409568786621]]], [-0.16825906372070312, 0.017382930755615235, 0.4707508544921875, 0.07831405346980252, -0.03788772229488324, 0.20381646767966077, [[0.978598415851593, -0.20468994975090027, -0.021145708858966827], [0.2022630125284195, 0.9756999015808105, -0.08425813168287277], [0.03787865862250328, 0.07817788422107697, 0.9962195754051208]]], [-0.16664523315429688, 0.01132956886291504, 0.4716834716796875, 0.11517438998313356, -0.03199117561196596, 0.21805362235765052, [[0.975820779800415, -0.2184852659702301, -0.006160815712064505], [0.21621905267238617, 0.9690568447113037, -0.11907228082418442], [0.03198571875691414, 0.11486112326383591, 0.9928664565086365]]], [-0.16688516235351564, 0.0037335643768310546, 0.4720685119628906, 0.062419703912654584, -0.04232053875168296, 0.20235969491475883, [[0.9787179231643677, -0.20317530632019043, -0.028826847672462463], [0.20080147683620453, 0.9771568775177002, -0.06959287822246552], [0.04230790585279465, 0.062323324382305145, 0.9971588850021362]]], [-0.16732972717285155, -0.005234124660491943, 0.47200225830078124, 0.0832024195593022, -0.04297997386515551, 0.20083952300226454, [[0.9789944887161255, -0.20230098068714142, -0.025378361344337463], [0.19930781424045563, 0.9757972955703735, -0.08997783809900284], [0.04296674206852913, 0.08302970975637436, 0.9956203699111938]]], [-0.16737773132324218, -0.013660649299621581, 0.47295639038085935, 0.07709943797095072, -0.033652425028746435, 0.23024513144167869, [[0.9730592370033264, -0.2300613671541214, -0.015082942321896553], [0.22808697819709778, 0.970126748085022, -0.08264624327421188], [0.03364607319235802, 0.07697946578264236, 0.9964647889137268]]], [-0.16988357543945312, -0.02047287178039551, 0.472839111328125, 0.023891515794963875, -0.04558066255297133, 0.20670609993866668, [[0.9776957631111145, -0.20624400675296783, -0.03967921808362007], [0.20502407848834991, 0.9782095551490784, -0.03272963687777519], [0.04556488245725632, 0.02386443130671978, 0.9986763000488281]]], [-0.1730613098144531, -0.02648116683959961, 0.47335281372070315, 0.02812657052760656, -0.051868151472541646, 0.19059287936226868, [[0.9805715680122375, -0.19079776108264923, -0.04555833339691162], [0.18918630480766296, 0.9812275171279907, -0.03743128478527069], [0.051844898611307144, 0.02808503992855549, 0.9982601404190063]]], [-0.17561793518066407, -0.033567981719970705, 0.47528231811523436, 0.0644192505359607, -0.04714095038053112, 0.20251816679033974, [[0.9784749746322632, -0.2036910355091095, -0.03311657905578613], [0.2009132206439972, 0.9769212007522583, -0.07251769304275513], [0.047123491764068604, 0.0643031895160675, 0.9968171715736389]]], [-0.18063153076171876, -0.03439651870727539, 0.47839166259765625, 0.023962750233173208, -0.046766580678899494, 0.21723320503739033, [[0.9754298329353333, -0.21656061708927155, -0.04047353193163872], [0.2152930349111557, 0.975975751876831, -0.03347029909491539], [0.0467495359480381, 0.0239342600107193, 0.9986198544502258]]], [-0.1853477020263672, -0.039704139709472654, 0.4793704833984375, 0.0126935713409662, -0.05873517532502004, 0.19076771784219282, [[0.9801658391952515, -0.19032905995845795, -0.05522506311535835], [0.1892857700586319, 0.9816385507583618, -0.023592600598931313], [0.05870141088962555, 0.012671342119574547, 0.9981951713562012]]], [-0.19002978515625, -0.041030868530273434, 0.4826826171875, 0.010098012659148795, -0.052442466367252916, 0.2113993638310983, [[0.9763940572738647, -0.210