{
    "amplitude": 0.054122362228839975,
    "frequency": 0.029628425940745863,
    "seed": 1762038938,
    "time_interval": 0.05,
    "pid_gains": {
        "pid_rate": {
            "roll_kp": "50.0",
            "roll_ki": "0.0",
            "roll_kd": "0.0",
            "pitch_kp": "50.0",
            "pitch_ki": "0.0",
            "pitch_kd": "0.0",
            "yaw_kp": "80.0",
            "yaw_ki": "0.0",
            "yaw_kd": "0.0"
        },
        "pid_attitude": {
            "roll_kp": "8.0",
            "roll_ki": "0.0",
            "roll_kd": "0.20000000298023224",
            "pitch_kp": "8.0",
            "pitch_ki": "0.0",
            "pitch_kd": "1.0",
            "yaw_kp": "10.0",
            "yaw_ki": "0.0",
            "yaw_kd": "0.3499999940395355"
        },
        "velCtlPid": {
            "vxKp": "15.0",
            "vxKi": "1.0",
            "vxKd": "0.0",
            "vyKp": "10.0",
            "vyKi": "1.0",
            "vyKd": "0.0",
            "vzKp": "12.5",
            "vzKi": "0.5",
            "vzKd": "0.0"
        },
        "posCtlPid": {
            "xKp": "1.5",
            "xKi": "0.0",
            "xKd": "0.0",
            "yKp": "1.5",
            "yKi": "0.0",
            "yKd": "0.0",
            "zKp": "5.0",
            "zKi": "0.5",
            "zKd": "0.0"
        }
    },
    "pose": [
        [
            0.03479606628417969,
            -0.01212178897857666,
            0.2620295104980469,
            -0.008851861654727733,
            0.02169887263199244,
            0.7825419439228144,
            [
                [
                    0.7089565992355347,
                    -0.7051928043365479,
                    0.00914414506405592
                ],
                [
                    0.7049182653427124,
                    0.7089603543281555,
                    0.02157471515238285
                ],
                [
                    -0.021697169169783592,
                    -0.00884966179728508,
                    0.9997254014015198
                ]
            ]
        ],
        [
            0.034778934478759765,
            -0.012143167495727539,
            0.26203289794921875,
            -0.00893387099440085,
            0.02150314624519356,
            0.7824011509029054,
            [
                [
                    0.7090588212013245,
                    -0.7050924897193909,
                    0.008950581774115562
                ],
                [
                    0.7048214077949524,
                    0.7090590596199036,
                    0.02149363048374653
                ],
                [
                    -0.021501488983631134,
                    -0.008931686170399189,
                    0.9997289180755615
                ]
            ]
        ],
        [
            0.0339265365600586,
            -0.012519515037536622,
            0.2619842224121094,
            -0.009731712631013467,
            0.01927224777453529,
            0.7688039883355686,
            [
                [
                    0.7186092734336853,
                    -0.6953780055046082,
                    0.007084154058247805
                ],
                [
                    0.6951469779014587,
                    0.7185783386230469,
                    0.020392557606101036
                ],
                [
                    -0.01927105523645878,
                    -0.009729751385748386,
                    0.9997669458389282
                ]
            ]
        ],
        [
            0.03495920944213867,
            -0.013743782997131348,
            0.26216156005859376,
            -0.0022832813185224565,
            0.016811026565128673,
            0.9019240702332649,
            [
                [
                    0.6200140118598938,
                    -0.7845432162284851,
                    0.00863274559378624
                ],
                [
                    0.7844106554985046,
                    0.6200699210166931,
                    0.014603821560740471
                ],
                [
                    -0.016810234636068344,
                    -0.0022829563822597265,
                    0.9998561143875122
                ]
            ]
        ],
        [
            0.03531190490722656,
            -0.010989642143249512,
            0.26202786254882815,
            -0.004937053886532816,
            0.027815133936101466,
            0.9626178417672209,
            [
                [
                    0.5711525082588196,
                    -0.820758581161499,
                    0.011838812381029129
                ],
                [
                    0.8203727006912231,
                    0.5712538361549377,
                    0.02564527466893196
                ],
                [
                    -0.027811547741293907,
                    -0.004935124423354864,
                    0.9996010065078735
                ]
            ]
        ],
        [
            0.03383848190307617,
            -0.010731802940368653,
            0.26432315063476564,
            -0.004057339104778013,
            0.018180433349150427,
            0.962105827834661,
            [
                [
                    0.5716991424560547,
                    -0.8204329013824463,
                    0.007066176272928715
                ],
                [
                    0.8202618956565857,
                    0.5717284083366394,
                    0.017234191298484802
                ],
                [
                    -0.018179431557655334,
                    -0.004056657664477825,
                    0.9998264908790588
                ]
            ]
        ],
        [
            0.033996788024902344,
            -0.013110654830932617,
            0.2747740478515625,
            0.007996966792775062,
            -7.056072479993958e-05,
            0.7698256265269284,
            [
                [
                    0.7180320620536804,
                    -0.6959881782531738,
                    0.005515246652066708
                ],
                [
                    0.6960100531578064,
                    0.7180086970329285,
                    -0.005791126750409603
                ],
                [
                    7.056075264699757e-05,
                    0.007996881380677223,
                    0.9999679923057556
                ]
            ]
        ],
        [
            0.027989137649536134,
            -0.011378100395202637,
            0.295259765625,
            -0.09297088411170296,
            -0.04930318601648742,
            0.5640512514046627,
            [
                [
                    0.844069242477417,
                    -0.5284388661384583,
                    -0.09110117703676224
                ],
                [
                    0.5339646339416504,
                    0.843892514705658,
                    0.05222247913479805
                ],
                [
                    0.049283213913440704,
                    -0.09272419661283493,
                    0.9944714307785034
                ]
            ]
        ],
        [
            0.022026195526123046,
            -0.010829124450683594,
            0.32008349609375,
            -0.07959721168556819,
            -0.07878504795146202,
            0.4632664711043174,
            [
                [
                    0.8918225765228271,
                    -0.43985942006111145,
                    -0.10571736842393875
                ],
                [
                    0.44548648595809937,
                    0.8945616483688354,
                    0.03607318922877312
                ],
                [
                    0.07870356738567352,
                    -0.07926654070615768,
                    0.9937416911125183
                ]
            ]
        ],
        [
            0.01565629482269287,
            -0.007021459579467773,
            0.34117071533203125,
            -0.0726956194504475,
            -0.0678134577958891,
            0.45210052479013635,
            [
                [
                    0.8974639177322388,
                    -0.43127501010894775,
                    -0.09252215921878815
                ],
                [
                    0.43585190176963806,
                    0.8993057012557983,
                    0.03581058606505394
                ],
                [
                    0.06776149570941925,
                    -0.07246466726064682,
                    0.9950664639472961
                ]
            ]
        ],
        [
            0.007317045211791992,
            -0.010234811782836913,
            0.3628762512207031,
            -0.0164958703303566,
            -0.051428090303574425,
            0.37304058766539344,
            [
                [
                    0.9299923181533813,
                    -0.3636093735694885,
                    -0.05387505143880844
                ],
                [
                    0.3639667332172394,
                    0.9314058423042297,
                    -0.0033714391756802797
                ],
                [
                    0.051405422389507294,
                    -0.01647331379354,
                    0.9985420107841492
                ]
            ]
        ],
        [
            0.0016749898195266724,
            -0.009901182174682617,
            0.37474368286132814,
            -0.04046383528173039,
            -0.05119125563136517,
            0.3467634163567075,
            [
                [
                    0.9392455816268921,
                    -0.3376307487487793,
                    -0.06183192506432533
                ],
                [
                    0.3394104540348053,
                    0.9404112696647644,
                    0.02066914178431034
                ],
                [
                    0.05116889998316765,
                    -0.04039980098605156,
                    0.997872531414032
                ]
            ]
        ],
        [
            -0.007128838062286377,
            -0.00924781608581543,
            0.38932891845703127,
            -0.01924399624043327,
            -0.035358522110053414,
            0.3639142837801031,
            [
                [
                    0.9339266419410706,
                    -0.3552332818508148,
                    -0.03987910598516464
                ],
                [
                    0.3557124137878418,
                    0.9345798492431641,
                    0.005402231588959694
                ],
                [
                    0.03535115346312523,
                    -0.019230781123042107,
                    0.9991899132728577
                ]
            ]
        ],
        [
            -0.019255901336669923,
            -0.010532794952392578,
            0.4019909362792969,
            -0.04791706337347784,
            -0.030151045832971235,
            0.3205804895770386,
            [
                [
                    0.9486213326454163,
                    -0.3133854269981384,
                    -0.04367148503661156
                ],
                [
                    0.314974308013916,
                    0.948418378829956,
                    0.03596963733434677
                ],
                [
                    0.03014647774398327,
                    -0.047876957803964615,
                    0.9983981847763062
                ]
            ]
        ],
        [
            -0.02271529769897461,
            -0.008820124626159668,
            0.4071192626953125,
            -0.01848053084546103,
            0.002174454892412081,
            0.3303224808844112,
            [
                [
                    0.9459355473518372,
                    -0.32433071732521057,
                    -0.0039372374303638935
                ],
                [
                    0.3243473172187805,
                    0.9457632303237915,
                    0.01818559691309929
                ],
                [
                    -0.0021744531113654375,
                    -0.01847943477332592,
                    0.9998268485069275
                ]
            ]
        ],
        [
            -0.028557973861694334,
            -0.00822023582458496,
            0.4118728942871094,
            -0.046478235502336845,
            0.033777255349980884,
            0.3295213272260904,
            [
                [
                    0.9456576108932495,
                    -0.32472532987594604,
                    0.016884880140423775
                ],
                [
                    0.32340556383132935,
                    0.9446678161621094,
                    0.054877858608961105
                ],
                [
                    -0.033770833164453506,
                    -0.046435002237558365,
                    0.9983503222465515
                ]
            ]
        ],
        [
            -0.03272591781616211,
            -0.009927374839782715,
            0.41418670654296874,
            -0.012298715130017374,
            0.05176135659137748,
            0.32163364268364536,
            [
                [
                    0.9474496245384216,
                    -0.3166966140270233,
                    0.04519367590546608
                ],
                [
                    0.3156934678554535,
                    0.9484473466873169,
                    0.028021840378642082
                ],
                [
                    -0.05173824727535248,
                    -0.012281933799386024,
                    0.9985851645469666
                ]
            ]
        ],
        [
            -0.03637353515625,
            -0.004602249622344971,
            0.4138841247558594,
            -0.01730803536861436,
            0.07646199770953732,
            0.31169412516460204,
            [
                [
                    0.9490343928337097,
                    -0.30788397789001465,
                    0.06738830357789993
                ],
                [
                    0.30577555298805237,
                    0.951267421245575,
                    0.03989560157060623
                ],
                [
                    -0.07638751715421677,
                    -0.0172566045075655,
                    0.996928870677948
                ]
            ]
        ],
        [
            -0.03616909790039063,
            -0.001963061809539795,
            0.41386215209960936,
            -0.0543552435121937,
            0.09278998943893213,
            0.3234168792388147,
            [
                [
                    0.9440761804580688,
                    -0.32211169600486755,
                    0.07045731693506241
                ],
                [
                    0.31644096970558167,
                    0.9451549053192139,
                    0.08091545104980469
                ],
                [
                    -0.09265689551830292,
                    -0.054094765335321426,
                    0.9942275881767273
                ]
            ]
        ],
        [
            -0.033866748809814454,
            -0.00038739633560180663,
            0.41209552001953126,
            -0.001297609949137274,
            0.11738364325837258,
            0.32303913243699245,
            [
                [
                    0.9417493939399719,
                    -0.3175937831401825,
                    0.11064450442790985
                ],
                [
                    0.315265417098999,
                    0.9482259750366211,
                    0.03840837627649307
                ],
                [
                    -0.11711426079273224,
                    -0.0012886793119832873,
                    0.99311763048172
                ]
            ]
        ],
        [
            -0.03341248321533203,
            0.004850073337554932,
            0.4090284729003906,
            -0.02675763868989156,
            0.12179464860342581,
            0.2892439372845666,
            [
                [
                    0.9513596892356873,
                    -0.28824102878570557,
                    0.1087740883231163
                ],
                [
                    0.2831147313117981,
                    0.9571895599365234,
                    0.06028403341770172
                ],
                [
                    -0.12149375677108765,
                    -0.02655625529587269,
                    0.9922369122505188
                ]
            ]
        ],
        [
            -0.027243268966674804,
            0.007837339878082276,
            0.4067725830078125,
            -0.03293470186079789,
            0.12362364006214821,
            0.33042298797139646,
            [
                [
                    0.9386863708496094,
                    -0.3281079828739166,
                    0.10589186102151871
                ],
                [
                    0.32196712493896484,
                    0.9440748691558838,
                    0.07113254070281982
                ],
                [
                    -0.12330899387598038,
                    -0.03267744556069374,
                    0.9918301701545715
                ]
            ]
        ],
        [
            -0.020779180526733398,
            0.012190653800964355,
            0.404324951171875,
            -0.01642353677786154,
            0.12952434538148205,
            0.2925305999116117,
            [
                [
                    0.9494965076446533,
                    -0.2903684377670288,
                    0.11892267316579819
                ],
                [
                    0.2859606444835663,
                    0.9567763209342957,
                    0.052967481315135956
                ],
                [
                    -0.1291624903678894,
                    -0.016285231336951256,
                    0.9914897084236145
                ]
            ]
        ],
        [
            -0.015599685668945313,
            0.016755903244018554,
            0.40157391357421873,
            -0.019514969698209123,
            0.11608150399901751,
            0.28301377463204036,
            [
                [
                    0.9537560343742371,
                    -0.28136780858039856,
                    0.10574301332235336
                ],
                [
                    0.27737146615982056,
                    0.9594042301177979,
                    0.05107438191771507
                ],
                [
                    -0.1158209815621376,
                    -0.019382406026124954,
                    0.9930809736251831
                ]
            ]
        ],
        [
            -0.0068890762329101565,
            0.01789291000366211,
            0.3997347412109375,
            -0.03351477499721503,
            0.09159308056558957,
            0.31295001846415293,
            [
                [
                    0.9474413990974426,
                    -0.3106098175048828,
                    0.07665754109621048
                ],
                [
                    0.3065762221813202,
                    0.9499516487121582,
                    0.060024213045835495
                ],
                [
                    -0.0914650708436966,
                    -0.03336804360151291,
                    0.9952490925788879
                ]
            ]
        ],
        [
            0.0013542317152023316,
            0.021296714782714842,
            0.39852267456054685,
            0.03435428360411816,
            0.0818773791491545,
            0.29697136227421594,
            [
                [
                    0.9530236721038818,
                    -0.2897666394710541,
                    0.08821073919534683
                ],
                [
                    0.2916451692581177,
                    0.9564849138259888,
                    -0.008925510570406914
                ],
                [
                    -0.08178592473268509,
                    0.03423245996236801,
                    0.9960618615150452
                ]
            ]
        ],
        [
            0.006394732475280762,
            0.024367269515991212,
            0.39762722778320314,
            -0.010859748962341959,
            0.05879920752978762,
            0.2511721424649864,
            [
                [
                    0.9669477939605713,
                    -0.24914297461509705,
                    0.05421900004148483
                ],
                [
                    0.24810996651649475,
                    0.9684060215950012,
                    0.02512342669069767
                ],
                [
                    -0.05876532942056656,
                    -0.010840767994523048,
                    0.9982129335403442
                ]
            ]
        ],
        [
            0.014858807563781738,
            0.024515607833862304,
            0.39768597412109374,
            -0.013709346431938302,
            0.03438859529881255,
            0.3097432212424691,
            [
                [
                    0.9518488049507141,
                    -0.3052343428134918,
                    0.028563903644680977
                ],
                [
                    0.30463388562202454,
                    0.9521787166595459,
                    0.02353561297059059
                ],
                [
                    -0.034381818026304245,
                    -0.013700812123715878,
                    0.9993148446083069
                ]
            ]
        ],
        [
            0.020731822967529297,
            0.02618057632446289,
            0.39937750244140624,
            0.015875178719573918,
            0.02482797853279406,
            0.28961365021658736,
            [
                [
                    0.9580588936805725,
                    -0.285168319940567,
                    0.02832203172147274
                ],
                [
                    0.28549396991729736,
                    0.9583460688591003,
                    -0.00812460482120514
                ],
                [
                    -0.024825427681207657,
                    0.015869619324803352,
                    0.999565839767456
                ]
            ]
        ],
        [
            0.02316086196899414,
            0.027584367752075196,
            0.40177581787109373,
            -0.005008802485732419,
            0.001966697774617332,
            0.24898922475810148,
            [
                [
                    0.9691601395606995,
                    -0.24643093347549438,
                    0.0006717372452840209
                ],
                [
                    0.24642400443553925,
                    0.9691473841667175,
                    0.005338956601917744
                ],
                [
                    -0.0019666964653879404,
                    -0.005008772015571594,
                    0.9999855160713196
                ]
            ]
        ],
        [
            0.027977054595947265,
            0.02586147880554199,
            0.4050008850097656,
            -0.033272653850246275,
            -0.017408197643727252,
            0.28992997334931636,
            [
                [
                    0.9581186771392822,
                    -0.2851719856262207,
                    -0.02618197351694107
                ],
                [
                    0.28584179282188416,
                    0.9578990936279297,
                    0.026904361322522163
                ],
                [
                    0.017407318577170372,
                    -0.03326147422194481,
                    0.9992950558662415
                ]
            ]
        ],
        [
            0.029962539672851562,
            0.025958032608032228,
            0.4087481384277344,
            0.026327030220167885,
            -0.005806537901477116,
            0.2878648837924891,
            [
                [
                    0.9588360786437988,
                    -0.28395378589630127,
                    0.0019078770419582725
                ],
                [
                    0.28390082716941833,
                    0.9584765434265137,
                    -0.026888743042945862
                ],
                [
                    0.005806505214422941,
                    0.02632354572415352,
                    0.9996365904808044
                ]
            ]
        ],
        [
            0.028444355010986327,
            0.026597478866577148,
            0.4119285583496094,
            -0.0347444430355308,
            -0.033458351440667666,
            0.23352727560596698,
            [
                [
                    0.9723117351531982,
                    -0.2301403284072876,
                    -0.04056306183338165
                ],
                [
                    0.23128096759319305,
                    0.9725379347801208,
                    0.026058049872517586
                ],
                [
                    0.033452108502388,
                    -0.03471801057457924,
                    0.9988371133804321
                ]
            ]
        ],
        [
            0.02978327751159668,
            0.022999889373779298,
            0.414793701171875,
            -0.003919507034815861,
            -0.04391330274012972,
            0.2832760048746185,
            [
                [
                    0.9592193365097046,
                    -0.27933523058891296,
                    -0.04324477165937424
                ],
                [
                    0.2792331278324127,
                    0.9601856470108032,
                    -0.00850655697286129
                ],
                [
                    0.04389918968081474,
                    -0.003915717825293541,
                    0.9990282654762268
                ]
            ]
        ],
        [
            0.02909140396118164,
            0.02122218704223633,
            0.41806378173828124,
            0.015434624604734104,
            -0.0365005111273875,
            0.2606290551861959,
            [
                [
                    0.9655845165252686,
                    -0.25820192694664,
                    -0.03127862140536308
                ],
                [
                    0.2575167715549469,
                    0.9659678339958191,
                    -0.024315325543284416
                ],
                [
                    0.03649240732192993,
                    0.015423731878399849,
                    0.9992148876190186
                ]
            ]
        ],
        [
            0.02433360290527344,
            0.019372665405273437,
            0.4194632568359375,
            -0.02232531671348509,
            -0.04298246826007657,
            0.2202850194690873,
            [
                [
                    0.974933922290802,
                    -0.21751727163791656,
                    -0.04679829254746437
                ],
                [
                    0.21830594539642334,
                    0.9758016467094421,
                    0.012397249229252338
                ],
                [
                    0.0429692342877388,
                    -0.022302843630313873,
                    0.9988273978233337
                ]
            ]
        ],
        [
            0.023478389739990235,
            0.01370090103149414,
            0.42120654296875,
            0.008283086697288111,
            -0.04406539942978971,
            0.2622802332066121,
            [
                [
                    0.9648637175559998,
                    -0.25962698459625244,
                    -0.04039554297924042
                ],
                [
                    0.2590317726135254,
                    0.9656735062599182,
                    -0.019421065226197243
                ],
                [
                    0.044051140546798706,
                    0.00827495101839304,
                    0.9989950060844421
                ]
            ]
        ],
        [
            0.021414764404296877,
            0.011477791786193847,
            0.4224683837890625,
            0.032220140911241466,
            -0.026199999888804282,
            0.2497080081957771,
            [
                [
                    0.968652069568634,
                    -0.24781052768230438,
                    -0.01741041988134384
                ],
                [
                    0.24703621864318848,
                    0.9682731628417969,
                    -0.03768588975071907
                ],
                [
                    0.026197003200650215,
                    0.03220351040363312,
                    0.9991379380226135
                ]
            ]
        ],
        [
            0.01568155002593994,
            0.007458958625793457,
            0.42325,
            -0.008722443710753314,
            -0.009088458122122667,
            0.21799430973733175,
            [
                [
                    0.9762928485870361,
                    -0.21618621051311493,
                    -0.01075929868966341
                ],
                [
                    0.21626290678977966,
                    0.9763131737709045,
                    0.0065504275262355804
                ],
                [
                    0.009088332764804363,
                    -0.008721972815692425,
                    0.999920666217804
                ]
            ]
        ],
        [
            0.01583469581604004,
            0.0025370681285858156,
            0.4241124267578125,
            0.0051477800324135625,
            -0.003681605607427807,
            0.26618478576988636,
            [
                [
                    0.9647749662399292,
                    -0.2630673050880432,
                    -0.00219775945879519
                ],
                [
                    0.26305073499679565,
                    0.9647637605667114,
                    -0.005934901535511017
                ],
                [
                    0.003681597299873829,
                    0.0051477225497365,
                    0.9999799728393555
                ]
            ]
        ],
        [
            0.014733364105224609,
            0.0013420346975326538,
            0.4248463439941406,
            0.017409231086402258,
            0.025352116721480966,
            0.23455176053901783,
            [
                [
                    0.9723060727119446,
                    -0.23194260895252228,
                    0.028697386384010315
                ],
                [
                    0.23233236372470856,
                    0.9725737571716309,
                    -0.01104120071977377
                ],
                [
                    -0.02534940093755722,
                    0.017402756959199905,
                    0.9995271563529968
                ]
            ]
        ],
        [
            0.01097441577911377,
            -0.0027983312606811523,
            0.4260714111328125,
            -0.04124125262241295,
            0.03559056868802579,
            0.21049980488587927,
            [
                [
                    0.9773073196411133,
                    -0.21020571887493134,
                    0.026153163984417915
                ],
                [
                    0.20881637930870056,
                    0.9767885208129883,
                    0.04774819687008858
                ],
                [
                    -0.03558305650949478,
                    -0.04120345413684845,
                    0.9985169768333435
                ]
            ]
        ],
        [
            0.013445494651794433,
            -0.006968064308166504,
            0.42621795654296873,
            0.013600724996345168,
            0.045096895995548,
            0.2553530665475374,
            [
                [
                    0.9665904641151428,
                    -0.25197044014930725,
                    0.04705103114247322
                ],
                [
                    0.2523302435874939,
                    0.9676395654678345,
                    -0.001773327006958425
                ],
                [
                    -0.04508161172270775,
                    0.013586478307843208,
                    0.9988909363746643
                ]
            ]
        ],
        [
            0.014807284355163574,
            -0.007968390464782715,
            0.42710028076171874,
            0.009838986923197846,
            0.06169133709514796,
            0.24097272615419113,
            [
                [
                    0.9692589640617371,
                    -0.23804675042629242,
                    0.06221596524119377
                ],
                [
                    0.23819337785243988,
                    0.9712040424346924,
                    0.005157878156751394
                ],
                [
                    -0.06165221333503723,
                    0.009820112027227879,
                    0.9980493783950806
                ]
            ]
        ],
        [
            0.014947202682495117,
            -0.011103714942932129,
            0.4286451721191406,
            -0.04421507847591931,
            0.06937720710880724,
            0.203877066522536,
            [
                [
                    0.9769331216812134,
                    -0.20527033507823944,
                    0.05887029320001602
                ],
                [
                    0.20198054611682892,
                    0.9777114987373352,
                    0.057306885719299316
                ],
                [
                    -0.06932156533002853,
                    -0.04409434273838997,
                    0.9966194033622742
                ]
            ]
        ],
        [
            0.018885568618774416,
            -0.014632180213928222,
            0.4287880859375,
            0.016459646717175966,
            0.05998055831906113,
            0.2511645119712139,
            [
                [
                    0.9668818116188049,
                    -0.24754276871681213,
                    0.06214645877480507
                ],
                [
                    0.2480851709842682,
                    0.9687376618385315,
                    -0.0010463446378707886
                ],
                [
                    -0.059944599866867065,
                    0.01642930507659912,
                    0.9980664849281311
                ]
            ]
        ],
        [
            0.023734281539916992,
            -0.014533950805664062,
            0.42986016845703123,
            0.0019699066134864773,
            0.06830913014029516,
            0.26021544125319274,
            [
                [
                    0.9640809297561646,
                    -0.2571583092212677,
                    0.0664648562669754
                ],
                [
                    0.2566887140274048,
                    0.9663673043251038,
                    0.015657883137464523
                ],
                [
                    -0.06825602054595947,
                    0.001965310424566269,
                    0.9976658821105957
                ]
            ]
        ],
        [
            0.026715940475463867,
            -0.01876395034790039,
            0.43093539428710936,
            -0.004076738926715687,
            0.06970334734061878,
            0.21829748320280679,
            [
                [
                    0.9738969206809998,
                    -0.21684321761131287,
                    0.067110575735569
                ],
                [
                    0.2160419374704361,
                    0.9761979579925537,
                    0.019063133746385574
                ],
                [
                    -0.069646917283535,
                    -0.004066827706992626,
                    0.9975634217262268
                ]
            ]
        ],
        [
            0.0317936897277832,
            -0.022134380340576174,
            0.43130743408203126,
            0.019517915472263794,
            0.05312593601979332,
            0.23754852883509464,
            [
                [
                    0.970546543598175,
                    -0.23426863551139832,
                    0.05619260296225548
                ],
                [
                    0.23498870432376862,
                    0.9719765186309814,
                    -0.006475231610238552
                ],
                [
                    -0.05310095101594925,
                    0.019489141181111336,
                    0.9983989596366882
                ]
            ]
        ],
        [
            0.03793465042114258,
            -0.021868425369262694,
            0.43207171630859376,
            -0.004160953701712142,
            0.0547899239792502,
            0.25271471488722663,
            [
                [
                    0.9667842984199524,
                    -0.250251829624176,
                    0.051982272416353226
                ],
                [
                    0.24965816736221313,
                    0.9681718945503235,
                    0.017721116542816162
                ],
                [
                    -0.05476251617074013,
                    -0.004154697526246309,
                    0.9984907507896423
                ]
            ]
        ],
        [
            0.041448219299316406,
            -0.027333789825439454,
            0.4340815124511719,
            0.0022557583348603583,
            0.04308877904472097,
            0.21456553148402047,
            [
                [
                    0.9761620759963989,
                    -0.21282745897769928,
                    0.04256787896156311
                ],
                [
                    0.21272531151771545,
                    0.9770871996879578,
                    0.006967698223888874
                ],
                [
                    -0.04307544603943825,
                    0.0022536630276590586,
                    0.9990692734718323
                ]
            ]
        ],
        [
            0.045931118011474606,
            -0.03107297134399414,
            0.43534890747070315,
            0.03388821117711492,
            0.025389293503067067,
            0.22758508373128278,
            [
                [
                    0.9739001393318176,
                    -0.2246580272912979,
                    0.03236233443021774
                ],
                [
                    0.22555282711982727,
                    0.973848819732666,
                    -0.02728348597884178
                ],
                [
                    -0.025386564433574677,
                    0.03387080505490303,
                    0.9991037249565125
                ]
            ]
        ],
        [
            0.050649307250976563,
            -0.03184860420227051,
            0.4375038757324219,
            0.023535732100745735,
            0.022798314693547317,
            0.255358333270841,
            [
                [
                    0.9673213958740234,
                    -0.25200310349464417,
                    0.027995401993393898
                ],
                [
                    0.25252649188041687,
                    0.9674403667449951,
                    -0.017013851553201675
                ],
                [
                    -0.02279634028673172,
                    0.023527443408966064,
                    0.9994632601737976
                ]
            ]
        ],
        [
            0.052806667327880856,
            -0.03799414825439453,
            0.4403624267578125,
            0.002536548198809732,
