{
    "amplitude": 0.09723284573245275,
    "frequency": 0.02816317085411356,
    "seed": 1762038163,
    "time_interval": 0.05,
    "pid_gains": {
        "pid_rate": {
            "roll_kp": "50.0",
            "roll_ki": "0.0",
            "roll_kd": "0.0",
            "pitch_kp": "50.0",
            "pitch_ki": "0.0",
            "pitch_kd": "0.0",
            "yaw_kp": "80.0",
            "yaw_ki": "0.0",
            "yaw_kd": "0.0"
        },
        "pid_attitude": {
            "roll_kp": "6.0",
            "roll_ki": "0.0",
            "roll_kd": "0.20000000298023224",
            "pitch_kp": "6.0",
            "pitch_ki": "0.0",
            "pitch_kd": "1.0",
            "yaw_kp": "10.0",
            "yaw_ki": "0.0",
            "yaw_kd": "0.3499999940395355"
        },
        "velCtlPid": {
            "vxKp": "15.0",
            "vxKi": "1.0",
            "vxKd": "0.0",
            "vyKp": "10.0",
            "vyKi": "1.0",
            "vyKd": "0.0",
            "vzKp": "12.5",
            "vzKi": "0.5",
            "vzKd": "0.0"
        },
        "posCtlPid": {
            "xKp": "1.5",
            "xKi": "0.0",
            "xKd": "0.0",
            "yKp": "1.5",
            "yKi": "0.0",
            "yKd": "0.0",
            "zKp": "5.0",
            "zKi": "0.5",
            "zKd": "0.0"
        }
    },
    "pose": [
        [
            0.040476158142089845,
            -0.004830451488494873,
            0.2622677001953125,
            0.027920768685192443,
            0.030988126576446673,
            1.382003363438319,
            [
                [
                    0.1875833421945572,
                    -0.9816862940788269,
                    0.03323354572057724
                ],
                [
                    0.9817599058151245,
                    0.18844987452030182,
                    0.025181474164128304
                ],
                [
                    -0.03098316676914692,
                    0.027903737500309944,
                    0.9991303086280823
                ]
            ]
        ],
        [
            0.04046950912475586,
            -0.004815621852874756,
            0.26233465576171877,
            0.02887113498038074,
            0.03029248316049271,
            1.3803510893253303,
            [
                [
                    0.18920928239822388,
                    -0.9813453555107117,
                    0.03407619148492813
                ],
                [
                    0.9814695715904236,
                    0.19007575511932373,
                    0.024263419210910797
                ],
                [
                    -0.03028785064816475,
                    0.028853880241513252,
                    0.9991246461868286
                ]
            ]
        ],
        [
            0.04029603958129883,
            -0.005335310935974121,
            0.26233724975585937,
            0.028870961876561463,
            0.029306775910998173,
            1.3859142041844605,
            [
                [
                    0.18375173211097717,
                    -0.9823927879333496,
                    0.0337594673037529
                ],
                [
                    0.9825358390808105,
                    0.18458551168441772,
                    0.023484569042921066
                ],
                [
                    -0.029302580282092094,
                    0.028854554519057274,
                    0.9991540312767029
                ]
            ]
        ],
        [
            0.04137136840820312,
            -0.005330276489257812,
            0.2624240417480469,
            0.036738863007847455,
            0.02559867590247422,
            1.5302828814115292,
            [
                [
                    0.04048909619450569,
                    -0.9984671473503113,
                    0.037736453115940094
                ],
                [
                    0.9988520741462708,
                    0.04141441732645035,
                    0.02406994439661503
                ],
                [
                    -0.025595881044864655,
                    0.036718565970659256,
                    0.9989978075027466
                ]
            ]
        ],
        [
            0.03990313720703125,
            -0.0041136183738708495,
            0.26223153686523437,
            0.03101047298738091,
            0.03234063447684021,
            1.5913748712753302,
            [
                [
                    -0.020566333085298538,
                    -0.9993281960487366,
                    0.030333898961544037
                ],
                [
                    0.9992654919624329,
                    -0.019564850255846977,
                    0.03295060992240906
                ],
                [
                    -0.03233499825000763,
                    0.03098929114639759,
                    0.9989965558052063
                ]
            ]
        ],
        [
            0.037439765930175783,
            -0.004411244392395019,
            0.26366726684570313,
            0.01290603321644379,
            0.028283162128061257,
            1.5535666481757997,
            [
                [
                    0.01722194254398346,
                    -0.9997619986534119,
                    0.013390940614044666
                ],
                [
                    0.9994516968727112,
                    0.017592309042811394,
                    0.028050489723682404
                ],
                [
                    -0.028279390186071396,
                    0.012900513596832752,
                    0.9995167851448059
                ]
            ]
        ],
        [
            0.03599888229370117,
            -0.005361375331878662,
            0.26794284057617185,
            0.0022084218209422746,
            0.02472214423244501,
            1.412205864717515,
            [
                [
                    0.15787824988365173,
                    -0.9874398112297058,
                    0.006084580905735493
                ],
                [
                    0.9871491193771362,
                    0.1579800248146057,
                    0.02406058833003044
                ],
                [
                    -0.02471962571144104,
                    0.0022077453322708607,
                    0.9996919631958008
                ]
            ]
        ],
        [
            0.03387533950805664,
            -0.006426089763641357,
            0.28872146606445315,
            0.03998724851413604,
            0.0477273953446522,
            1.234445819399907,
            [
                [
                    0.32966846227645874,
                    -0.9425813555717468,
                    0.05347010865807533
                ],
                [
                    0.9428905248641968,
                    0.33158084750175476,
                    0.0318058617413044
                ],
                [
                    -0.047709278762340546,
                    0.03993107005953789,
                    0.998062789440155
                ]
            ]
        ],
        [
            0.030418685913085938,
            -0.010273279190063477,
            0.3090718383789062,
            0.03450452354400413,
            -0.035871792700201466,
            1.0079640443175393,
            [
                [
                    0.5332404375076294,
                    -0.8459039926528931,
                    0.01005120575428009
                ],
                [
                    0.845203161239624,
                    0.5322197675704956,
                    -0.0487213097512722
                ],
                [
                    0.035864099860191345,
                    0.03447548300027847,
                    0.9987618327140808
                ]
            ]
        ],
        [
            0.023853979110717773,
            -0.014656085968017579,
            0.3261317138671875,
            0.09413244954536365,
            -0.08478000624969417,
            0.7706822011177894,
            [
                [
                    0.7148588299751282,
                    -0.6992509961128235,
                    0.004995799623429775
                ],
                [
                    0.6941227912902832,
                    0.7087147831916809,
                    -0.12616226077079773
                ],
                [
                    0.08467847853899002,
                    0.09365589916706085,
                    0.9919970631599426
                ]
            ]
        ],
        [
            0.017827695846557617,
            -0.02015603256225586,
            0.34511175537109373,
            0.055297056326400196,
            -0.10949024957948073,
            0.6483317381745046,
            [
                [
                    0.7923192381858826,
                    -0.6077483892440796,
                    -0.053591907024383545
                ],
                [
                    0.6002415418624878,
                    0.792227029800415,
                    -0.10993802547454834
                ],
                [
                    0.10927161574363708,
                    0.054937925189733505,
                    0.9924926161766052
                ]
            ]
        ],
        [
            0.012351895332336426,
            -0.030546369552612303,
            0.3569874572753906,
            0.021517057066920475,
            -0.1416262002521551,
            0.6244202812896593,
            [
                [
                    0.8031792044639587,
                    -0.5869556069374084,
                    -0.10191292315721512
                ],
                [
                    0.5787736177444458,
                    0.8093388676643372,
                    -0.0999583750963211
                ],
                [
                    0.1411532163619995,
                    0.021299978718161583,
                    0.9897586107254028
                ]
            ]
        ],
        [
            0.0011407647132873535,
            -0.04162104415893555,
            0.3676122131347656,
            0.07768063156248106,
            -0.16907382404773053,
            0.5541717278302571,
            [
                [
                    0.8382116556167603,
                    -0.5357560515403748,
                    -0.10181668400764465
                ],
                [
                    0.5187355279922485,
                    0.8409005999565125,
                    -0.1542712152004242
                ],
                [
                    0.16826945543289185,
                    0.07649599760770798,
                    0.9827684164047241
                ]
            ]
        ],
        [
            -0.010617753982543946,
            -0.05142584991455078,
            0.3765872802734375,
            0.04423081072538432,
            -0.1736698106963428,
            0.5568553840757817,
            [
                [
                    0.8361511826515198,
                    -0.5344885587692261,
                    -0.12317930907011032
                ],
                [
                    0.5205689072608948,
                    0.8440528512001038,
                    -0.12877404689788818
                ],
                [
                    0.17279811203479767,
                    0.043551255017519,
                    0.9839939475059509
                ]
            ]
        ],
        [
            -0.020240371704101562,
            -0.06667922973632813,
            0.3804404296875,
            0.03977003299413773,
            -0.16247790080562252,
            0.5772027916453318,
            [
                [
                    0.8269554972648621,
                    -0.5506402254104614,
                    -0.11375369876623154
                ],
                [
                    0.5384951233863831,
                    0.8338200449943542,
                    -0.12152008712291718
                ],
                [
                    0.1617639660835266,
                    0.03923589736223221,
                    0.9860491752624512
                ]
            ]
        ],
        [
            -0.03496932220458984,
            -0.08064324188232422,
            0.3841772766113281,
            0.0460245967705247,
            -0.1809528591134324,
            0.5407737055895439,
            [
                [
                    0.8433130383491516,
                    -0.5213528275489807,
                    -0.1304391324520111
                ],
                [
                    0.5063941478729248,
                    0.8521402478218079,
                    -0.13199223577976227
                ],
                [
                    0.17996695637702942,
                    0.04525715112686157,
                    0.9826310276985168
                ]
            ]
        ],
        [
            -0.050954235076904296,
            -0.09214241790771484,
            0.3867513732910156,
            0.020450877876548146,
            -0.17642086904928012,
            0.5413259148540159,
            [
                [
                    0.8437235951423645,
                    -0.5182409286499023,
                    -0.13984571397304535
                ],
                [
                    0.5072748064994812,
                    0.8549976944923401,
                    -0.10794085264205933
                ],
                [
                    0.17550712823867798,
                    0.020132040604948997,
                    0.984272301197052
                ]
            ]
        ],
        [
            -0.06660417938232421,
            -0.10895191955566406,
            0.3881682434082031,
            -0.003639530686148029,
            -0.17050216970494825,
            0.5289169920536463,
            [
                [
                    0.8508351445198059,
                    -0.5040621161460876,
                    -0.1483270823955536
                ],
                [
                    0.4972817897796631,
                    0.8636599779129028,
                    -0.08247614651918411
                ],
                [
                    0.1696772575378418,
                    -0.00358674768358469,
                    0.9854931831359863
                ]
            ]
        ],
        [
            -0.0824360122680664,
            -0.12000706481933594,
            0.3907578430175781,
            -0.007710637920068597,
            -0.13692531110386863,
            0.4890828832665584,
            [
                [
                    0.8745017647743225,
                    -0.46887344121932983,
                    -0.12411437183618546
                ],
                [
                    0.4654191732406616,
                    0.8832323551177979,
                    -0.057320427149534225
                ],
                [
                    0.1364978551864624,
                    -0.007638391572982073,
                    0.9906108975410461
                ]
            ]
        ],
        [
            -0.10268814849853515,
            -0.13082551574707033,
            0.3932759704589844,
            -0.049912953508702756,
            -0.11959914420211892,
            0.5060918563304574,
            [
                [
                    0.8683977127075195,
                    -0.4789523482322693,
                    -0.1284136027097702
                ],
                [
                    0.48129984736442566,
                    0.8764421343803406,
                    -0.014129030518233776
                ],
                [
                    0.11931422352790833,
                    -0.049535829573869705,
                    0.9916200637817383
                ]
            ]
        ],
        [
            -0.11867316436767578,
            -0.14236192321777344,
            0.3956151123046875,
            -0.057470739184014324,
            -0.09368228134819434,
            0.5036062274674467,
            [
                [
                    0.8720073699951172,
                    -0.47708436846733093,
                    -0.10951557755470276
                ],
                [
                    0.48047104477882385,
                    0.8769949674606323,
                    0.005238688085228205
                ],
                [
                    0.09354531019926071,
                    -0.057187240570783615,
                    0.9939712882041931
                ]
            ]
        ],
        [
            -0.1349727020263672,
            -0.14801588439941407,
            0.39896450805664063,
            -0.03662697000670612,
            -0.04420740090363062,
            0.4786164413383419,
            [
                [
                    0.8867657780647278,
                    -0.45880618691444397,
                    -0.056065693497657776
                ],
                [
                    0.46010157465934753,
                    0.8877829313278198,
                    0.012164532206952572
                ],
                [
                    0.044193003326654434,
                    -0.036583006381988525,
                    0.9983530044555664
                ]
            ]
        ],
        [
            -0.15292880249023438,
            -0.1517393341064453,
            0.40190240478515626,
            -0.09036096009706371,
            -0.02220226791468982,
            0.4731949143965183,
            [
                [
                    0.8898974061012268,
                    -0.45208996534347534,
                    -0.06080477312207222
                ],
                [
                    0.455620139837265,
                    0.8873983025550842,
                    0.07024621218442917
                ],
                [
                    0.022200442850589752,
                    -0.09021580219268799,
                    0.9956747889518738
                ]
            ]
        ],
        [
            -0.16576969909667968,
            -0.15765438842773438,
            0.40368032836914064,
            -0.060647501164234396,
            0.010234170651501895,
            0.4942538931896126,
            [
                [
                    0.8802767992019653,
                    -0.4740488827228546,
                    -0.019759368151426315
                ],
                [
                    0.47435012459754944,
                    0.8784101605415344,
                    0.058202486485242844
                ],
                [
                    -0.010233990848064423,
                    -0.06060715392231941,
                    0.9981092214584351
                ]
            ]
        ],
        [
            -0.17904954528808595,
            -0.15778506469726564,
            0.40590106201171877,
            -0.04502557491375889,
            0.03838727515735019,
            0.46666353718864784,
            [
                [
                    0.8924164175987244,
                    -0.4509958028793335,
                    0.013988964259624481
                ],
                [
                    0.4495776295661926,
                    0.8913920521736145,
                    0.057446643710136414
                ],
                [
                    -0.03837784752249718,
                    -0.044977203011512756,
                    0.9982505440711975
                ]
            ]
        ],
        [
            -0.18934233093261718,
            -0.15593046569824218,
            0.40657275390625,
            -0.07896360203604885,
            0.06584688466766542,
            0.45423652347222115,
            [
                [
                    0.8966489434242249,
                    -0.44207319617271423,
                    0.024331409484148026
                ],
                [
                    0.4378255009651184,
                    0.89351886510849,
                    0.09966390579938889
                ],
                [
                    -0.06579931080341339,
                    -0.07871062308549881,
                    0.9947236180305481
                ]
            ]
        ],
        [
            -0.19628871154785157,
            -0.15489801025390626,
            0.40645550537109376,
            -0.05043077572999621,
            0.08491969868855276,
            0.4684027271529667,
            [
                [
                    0.8890751600265503,
                    -0.4547027349472046,
                    0.052827876061201096
                ],
                [
                    0.44983479380607605,
                    0.8892258405685425,
                    0.08322307467460632
                ],
                [
                    -0.08481767028570175,
                    -0.05022775009274483,
                    0.9951297044754028
                ]
            ]
        ],
        [
            -0.20163636779785157,
            -0.14828726196289063,
            0.4057876892089844,
            -0.024668444226090297,
            0.10936142249934999,
            0.465631328212897,
            [
                [
                    0.8882002830505371,
                    -0.4512559175491333,
                    0.08641958981752396
                ],
                [
                    0.4463047683238983,
                    0.8920577168464661,
                    0.07102909684181213
                ],
                [
                    -0.10914356261491776,
                    -0.024518586695194244,
                    0.9937235713005066
                ]
            ]
        ],
        [
            -0.2037742156982422,
            -0.1428379364013672,
            0.40536016845703127,
            -0.04497920955511267,
            0.12604398058028998,
            0.4492784984594489,
            [
                [
                    0.8936149477958679,
                    -0.4389680027961731,
                    0.09359195828437805
                ],
                [
                    0.43087029457092285,
                    0.8973947167396545,
                    0.09504467248916626
                ],
                [
                    -0.12571050226688385,
                    -0.04460734501481056,
                    0.9910635948181152
                ]
            ]
        ],
        [
            -0.2022205810546875,
            -0.13630491638183595,
            0.40395745849609377,
            -0.021032533925735064,
            0.14713245926846308,
            0.46861340656020684,
            [
                [
                    0.8825557231903076,
                    -0.45430052280426025,
                    0.12127022445201874
                ],
                [
                    0.4467697739601135,
                    0.8906055688858032,
                    0.0849619209766388
                ],
                [
                    -0.14660218358039856,
                    -0.020803753286600113,
                    0.9889767169952393
                ]
            ]
        ],
        [
            -0.20036410522460937,
            -0.12455601501464844,
            0.40274905395507815,
            -0.008923352150258024,
            0.1631761040250359,
            0.44681329307755513,
            [
                [
                    0.8898490071296692,
                    -0.433383971452713,
                    0.14264319837093353
                ],
                [
                    0.4263540506362915,
                    0.9011663794517517,
                    0.07823935151100159
                ],
                [
                    -0.16245293617248535,
                    -0.00880469847470522,
                    0.9866769909858704
                ]
            ]
        ],
        [
            -0.19553968811035155,
            -0.11485261535644531,
            0.40237936401367186,
            -0.035360115142234305,
            0.17177311043942756,
            0.43165681058868066,
            [
                [
                    0.8949069976806641,
                    -0.42360323667526245,
                    0.14036311209201813
                ],
                [
                    0.4122190773487091,
                    0.905177891254425,
                    0.10357816517353058
                ],
                [
                    -0.17092964053153992,
                    -0.03483247011899948,
                    0.9846673607826233
                ]
            ]
        ],
        [
            -0.18666102600097656,
            -0.10468789672851563,
            0.4019582214355469,
            -0.01105325493050846,
            0.1786924851403222,
            0.45942454507698777,
            [
                [
                    0.8820358514785767,
                    -0.4451662003993988,
                    0.15440146625041962
                ],
                [
                    0.4363715946674347,
                    0.8953819274902344,
                    0.08871912211179733
                ],
                [
                    -0.17774303257465363,
                    -0.010877030901610851,
                    0.9840168356895447
                ]
            ]
        ],
        [
            -0.17968449401855469,
            -0.09105683135986328,
            0.40147042846679687,
            -0.013991596126688682,
            0.18837854997951253,
            0.45029468314440557,
            [
                [
                    0.8843914866447449,
                    -0.43754714727401733,
                    0.16249357163906097
                ],
                [
                    0.42753127217292786,
                    0.8990904092788696,
                    0.09409261494874954
                ],
                [
                    -0.18726637959480286,
                    -0.013743625022470951,
                    0.982213020324707
                ]
            ]
        ],
        [
            -0.16905870056152345,
            -0.07633933258056641,
            0.40334481811523437,
            -0.03556547849179656,
            0.17270430413723292,
            0.41263862266228857,
            [
                [
                    0.9024381041526794,
                    -0.40637192130088806,
                    0.14306391775608063
                ],
                [
                    0.39506202936172485,
                    0.913036048412323,
                    0.10144532471895218
                ],
                [
                    -0.17184704542160034,
                    -0.035029008984565735,
                    0.9845006465911865
                ]
            ]
        ],
        [
            -0.15605671691894532,
            -0.06253581619262695,
            0.4055035705566406,
            -0.0427775150419602,
            0.17943798687610846,
            0.4344273195495502,
            [
                [
                    0.8925467729568481,
                    -0.4274294376373291,
                    0.1437508463859558
                ],
                [
                    0.414133220911026,
                    0.9030689597129822,
                    0.11384260654449463
                ],
                [
                    -0.17847661674022675,
                    -0.04207785055041313,
                    0.9830440282821655
                ]
            ]
        ],
        [
            -0.14325624084472657,
            -0.04587633514404297,
            0.40936541748046873,
            -0.002254051202951801,
            0.15721615216508744,
            0.4256684948338375,
            [
                [
                    0.8995304107666016,
                    -0.4132500886917114,
                    0.14166638255119324
                ],
                [
                    0.40783703327178955,
                    0.9106148481369019,
                    0.06670485436916351
                ],
                [
                    -0.15656930208206177,
                    -0.0022262525744736195,
                    0.9876644611358643
                ]
            ]
        ],
        [
            -0.13174485778808595,
            -0.031806941986083984,
            0.4138303527832031,
            -0.013876597402669694,
            0.1485752619833287,
            0.3757518699020135,
            [
                [
                    0.9199835658073425,
                    -0.36884748935699463,
                    0.13259612023830414
                ],
                [
                    0.362929105758667,
                    0.9293886423110962,
                    0.06722540408372879
                ],
                [
                    -0.14802923798561096,
                    -0.013723278418183327,
                    0.9888877868652344
                ]
            ]
        ],
        [
            -0.11664433288574219,
            -0.016367441177368165,
            0.4202420654296875,
            -0.028222684210274046,
            0.1232771277141862,
            0.4185494117743591,
            [
                [
                    0.9067455530166626,
                    -0.40944406390190125,
                    0.10083678364753723
                ],
                [
                    0.4033510684967041,
                    0.9119052886962891,
                    0.07574055343866348
                ],
                [
                    -0.12296511977910995,
                    -0.028004782274365425,
                    0.9920157790184021
                ]
            ]
        ],
        [
            -0.103666259765625,
            -0.003606128931045532,
            0.4273331604003906,
            0.0043596582055899225,
            0.11062412078767525,
            0.415857809634902,
            [
                [
                    0.9091784954071045,
                    -0.40353065729141235,
                    0.10274959355592728
                ],
                [
                    0.4015054404735565,
                    0.9149558544158936,
                    0.04060976579785347
                ],
                [
                    -0.11039862781763077,
                    0.004332996439188719,
                    0.9938779473304749
                ]
            ]
        ],
        [
            -0.09106043243408203,
            0.010608582496643067,
            0.4339510498046875,
            0.01585013295907775,
            0.09639554831578168,
            0.3900048374353928,
            [
                [
                    0.9206134080886841,
                    -0.3787342309951782,
                    0.09503360092639923
                ],
                [
                    0.3784278631210327,
                    0.925370991230011,
                    0.02192828617990017
                ],
                [
                    -0.09624633193016052,
                    0.0157758891582489,
                    0.9952325224876404
                ]
            ]
        ],
        [
            -0.07783316802978515,
            0.02246940803527832,
            0.4412030029296875,
            -0.003879179986843173,
            0.07083671854184526,
            0.40440887035346307,
            [
                [
                    0.9170295596122742,
                    -0.39372482895851135,
                    0.06354139000177383
                ],
                [
                    0.39248859882354736,
                    0.9192202091217041,
                    0.03141525015234947
                ],
                [
                    -0.07077749073505402,
                    -0.003869440406560898,
                    0.9974846243858337
                ]
            ]
        ],
        [
            -0.0654483413696289,
            0.03216242218017578,
            0.4471113586425781,
            0.04436557088425752,
            0.0854976707196895,
            0.3972353638591959,
            [
                [
                    0.9187657833099365,
                    -0.38299739360809326,
                    0.09582491219043732
                ],
                [
                    0.3854573369026184,
                    0.9226918816566467,
                    -0.007893851958215237
                ],
                [
                    -0.08539354801177979,
                    0.04418901726603508,
                    0.9953669309616089
                ]
            ]
        ],
        [
            -0.05413158416748047,
            0.04286899566650391,
            0.4512732238769531,
            0.03198627691121711,
            0.0692745372600887,
            0.3875061388277259,
            [
                [
                    0.9236336350440979,
                    -0.37563779950141907,
                    0.07613899558782578
                ],
                [
                    0.37697428464889526,
                    0.926217257976532,
                    -0.0034663884434849024
                ],
                [
                    -0.06921914219856262,
                    0.03190411627292633,
                    0.9970911741256714
                ]
            ]
        ],
        [
            -0.04358588409423828,
            0.04990753555297851,
            0.45502862548828127,
            0.028454910599946176,
            0.05382936793798221,
            0.37119979269147696,
            [
                [
                    0.9305430054664612,
                    -0.36116042733192444,
                    0.0604388453066349
                ],
                [
                    0.36220836639404297,
                    0.9320708513259888,
                    -0.007004947401583195
                ],
                [
                    -0.053803376853466034,
                    0.028409861028194427,
                    0.9981473088264465
                ]
            ]
        ],
        [
            -0.031799816131591795,
            0.0593787841796875,
            0.45730328369140627,
            0.03827782063891533,
            0.0577805016665669,
            0.3826122179844773,
            [
                [
                    0.9261443614959717,
                    -0.37102144956588745,
                    0.06782082468271255
                ],
                [
                    0.3727220296859741,
                    0.9278380870819092,
                    -0.01395710650831461
                ],
                [
                    -0.057748354971408844,
                    0.0382046103477478,
                    0.9975998997688293
                ]
            ]
        ],
        [
            -0.02264398384094238,
            0.06617183685302734,
            0.4579615173339844,
            0.02398430329209228,
            0.06967348525092709,
            0.38462687702361825,
            [
                [
                    0.924689531326294,
                    -0.37355780601501465,
                    0.07351060211658478
                ],
                [
                    0.3743029534816742,
                    0.927298367023468,
                    0.003883916884660721
                ],
                [
                    -0.0696171298623085,
                    0.02392381802201271,
                    0.997286856174469
                ]
            ]
        ],
        [
            -0.010990891456604004,
            0.07235454559326172,
            0.45871389770507814,
            0.010037615657587623,
            0.07431207078088464,
            0.3929981703645832,
            [
                [
                    0.9212155342102051,
                    -0.382252037525177,
                    0.07242421060800552
                ],
                [
                    0.381902813911438,
                    0.9240038990974426,
                    0.01915867067873478
                ],
                [
                    -0.0742436945438385,
                    0.010009745135903358,
                    0.9971898794174194
                ]
            ]
        ],
        [
            -0.00021456940472126007,
            0.0812294692993164,
            0.45789715576171874,
            0.035303093819672726,
            0.09324974970999644,
            0.37093317409220505,
            [
                [
                    0.9279403686523438,
                    -0.35919639468193054,
                    0.09952200949192047
                ],
                [
                    0.36091044545173645,
                    0.9326000809669495,
                    0.0008363876841031015
                ],
                [
                    -0.09311466664075851,
                    0.03514241427183151,
                    0.9950349926948547
                ]
            ]
        ],
        [
            0.011915118217468261,
            0.08843539428710938,
            0.45594415283203127,
            0.0024979708794172495,
            0.11819720843166781,
            0.3506553519534268,
            [
                [
                    0.9325951933860779,
                    -0.34323564171791077,
                    0.11160410195589066
                ],
                [
                    0.34111660718917847,
                    0.9392460584640503,
                    0.038161758333444595
                ],
                [
                    -0.11792218685150146,
                    0.0024805397260934114,
                    0.9930197596549988
                ]
            ]
        ],
        [
            0.02277674102783203,
            0.09276862335205079,
            0.45483993530273437,
            0.006606022257982874,
            0.11401199206805956,
            0.3676554578689216,
            [
                [
                    0.9271141290664673,
                    -0.3587194085121155,
                    0.10853458195924759
                ],
                [
                    0.35709503293037415,
                    0.9334223866462708,
                    0.03472503647208214
                ],
                [
                    -0.11376515030860901,
                    0.006563084665685892,
                    0.9934859871864319
                ]
            ]
        ],
        [
            0.035212440490722655,
            0.10233718872070313,
            0.4526846923828125,
            0.026167247545443806,
            0.14030354635216113,
            0.3454281744857931,
            [
                [
                    0.9316846132278442,
                    -0.3350408971309662,
                    0.1403973549604416
                ],
                [
                    0.3352723717689514,
                    0.9418473243713379,
                    0.02271605096757412
                ],
                [
                    -0.13984368741512299,
                    0.025907160714268684,
                    0.9898346066474915
                ]
            ]
        ],
        [
            0.04646921157836914,
            0.10778439331054687,
            0.4512780151367187,
            -0.02008568231579222,
            0.14466114629737148,
            0.3553596533566725,
            [
                [
                    0.9277288317680359,
                    -0.35057178139686584,
                    0.12813523411750793
                ],
                [
                    0.34429341554641724,
                    0.936324954032898,
                    0.06897561252117157
                ],
                [
                    -0.14415712654590607,
                    -0.01987454667687416,
                    0.989355206489563
                ]
            ]
        ],
        [
            0.06394293212890625,
            0.11472672271728515,
            0.44866836547851563,
            0.01655895968062579,
            0.15975342943580895,
            0.3669312995494961,
            [
                [
                    0.9215468168258667,
