{"amplitude": 0.0741745789424375, "frequency": 0.02067419650478637, "seed": 1762493569, "time_interval": 0.05, "pid_gains": {"pid_rate": {"roll_kp": "50.0", "roll_ki": "0.0", "roll_kd": "0.0", "pitch_kp": "50.0", "pitch_ki": "0.0", "pitch_kd": "0.0", "yaw_kp": "80.0", "yaw_ki": "0.0", "yaw_kd": "0.0"}, "pid_attitude": {"roll_kp": "8.0", "roll_ki": "0.0", "roll_kd": "0.20000000298023224", "pitch_kp": "8.0", "pitch_ki": "0.0", "pitch_kd": "1.0", "yaw_kp": "10.0", "yaw_ki": "0.0", "yaw_kd": "0.3499999940395355"}, "velCtlPid": {"vxKp": "15.0", "vxKi": "1.0", "vxKd": "0.0", "vyKp": "10.0", "vyKi": "1.0", "vyKd": "0.0", "vzKp": "12.5", "vzKi": "0.5", "vzKd": "0.0"}, "posCtlPid": {"xKp": "1.5", "xKi": "0.0", "xKd": "0.0", "yKp": "1.5", "yKi": "0.0", "yKd": "0.0", "zKp": "5.0", "zKi": "0.5", "zKd": "0.0"}}, "mocap_pose": [[-0.008684209823608399, -0.001496441125869751, 0.25781683349609374, 0.021351980429786005, 0.041371101924341236, 0.2860602973242008, [[0.9585421085357666, -0.2812633514404297, 0.04569407179951668], [0.28193336725234985, 0.9593935012817383, -0.008814850822091103], [-0.041359301656484604, 0.021332088857889175, 0.9989165663719177]]], [-0.008903273582458496, -0.001588005781173706, 0.25750228881835935, 0.019979453369050326, 0.041078093744918664, 0.2869826781418054, [[0.9582932591438293, -0.28221622109413147, 0.04503415524959564], [0.28282082080841064, 0.9591431617736816, -0.0075391060672700405], [-0.04106654226779938, 0.019961271435022354, 0.9989569783210754]]], [-0.008974156379699706, -0.00158522629737854, 0.257834228515625, 0.019789470615204835, 0.03978522875521784, 0.28366134457394465, [[0.9592774510383606, -0.2790621221065521, 0.043715912848711014], [0.27965107560157776, 0.960069477558136, -0.007867710664868355], [-0.039774734526872635, 0.019772520288825035, 0.9990130066871643]]], [-0.008810144424438476, -0.001577569365501404, 0.25768572998046874, 0.019642462233224217, 0.040681256414392575, 0.3325121569385622, [[0.9444432854652405, -0.32560059428215027, 0.04484618455171585], [0.32614853978157043, 0.945303738117218, -0.00529246311634779], [-0.040670037269592285, 0.019624948501586914, 0.9989798665046692]]], [-0.008636969566345215, -0.0014215127229690553, 0.25782781982421876, 0.02385163048437458, 0.042388835498127, 0.41031943804112114, [[0.9161697030067444, -0.397862046957016, 0.0483611598610878], [0.39854395389556885, 0.9171357750892639, -0.004970583599060774], [-0.042376141995191574, 0.023827945813536644, 0.9988175630569458]]], [-0.00833898162841797, -0.0022032017707824705, 0.261006591796875, 0.03683794349837624, 0.03739328791335916, 0.495269261440485, [[0.8792257308959961, -0.4737347364425659, 0.050374116748571396], [0.4749363362789154, 0.8798982501029968, -0.014648535288870335], [-0.03738457337021828, 0.03680386766791344, 0.9986230134963989]]], [-0.014995243072509766, 0.0008316145539283752, 0.27120840454101564, 0.09187877596070848, -0.019351418098172868, 0.3645670029459003, [[0.9341033101081848, -0.3566996157169342, 0.01471060048788786], [0.3564780354499817, 0.9297045469284058, -0.09258973598480225], [0.019350210204720497, 0.09173238277435303, 0.9955956935882568]]], [-0.019415550231933594, 0.005936487674713135, 0.2969906005859375, 0.042270157061352204, -0.09159327763524883, 0.2218592286891337, [[0.971401035785675, -0.22361747920513153, -0.07984524220228195], [0.2191212922334671, 0.9737681746482849, -0.06133021041750908], [0.09146526455879211, 0.04208043962717056, 0.9949187636375427]]], [-0.023054761886596678, 0.008252642631530761, 0.3162607421875, -0.03465375975675383, -0.10708277180813819, 0.20668044609650196, [[0.9731115102767944, -0.20146474242210388, -0.111650750041008], [0.20403669774532318, 0.9788898229598999, 0.011989911086857319], [0.10687824338674545, -0.03444837033748627, 0.993675172328949]]], [-0.027587318420410158, 0.006916896820068359, 0.3388697204589844, 0.047589663504996965, -0.10819475078337226, 0.21159110844156362, [[0.9719810485839844, -0.2148004174232483, -0.09546519070863724], [0.20878775417804718, 0.9755122065544128, -0.06916338205337524], [0.1079837828874588, 0.0472935326397419, 0.9930270910263062]]], [-0.037747894287109375, 0.009269282341003418, 0.3581019287109375, 0.058438578547907676, -0.1144648164529769, 0.144233863282136, [[0.9831402897834778, -0.15009042620658875, -0.10444125533103943], [0.1427937000989914, 0.9869681596755981, -0.07418745011091232], [0.11421502381563187, 0.0580231212079525, 0.9917601943016052]]], [-0.043506305694580076, 0.012204732894897461, 0.3750081787109375, 0.021791546205268186, -0.05537288162325815, 0.1541242214742708, [[0.9866318106651306, -0.15466997027397156, -0.05133051052689552], [0.15327946841716766, 0.987726628780365, -0.030025728046894073], [0.0553445890545845, 0.021756423637270927, 0.9982302784919739]]], [-0.05237567138671875, 0.011377098083496094, 0.3867270202636719, 0.02693525134695854, -0.09458023408157024, 0.13823146543241444, [[0.9860345125198364, -0.14026086032390594, -0.08979351818561554], [0.13717582821846008, 0.9897515177726746, -0.039683323353528976], [0.09443929046392441, 0.0268116258084774, 0.9951695203781128]]], [-0.06440248107910156, 0.01166862964630127, 0.3968549499511719, 0.026045225028913384, -0.09747090470113262, 0.13037083900546848, [[0.9868075251579285, -0.13247059285640717, -0.09307251870632172], [0.12938478589057922, 0.9908480048179626, -0.03846833109855652], [0.09731663763523102, 0.025918669998645782, 0.9949159026145935]]], [-0.07211313629150391, 0.011597229957580566, 0.400941650390625, 0.03287455962649221, -0.10435184295417477, 0.11780487822863084, [[0.9876670241355896, -0.12086903303861618, -0.09952158480882645], [0.1168932393193245, 0.9921300411224365, -0.04487670585513115], [0.1041625589132309, 0.03268984332680702, 0.9940229058265686]]], [-0.08097170257568359, 0.014176183700561524, 0.4031981201171875, 0.02075007164674203, -0.10654235895854969, 0.11167290967765589, [[0.9881361126899719, -0.11360963433980942, -0.10334352403879166], [0.11080904304981232, 0.9933112263679504, -0.032467521727085114], [0.1063409075140953, 0.020630931481719017, 0.9941156506538391]]], [-0.09826084136962891, 0.013991069793701173, 0.40494839477539063, 0.043992072715759924, -0.11046492219628878, 0.11006996344706557, [[0.9878902435302734, -0.11456036567687988, -0.10463638603687286], [0.10917831212282181, 0.9924542307853699, -0.05580970272421837], [0.1102403998374939, 0.04370983690023422, 0.9929433465003967]]], [-0.1103738784790039, 0.016887205123901367, 0.40662442016601563, 0.011700045456388343, -0.10571582653847811, 0.11073318334475235, [[0.9883268475532532, -0.11172644793987274, -0.10357267409563065], [0.10989009588956833, 0.9936708807945251, -0.02328791655600071], [0.10551902651786804, 0.011634462513029575, 0.9943492412567139]]], [-0.12411690521240235, 0.01928354072570801, 0.4069585571289063, 0.010923501875210656, -0.07732640738215868, 0.09599893176647299, [[0.9924212098121643, -0.09668575972318649, -0.07584208250045776], [0.09556512534618378, 0.9952553510665894, -0.018277019262313843], [0.07724937051534653, 0.010890644043684006, 0.9969522953033447]]], [-0.13598228454589845, 0.022370532989501955, 0.4087269897460937, 0.006033554217262163, -0.058467785369198166, 0.09052509029999613, [[0.9942036271095276, -0.09075097739696503, -0.05764871463179588], [0.0902470275759697, 0.9958553910255432, -0.011291281320154667], [0.05843447893857956, 0.006023207679390907, 0.9982730746269226]]], [-0.14994535827636718, 0.027772651672363282, 0.4096399841308594, -0.003280874622242011, -0.042389325803958045, 0.09605294270507839, [[0.9944962859153748, -0.09576640278100967, -0.0424957200884819], [0.09581916034221649, 0.9953984618186951, -0.0007983768009580672], [0.04237663373351097, -0.0032779215835034847, 0.9990963339805603]]], [-0.1620577392578125, 0.03477602767944336, 0.4090085754394531, -0.0055434168023080765, -0.022986883182668727, 0.12466934622331866, [[0.9919766783714294, -0.12421831488609314, -0.023495420813560486], [0.12431380152702332, 0.9922394156455994, 0.0026423188392072916], [0.022984858602285385, -0.005541923921555281, 0.9997204542160034]]], [-0.17039179992675782, 0.03924670791625977, 0.40947698974609376, -0.005883696349292075, 0.0024033237871545765, 0.11804977211807309, [[0.9930373430252075, -0.11778777837753296, 0.0016936006722971797], [0.11777544021606445, 0.9930213689804077, 0.006125761661678553], [-0.0024033214431256056, -0.005883645266294479, 0.9999797940254211]]], [-0.17804957580566405, 0.04352631378173828, 0.408913818359375, 0.024011337872279805, 0.005906905897689052, 0.11107141703880463, [[0.9938205480575562, -0.11067028343677521, 0.008530017919838428], [0.11084124445915222, 0.993567168712616, -0.02320653758943081], [-0.005906871519982815, 0.02400861121714115, 0.999694287776947]]], [-0.1861407012939453, 0.04875110626220703, 0.407249267578125, 0.06392488282711961, 0.030451755281656778, 0.10952801834794967, [[0.9935469627380371, -0.1071525514125824, 0.037185605615377426], [0.10925848037004471, 0.9921901226043701, -0.06017722189426422], [-0.03044704906642437, 0.0638517364859581, 0.9974948167800903]]], [-0.19021353149414064, 0.052051250457763674, 0.40774151611328124, 0.07315332070508021, 0.044848518271680904, 0.10304737485023413, [[0.9936951398849487, -0.09933057427406311, 0.051994599401950836], [0.1027616634964943, 0.9923720359802246, -0.06810091435909271], [-0.044833485037088394, 0.07301460206508636, 0.9963226318359375]]], [-0.19458213806152344, 0.06014796829223633, 0.4064959106445313, 0.06542641754084422, 0.055701012355115154, 0.10555616102863, [[0.9928918480873108, -0.10151524841785431, 0.062132325023412704], [0.10519684851169586, 0.9926899671554565, -0.05916276574134827], [-0.055672213435173035, 0.06527835130691528, 0.9963128566741943]]], [-0.19642337036132812, 0.06539344024658203, 0.4049124450683594, 0.0795150449556626, 0.07989349344989294, 0.12187242659425852, [[0.9894165992736816, -0.1148945614695549, 0.0886228084564209], [0.12118317186832428, 0.9902172088623047, -0.06917037814855576], [-0.07980852574110031, 0.07917790859937668, 0.9936606287956238]]], [-0.19576727294921875, 0.06912234497070313, 0.4053969421386719, 0.08361608580146924, 0.088123451563489, 0.10898507852678609, [[0.9902096390724182, -0.10108261555433273, 0.09626589715480804], [0.10834739357233047, 0.9913934469223022, -0.07348387688398361], [-0.08800943940877914, 0.08319459855556488, 0.992639422416687]]], [-0.19395994567871094, 0.07516081237792968, 0.40456365966796876, 0.08266026726773107, 0.08956774361753173, 0.11256949141238065, [[0.9896876215934753, -0.10460971295833588, 0.09785322844982147], [0.11188161373138428, 0.9911075234413147, -0.07203002274036407], [-0.08944803476333618, 0.08223520219326019, 0.9925907850265503]]], [-0.18972349548339842, 0.07903339385986329, 0.40435675048828124, 0.08641346792051283, 0.09850725207814914, 0.11082406761186753, [[0.989047110080719, -0.10174872726202011, 0.10692517459392548], [0.11006118357181549, 0.9910956025123596, -0.07494005560874939], [-0.09834801405668259, 0.08588755875825882, 0.9914388656616211]]], [-0.18377081298828124, 0.0865546646118164, 0.4061345825195313, 0.0506830634301771, 0.09440473925131987, 0.1114267533906864, [[0.9893732666969299, -0.10630757361650467, 0.09919305145740509], [0.11070118099451065, 0.9930533170700073, -0.03987877443432808], [-0.09426457434892654, 0.050435781478881836, 0.9942687749862671]]], [-0.178662109375, 0.08889089965820313, 0.40731765747070314, 0.08079706871792161, 0.09513986421362386, 0.12422472450562755, [[0.987806499004364, -0.11589325219392776, 0.1039571538567543], [0.12334512174129486, 0.9900068640708923, -0.06835506856441498], [-0.09499640017747879, 0.08034419268369675, 0.9922300577163696]]], [-0.171633544921875, 0.09371673583984375, 0.40814913940429687, 0.058619682341308724, 0.07133695462726752, 0.08799266637841811, [[0.9935975670814514, -0.08356855809688568, 0.07602725178003311], [0.08765564858913422, 0.9947870969772339, -0.05210649594664574], [-0.0712764635682106, 0.05843710899353027, 0.9957433342933655]]], [-0.16553599548339842, 0.09854734039306641, 0.41076025390625, 0.05061385163487328, 0.055639480897301974, 0.09343497366985795, [[0.9940974116325378, -0.09037840366363525, 0.06001751497387886], [0.09315470606088638, 0.9946256279945374, -0.04518977925181389], [-0.0556107796728611, 0.05051395297050476, 0.9971739053726196]]], [-0.15823442077636718, 0.10052565002441406, 0.4127445068359375, 0.07711483573182108, 0.034353326412031926, 0.11942523978499157, [[0.9922914505004883, -0.1161603257060051, 0.04317906126379967], [0.11907126754522324, 0.9902418255805969, -0.07240976393222809], [-0.0343465693295002, 0.07699297368526459, 0.9964398741722107]]], [-0.15278277587890626, 0.1073443374633789, 0.4129569091796875, 0.04871214498510365, 0.019011598040422184, 0.11419600335344499, [[0.9933071732521057, -0.11289315670728683, 0.02441268414258957], [0.11392737179994583, 0.9924136996269226, -0.046212099492549896], [-0.019010452553629875, 0.04868408292531967, 0.9986333250999451]]], [-0.14756602478027345, 0.11170400238037109, 0.4153931884765625, 0.01405781619138094, 0.009794009740732523, 0.09007678069317525, [[0.9958980679512024, -0.08980901539325714, 0.011017712764441967], [0.08995070308446884, 0.9958598017692566, -0.013119443319737911], [-0.009793853387236595, 0.014056678861379623, 0.999853253364563]]], [-0.1428448944091797, 0.11462018585205078, 0.41633761596679686, 0.06231892828522595, -0.004653629444858254, 0.10436141355772702, [[0.994548499584198, -0.10425810515880585, 0.001868381747044623], [0.10417094826698303, 0.9925984740257263, -0.062423594295978546], [0.004653612617403269, 0.06227792426943779, 0.9980480074882507]]], [-0.13969915771484376, 0.12073800659179687, 0.4166638488769531, 0.06126321478878488, -0.005635946631651123, 0.07671609524028339, [[0.9970429539680481, -0.07684113085269928, -0.0009164690272882581], [0.07663965225219727, 0.9951618313789368, -0.061475954949855804], [0.005635916721075773, 0.06122392788529396, 0.9981081485748291]]], [-0.13652114868164061, 0.12111255645751953, 0.4174973449707031, 0.0474032997662248, -0.01875474889031592, 0.095832868167352, [[0.9952364563941956, -0.09646333754062653, -0.014112483710050583], [0.09566941857337952, 0.9942083358764648, -0.048960573971271515], [0.018753649666905403, 0.04737721383571625, 0.9987010359764099]]], [-0.13421649169921876, 0.1217544937133789, 0.4189310607910156, 0.08102621291267521, -0.01651485346309256, 0.0924825458499176, [[0.9955907464027405, -0.09337867796421051, -0.00891493447124958], [0.09233817458152771, 0.9923362731933594, -0.08211178332567215], [0.01651410199701786, 0.08092654496431351, 0.9965832233428955]]], [-0.13348692321777345, 0.12281902313232422, 0.4206986389160156, 0.11051045085450184, -0.016076467180047516, 0.0769652952990112, [[0.996910810470581, -0.0781879797577858, -0.007450621109455824], [0.07687939703464508, 0.9908213019371033, -0.11118768155574799], [0.016075775027275085, 0.1102714017033577, 0.993771493434906]]], [-0.13282975769042968, 0.1165085678100586, 0.4215296630859375, 0.11710232265445733, -0.02657462239837516, 0.09263344098223603, [[0.9953610301017761, -0.09495867788791656, -0.015469028614461422], [0.09246835857629776, 0.9886061549186707, -0.11877501010894775], [0.026571495458483696, 0.11679361760616302, 0.9928007125854492]]], [-0.13110421752929688, 0.11245585632324219, 0.42394073486328127, 0.16296454613730338, -0.022969371365065605, 0.10608384338926367, [[0.9941160678863525, -0.10818744450807571, -0.005356424022465944], [0.10585705190896988, 0.9808089733123779, -0.16373178362846375], [0.022967351600527763, 0.162201389670372, 0.9864903688430786]]], [-0.13009475708007812, 0.10788507843017578, 0.42460037231445313, 0.13557686861242088, -0.005422683143814444, 0.0897986186288259, [[0.9959561824798584, -0.08958503603935242, 0.006769799627363682], [0.08967666327953339, 0.9867655634880066, -0.1350991427898407], [0.005422656424343586, 0.1351599246263504, 0.9908089637756348]]], [-0.12926605224609375, 0.10010054779052735, 0.42557052612304686, 0.10300384747187452, 0.00693245029836298, 0.09130123287379138, [[0.9958109855651855, -0.08998136222362518, 0.0162416510283947], [0.0911722481250763, 0.99062180519104, -0.10176483541727066], [-0.006932394579052925, 0.10281933099031448, 0.994675874710083]]], [-0.12852978515625, 0.09412353515625, 0.42699423217773436, 0.13773206584298317, 0.014058399624771178, 0.09052190825152905, [[0.9958072900772095, -0.08762004226446152, 0.026279214769601822], [0.09038940072059631, 0.9866488575935364, -0.13547609746456146], [-0.014057937078177929, 0.13728344440460205, 0.9904320240020752]]], [-0.1268366928100586, 0.08992121887207032, 0.4269891357421875, 0.07474103525281987, 0.026534133819878125, 0.08292492501001435, [[0.996212899684906, -0.08062437176704407, 0.03255106881260872], [0.08280076086521149, 0.9939455986022949, -0.07222344726324081], [-0.026531020179390907, 0.07464518398046494, 0.9968571662902832]]], [-0.12389990997314453, 0.08191663360595704, 0.42718585205078125, 0.051714174273187155, 0.02925991965591135, 0.08055675302075445, [[0.9963303804397583, -0.07885471731424332, 0.03328145295381546], [0.08043520897626877, 0.9955462217330933, -0.04917244240641594], [-0.029255744069814682, 0.05166900157928467, 0.9982356429100037]]], [-0.12135453796386719, 0.0743283233642578, 0.42733935546875, 0.07711569146192605, 0.041683036853434885, 0.07066098543348097, [[0.9966381192207336, -0.06719008088111877, 0.04688258841633797], [0.07054087519645691, 0.9947666525840759, -0.07391371577978134], [-0.041670966893434525, 0.0769723653793335, 0.9961620569229126]]], [-0.1184059066772461, 0.07064182281494141, 0.4277903442382813, 0.0427485502421331, 0.042154436519203475, 0.07215705855993182, [[0.9965117573738098, -0.0702323243021965, 0.045074887573719025], [0.07203041017055511, 0.9966164231300354, -0.03958889842033386], [-0.042141951620578766, 0.042697567492723465, 0.9981988668441772]]], [-0.11407128143310546, 0.05968642044067383, 0.4255952758789063, 0.08524477138127826, 0.04602876442471193, 0.08534436201727344, [[0.9953051209449768, -0.08102795481681824, 0.05293611064553261], [0.08515051752328873, 0.9930763840675354, -0.08092378079891205], [-0.0460125133395195, 0.08505139499902725, 0.9953135848045349]]], [-0.11041481018066407, 0.05287383651733398, 0.42548934936523436, 0.12327391424373638, 0.05117588873806489, 0.11176537313596382, [[0.9924597144126892, -0.1044357568025589, 0.06416292488574982], [0.11138681322336197, 0.9869210124015808, -0.11653273552656174], [-0.051153551787137985, 0.12280094623565674, 0.9911121129989624]]], [-0.10479985046386718, 0.04428840255737305, 0.42564767456054686, 0.10017337936812507, 0.04577919431694566, 0.07152970236739653, [[0.996397852897644, -0.06654554605484009, 0.05256464704871178], [0.07139384746551514, 0.9927695989608765, -0.09649595618247986], [-0.045763205736875534, 0.09990115463733673, 0.9939444065093994]]], [-0.10210832977294922, 0.03799002838134766, 0.42623086547851563, 0.09251936833352277, 0.04381821547742826, 0.07990561100180472, [[0.9958524703979492, -0.07544518262147903, 0.05085210129618645], [0.07974398881196976, 0.9928690791130066, -0.08861112594604492], [-0.043804194778203964, 0.09229875355958939, 0.9947673678398132]]], [-0.0964790267944336, 0.030999258041381837, 0.430071533203125, 0.10025117921606476, 0.04830042874915108, 0.08848821679488648, [[0.9949257969856262, -0.08311578631401062, 0.05669591948390007], [0.08826971799135208, 0.991513192653656, -0.0954464003443718], [-0.048281650990247726, 0.0999666154384613, 0.9938187003135681]]], [-0.09374958038330078, 0.02516068458557129, 0.4333345947265625, 0.05590363081807605, 0.037535610929062546, 0.08412985316284556, [[0.9957612752914429, -0.08180999755859375, 0.04203082621097565], [0.08397145569324493, 0.995082676410675, -0.05252842232584953], [-0.037526797503232956, 0.05583516135811806, 0.997734546661377]]], [-0.08978492736816407, 0.013079432487487793, 0.43756674194335937, 0.0704284152271134, 0.02647301339495378, 0.07804597732293952, [[0.9966066479682922, -0.07591646164655685, 0.031810462474823], [0.07793945074081421, 0.9946296811103821, -0.06809733808040619], [-0.026469921693205833, 0.07034555077552795, 0.9971714019775391]]], [-0.08565802001953125, 0.005094140529632568, 0.4424151000976563, 0.09196747525657013, 0.010381483591815899, 0.08963674976733736, [[0.9959316253662109, -0.08818889409303665, 0.01851695403456688], [0.089511938393116, 0.9918615818023682, -0.09054381400346756], [-0.010381297208368778, 0.09183293581008911, 0.9957203269004822]]], [-0.08387728881835937, -8.102679997682572e-05, 0.44659603881835935, 0.07984825617093516, 0.013980492024631141, 0.0935537589176286, [[0.9955297112464905, -0.09200948476791382, 0.021325843408703804], [0.09340821951627731, 0.9925589561462402, -0.07811281085014343], [-0.013980035670101643, 0.07975564152002335, 0.9967163801193237]]], [-0.08165992736816406, -0.014152751922607423, 0.4506084899902344, 0.07925402504264287, -0.006348506937348342, 0.10495542577129252, [[0.9944772124290466, -0.10493384301662445, 0.0020004750695079565], [0.10476072877645493, 0.9913228750228882, -0.07939841598272324], [0.006348464172333479, 0.07916948944330215, 0.9968409538269043]]], [-0.08009075927734376, -0.022491945266723632, 0.4531681823730469, 0.08680052742781222, 0.0024399423309333645, 0.08790480763361058, [[0.9961358904838562, -0.08725041896104813, 0.010032163932919502], [0.08779137581586838, 0.9924071431159973, -0.08614344149827957], [-0.0024399396497756243, 0.08669131249189377, 0.9962322115898132]]], [-0.07986408996582031, -0.028146570205688476, 0.4556601257324219, 0.07495724557882298, -0.006601190726656325, 0.09635139647676118, [[0.99534010887146, -0.09642429649829865, 0.0006522395415231586], [0.09620028734207153, 0.9925192594528198, -0.07517299056053162], [0.006601142697036266, 0.07488544285297394, 0.9971702694892883]]], [-0.07990067291259766, -0.039991931915283205, 0.45666989135742186, 0.06462167163938032, -0.00958822661377634, 0.08176867599636259, [[0.9966129660606384, -0.08212420344352722, -0.004261628724634647], [0.08167383074760437, 0.9945279359817505, -0.0651424378156662], [0.009588079527020454, 0.064573734998703, 0.9978668689727783]]], [-0.08031396484375, -0.048895191192626954, 0.4582431640625, 0.09866302931604778, -0.00980731406646651, 0.10489110890886794, [[0.9944561719894409, -0.10515042394399643, 0.0006073337863199413], [0.10469384491443634, 0.9895663261413574, -0.09898346662521362], [0.009807157330214977, 0.09849829971790314, 0.9950888752937317]]], [-0.0815950927734375, -0.05592284393310547, 0.45842489624023436, 0.05360360563673546, -0.01600829511302515, 0.11117407392461515, [[0.9936991930007935, -0.11163821071386337, -0.009941723197698593], [0.11093098670244217, 0.9923039078712463, -0.055020593106746674], [0.01600761152803898, 0.053571075201034546, 0.9984357357025146]]], [-0.08225717163085937, -0.06741304016113281, 0.4577420654296875, 0.06880652635105766, -0.0087969311246201, 0.11662021012058177, [[0.9931691288948059, -0.11668141186237335, -0.0007166524301283062], [0.11635154485702515, 0.9907870292663574, -0.0693063959479332], [0.008796817623078823, 0.06874958425760269, 0.9975951910018921]]], [-0.08353683471679688, -0.07311488342285156, 0.45807379150390626, 0.07289439231151006, -0.00910755739967195, 0.10055717226066223, [[0.9949071407318115, -0.1007811427116394, -0.0017261325847357512], [0.10038362443447113, 0.9922395944595337, -0.07337379455566406], [0.009107431396842003, 0.07282683253288269, 0.9973030090332031]]], [-0.08420688629150391, -0.07763304138183594, 0.45833062744140624, 0.08365992749813034, -0.004380172639603552, 0.09031163719993679, [[0.9959151148796082, -0.09023801237344742, 0.0031893490813672543], [0.09018805623054504, 0.9924084544181824, -0.0836154893040657], [0.004380158614367247, 0.08356156945228577, 0.9964929819107056]]], [-0.08781855010986328, -0.0966215591430664, 0.458580078125, 0.05175028440545826, -0.013372233802271927, 0.09302641674283688, [[0.995587170124054, -0.09345664083957672, -0.008491136133670807], [0.09288399666547775, 0.9942789673805237, -0.05274400860071182], [0.013371835462749004, 0.05172256380319595, 0.9985719919204712]]], [-0.08950812530517578, -0.10294803619384765, 0.458751220703125, 0.07348399420653334, -0.0007586166557451701, 0.09444659261132488, [[0.9955429434776306, -0.09410718083381653, 0.006170566659420729], [0.09430621564388275, 0.9928512573242188, -0.0731620192527771], [0.0007586165447719395, 0.07341785728931427, 0.9973009824752808]]], [-0.09217962646484375, -0.10862291717529297, 0.4596427001953125, 0.053571691793618745, -0.002726521634603074, 0.10142636013814489, [[0.9948570728302002, -0.10125253349542618, 0.002713061636313796], [0.10125217586755753, 0.9934187531471252, -0.05354655534029007], [0.002726518316194415, 0.05354587361216545, 0.998561680316925]]], [-0.09447763061523437, -0.11903861999511718, 0.459222900390625, 0.05727797560471673, -0.0009036181839152668, 0.10653648965524207, [[0.9943299293518066, -0.10621212422847748, 0.005190306343138218], [0.10633502900600433, 0.9926941990852356, -0.05701802298426628], [0.0009036179399117827, 0.05724663659930229, 0.9983596801757812]]], [-0.09692288208007813, -0.12648300933837892, 0.46019229125976563, 0.07953076592380164, -0.0023515632325195046, 0.12170655588263958, [[0.99260014295578, -0.12120800465345383, 0.007318573538213968], [0.12140598148107529, 0.9894427061080933, -0.07914386689662933], [0.0023515610955655575, 0.07944673299789429, 0.9968363642692566]]], [-0.0991813735961914, -0.13000852966308593, 0.4616900939941406, 0.04541804217331435, -0.0027404953621750217, 0.12830039137205063, [[0.9917770624160767, -0.12794014811515808, 0.003094016807153821], [0.12794820964336395, 0.9907421469688416, -0.04537953808903694], [0.0027404918801039457, 0.04540225863456726, 0.9989650249481201]]], [-0.10115682983398437, -0.14034780883789064, 0.4618194885253906, 0.06019795487315577, -0.001100187887730586, 0.10824619840774213, [[0.9941465258598328, -0.10790504515171051, 0.0054077873937785625], [0.10803486406803131, 0.9923391938209534, -0.05992812663316727], [0.0011001875391229987, 0.060161568224430084, 0.9981880187988281]]], [-0.10316206359863281, -0.14608961486816407, 0.4642106323242188, 0.07265663696070933, 0.002363901789002032, 0.10704683643227327, [[0.9942731857299805, -0.10639000684022903, 0.010100157000124454], [0.10684221237897873, 0.991671085357666, -0.07192530483007431], [-0.002363899489864707, 0.07259252667427063, 0.9973588585853577]]], [-0.10545004272460938, -0.1496815185546875, 0.46563833618164063, 0.023444627771083422, -0.001238063777667442, 0.1196566116287259, [[0.9928489327430725, -0.11936729401350021, 0.0015694857574999332], [0.1193711906671524, 0.9925733804702759, -0.0234226081520319], [0.0012380634434521198, 0.02344246208667755, 0.9997244477272034]]], [-0.1075167007446289, -0.16017440795898438, 0.46679776000976564, 0.0480727699176087, -0.006626620123338256, 0.10996623273614242, [[0.9939379692077637, -0.10993446409702301, -0.0013052349677309394], [0.10974232852458954, 0.9927765727043152, -0.04849039018154144], [0.006626571528613567, 0.04805320128798485, 0.998822808265686]]], [-0.11015280914306641, -0.1640283660888672, 0.46802926635742187, 0.05439118140756925, -0.011190329366739915, 0.12250661821619026, [[0.992443323135376, -0.1226234883069992, -0.004446458071470261], [0.12219277024269104, 0.990963339805603, -0.05532234162092209], [0.011190095916390419, 0.05436096340417862, 0.9984586238861084]]], [-0.11175996398925782, -0.16668501281738282, 0.4703377380371094, 0.035137275475675994, -0.004012160926114783, 0.11167249065081258, [[0.9937630891799927, -0.11151181161403656, -6.978687451919541e-05], [0.11143963038921356, 0.9931420087814331, -0.035358063876628876], [0.004012150224298239, 0.035129763185977936, 0.9993746876716614]]], [-0.11406630706787109, -0.1736437225341797, 0.4715060119628906, 0.0171060986562295, -0.010086186094096838, 0.11044892954391144, [[0.9938561320304871, -0.11037985235452652, -0.008137672208249569], [0.11021889746189117, 0.9937422871589661, -0.018112599849700928], [0.010086014866828918, 0.017104394733905792, 0.999802827835083]]], [-0.11557672119140625, -0.17647384643554687, 0.47234130859375, 0.07123743249520154, -0.008239226481157713, 0.11012895624154562, [[0.993908166885376, -0.1102106049656868, -0.00034561482607387006], [0.1099027469754219, 0.9913565516471863, -0.07164923846721649], [0.008239133283495903, 0.07117477804422379, 0.9974298477172852]]], [-0.11784024047851563, -0.17755104064941407, 0.4733518981933594, 0.027286441783447295, -0.007434505558518101, 0.12523136177072788, [[0.9921413660049438, -0.12505903840065002, -0.0039657000452280045], [0.12490083277225494, 0.9917741417884827, -0.027997644618153572], [0.007434437051415443, 0.02728230133652687, 0.9996001124382019]]], [-0.1206195068359375, -0.18474685668945312, 0.4718938293457031, 0.01636938887084529, -0.013221332543111863, 0.11202327949202956, [[0.9936450719833374, -0.11198920011520386, -0.011306479573249817], [0.1117793545126915, 0.9935746192932129, -0.01774381846189499], [0.013220947235822678, 0.016367226839065552, 0.9997786283493042]]], [-0.12249608612060547, -0.18601927185058595, 0.47215643310546873, 0.056939746951478534, -0.014032174322245794, 0.10930533126442425, [[0.9939342737197876, -0.10970477759838104, -0.0077172936871647835], [0.10907706618309021, 0.9923340678215027, -0.05809756740927696], [0.014031713828444481, 0.056903380900621414, 0.9982810616493225]]], [-0.12530181884765626, -0.18509355163574218, 0.4723381652832031, 0.01786524687906734, -0.01861957041952378, 0.12940143453925845, [[0.9914674162864685, -0.12934984266757965, -0.016154665499925613], [0.12901823222637177, 0.9914381504058838, -0.020117096602916718], [0.018618494272232056, 0.017861200496554375, 0.9996671080589294]]], [-0.12795447540283203, -0.1874901885986328, 0.4730970764160156, -0.007542252952557435, -0.031422198474037266, 0.1348950092175808, [[0.9904263019561768, -0.13424764573574066, -0.03214505314826965], [0.13441988825798035, 0.9909191131591797, 0.0032486252021044493], [0.03141702711582184, -0.0075384583324193954, 0.9994779229164124]]], [-0.1301668243408203, -0.18975900268554688, 0.4738463134765625, 0.05356512051127907, -0.025342126848519886, 0.11108085833897999, [[0.9935177564620972, -0.11204186826944351, -0.019212132319808006], [0.11081697046756744, 0.9922610521316528, -0.056014448404312134], [0.025339415296912193, 0.053522318601608276, 0.998245120048523]]], [-0.13252546691894532, -0.18973805236816407, 0.4764303283691406, 0.06040755373632922, -0.02375260343403829, 0.10083971469398925, [[0.9946393370628357, -0.10191182792186737, -0.017509153112769127], [0.10064050555229187, 0.9929609298706055, -0.062450699508190155], [0.023750370368361473, 0.06035379320383072, 0.9978944659233093]]], [-0.13482398986816407, -0.19113453674316405, 0.47899966430664065, 0.011597929893889684, -0.031255944892834675, 0.09993910390928884, [[0.9945242404937744, -0.10012674331665039, -0.029935697093605995], [0.09972409158945084, 0.9949071407318115, -0.014657576568424702], [0.031250856816768646, 0.011592005379498005, 0.9994443655014038]]], [-0.1377934112548828, -0.18867529296875, 0.4818868408203125, 0.02591858282670486, -0.02976385917444735, 0.10192350648739093, [[0.9943696856498718, -0.10248018801212311, -0.02695823274552822], [0.10170206427574158, 0.9943976998329163, -0.0288081094622612], [0.029759464785456657, 0.025904202833771706, 0.9992213845252991]]], [-0.14091586303710937, -0.18546208190917968, 0.4867359924316406, 0.024451577193736765, -0.03520520856372111, 0.09397303800523302, [[0.9949708580970764, -0.09466350078582764, -0.03273798152804375], [0.0937766432762146, 0.9952094554901123, -0.027643069624900818], [0.03519793599843979, 0.024433990940451622, 0.9990816116333008]]], [-0.14441098022460938, -0.1847887725830078, 0.4904576110839844, 0.004806041836996067, -0.03167129756244513, 0.10502883584600416, [[0.9939908385276794, -0.10498598217964172, -0.030987301841378212], [0.10478327423334122, 0.9944620728492737, -0.008099233731627464], [0.03166600316762924, 0.004803613293915987, 0.9994869828224182]]], [-0.14898696899414063, -0.18071661376953124, 0.4942230224609375, 0.027718340700237872, -0.04615637979270937, 0.085965799541784, [[0.9952461123466492, -0.08710101246833801, -0.043572358787059784], [0.08576851338148117, 0.9958147406578064, -0.031572502106428146], [0.04613999277353287, 0.027685275301337242, 0.9985512495040894]]], [-0.15461357116699218, -0.17617498779296875, 0.49955206298828125, 0.02052219492867123, -0.05541148084832481, 0.10897935641682426, [[0.9925419092178345, -0.10987062752246857, -0.052811067551374435], [0.10859683901071548, 0.9937347173690796, -0.026421427726745605], [0.05538313090801239, 0.02048925869166851, 0.9982549548149109]]], [-0.15840516662597656, -0.17462924194335938, 0.5020802307128907, 0.022638329044343118, -0.059958041263739936, 0.09294654269069272, [[0.9938943982124329, -0.09413955360651016, -0.05754724144935608], [0.09264599531888962, 0.9953025579452515, -0.028098801150918007], [0.059922121465206146, 0.022595718502998352, 0.9979472756385803]]], [-0.1647718963623047, -0.16923492431640624, 0.5045518188476562, 0.0019808993697979158, -0.07231291329711453, 0.07410300799245392, [[0.994649350643158, -0.07417778670787811, -0.07190483063459396], [0.07384172081947327, 0.9972430467605591, -0.007324487902224064], [0.07224990427494049, 0.001975721213966608, 0.9973846077919006]]], [-0.17153164672851562, -0.16618028259277343, 0.5074029541015626, 0.02639838237893479, -0.07432260522828504, 0.08146211010185334, [[0.99393230676651, -0.08329715579748154, -0.07183433324098587], [0.08114740252494812, 0.996177077293396, -0.032347895205020905], [0.07425419986248016, 0.02632244862616062, 0.9968919157981873]]], [-0.17831964111328125, -0.16104946899414063, 0.5098366088867188, 0.014662655145281506, -0.0749048425064418, 0.08868031260263416, [[0.9932774305343628, -0.08964753150939941, -0.0732342004776001], [0.08831578493118286, 0.9958662390708923, -0.021231481805443764], [0.07483481615781784, 0.014621016569435596, 0.9970887303352356]]], [-0.18737127685546875, -0.1558116455078125, 0.5106734313964844, 0.01034332531247232, -0.09471949197312646, 0.07088615575937093, [[0.9930173754692078, -0.07179879397153854, -0.09360278397798538], [0.07050932198762894, 0.9973660111427307, -0.01701545901596546], [0.09457792341709137, 0.010296777822077274, 0.9954642057418823]]], [-0.19561227416992188, -0.1508467559814453, 0.5139981689453125, 0.012362681273300723, -0.08510739165492942, 0.0768176559364277, [[0.993442177772522, -0.07778402417898178, -0.08379881083965302], [0.07646436244249344, 0.996894121170044, -0.018848851323127747], [0.08500468730926514, 0.012317621149122715, 0.9963043928146362]]], [-0.2066305694580078, -0.14370166015625, 0.5152726440429688, 0.011817597286538348, -0.09059003254845766, 0.05208567652177183, [[0.9945489168167114, -0.05312611162662506, -0.08972194790840149], [0.051848649978637695, 0.9985184669494629, -0.01651082932949066], [0.09046617895364761, 0.011768865399062634, 0.9958299994468689]]], [-0.22086087036132812, -0.13481828308105467, 0.51610009765625, 0.004506669484724803, -0.09294605049857196, 0.03807827855236931, [[0.9949618577957153, -0.03848665952682495, -0.09257249534130096], [0.037904758006334305, 0.9992490410804749, -0.008036629296839237], [0.09281228482723236, 0.004487202037125826, 0.9956735372543335]]], [-0.232419921875, -0.12752290344238282, 0.5167850952148437, 0.005122918820012461, -0.0844133737805084, 0.0370336229564564, [[0.9957560896873474, -0.03745630383491516, -0.08406456559896469], [0.0368933230638504, 0.9992852210998535, -0.008241050876677036], [0.08431316167116165, 0.005104655399918556, 0.9964262247085571]]], [-0.24147665405273439, -0.12391822814941406, 0.518466064453125, 0.021543359455364182, -0.0682138763517528, 0.03801944178840358, [[0.9969533681869507, -0.03946870565414429, -0.06727711856365204], [0.037921883165836334, 0.9989896416664124, -0.02411634288728237], [0.06816098839044571, 0.02149159461259842, 0.9974428415298462]]], [-0.2512709808349609, -0.11965901947021484, 0.517928955078125, 0.07873975322279253, -0.06245795047329561, 0.03659103446237507, [[0.9973820447921753, -0.041375886648893356, -0.05930475518107414], [0.036511536687612534, 0.9960547089576721, -0.08088209480047226], [0.062417350709438324, 0.07850503921508789, 0.9949578046798706]]], [-0.26159210205078126, -0.11434375762939453, 0.519593017578125, 0.07120266551822914, -0.03722233441802181, 0.02162546335580093, [[0.9990736842155457, -0.02421584725379944, -0.03557239845395088], [0.021608799695968628, 0.9971756935119629, -0.07192854583263397], [0.03721373900771141, 0.07109323889017105, 0.9967752695083618]]], [-0.2720982666015625, -0.11107440185546875, 0.520825927734375, 0.13346699986267666, -0.007460902813344994, 0.026632160513888482, [[0.9996175765991211, -0.02738465741276741, -0.0038483066018670797], [0.026628270745277405, 0.9907286167144775, -0.1332208216190338], [0.00746083352714777, 0.13306739926338196, 0.9910789132118225]]], [-0.27952108764648437, -0.10804645538330078, 0.5210673217773437, 0.12236707134469114, -0.007691491432401998, 0.03256029113488286, [[0.9994403719902039, -0.03324944153428078, -0.003656187327578664], [0.032553575932979584, 0.9919658303260803, -0.12224573642015457], [0.0076914154924452305, 0.12205830961465836, 0.9924931526184082]]], [-0.2846439514160156, -0.1062586898803711, 0.5236224365234375, 0.12891919967349444, 0.028278819123131793, 0.029447609898692106, [[0.9991667866706848, -0.025565484538674355, 0.03181355819106102], [0.029431581497192383, 0.9913784861564636, -0.12768104672431946], [-0.028275050222873688, 0.128510981798172, 0.9913049340248108]]], [-0.2906236267089844, -0.10478557586669922, 0.5260430297851563, 0.11732773389347173, 0.041312702808969926, 0.019170357963820606, [[0.9989631772041321, -0.014203647151589394, 0.04325339198112488], [0.019152827560901642, 0.9930351972579956, -0.11625096201896667], [-0.041300952434539795, 0.1169588565826416, 0.9922776222229004]]], [-0.29249835205078123, -0.1044289779663086, 0.5267310791015625, 0.08309817595309282, 0.05675238828763929, 0.018984499024681724, [[0.9982101321220398, -0.014210635796189308, 0.05809168145060539], [0.01895279623568058, 0.9964591264724731, -0.08191455900669098], [-0.05672192946076393, 0.08286894112825394, 0.9949449300765991]]], [-0.2939728088378906, -0.10369210052490234, 0.5298992919921875, 0.06992540294312322, 0.07145571264497685, -0.0020484612756947115, [[0.9974460601806641, 0.007031694520264864, 0.07107717543840408], [-0.0020432325545698404, 0.9975439310073853, -0.07001417875289917], [-0.0713949203491211, 0.06969013810157776, 0.9950105547904968]]], [-0.29275955200195314, -0.10039915466308594, 0.53302490234375, 0.008160290640409072, 0.08849147671820701, 0.0006810554384846308, [[0.9960869550704956, 4.0133221773430705e-05, 0.08837862312793732], [0.000678390555549413, 0.9999669790267944, -0.008100011385977268], [-0.08837603032588959, 0.008128270506858826, 0.9960539937019348]]], [-0.29110174560546875, -0.09715480041503906, 0.534507568359375, -0.00813616763773943, 0.11675505555536403, -0.013624357652659007, [[0.9930996894836426, 0.012675801292061806, 0.11658614873886108], [-0.013531182892620564, 0.9998869895935059, 0.006548323202878237], [-0.11648997664451599, -0.008080686442553997, 0.9931589961051941]]], [-0.2881882629394531, -0.09434912872314453, 0.53637548828125, -0.025730194508892825, 0.09813473932294481, 0.00048512814670691184, [[0.9951885342597961, -0.0030056640971451998, 0.0979323759675026], [0.00048279401380568743, 0.9996676445007324, 0.025774868205189705], [-0.09797730296850204, -0.02560357190668583, 0.9948592185974121]]], [-0.28327761840820315, -0.09312880706787109, 0.538298828125, 0.009482044483846657, 0.09332016502133911, 0.007893290690065594, [[0.9956178069114685, -0.0070093125104904175, 0.0932525247335434], [0.007858864031732082, 0.9999308586120605, -0.008746113628149033], [-0.09318477660417557, 0.009440644644200802, 0.9956040978431702]]], [-0.2779727783203125, -0.0874964828491211, 0.5389313354492188, 0.01064272569982444, 0.07283324090563315, 0.019666652150560984, [[0.9971559643745422, -0.018889976665