{
    "amplitude": 0.06254127962065974,
    "frequency": 0.016933575135084474,
    "seed": 1762038256,
    "time_interval": 0.05,
    "pid_gains": {
        "pid_rate": {
            "roll_kp": "50.0",
            "roll_ki": "0.0",
            "roll_kd": "0.0",
            "pitch_kp": "50.0",
            "pitch_ki": "0.0",
            "pitch_kd": "0.0",
            "yaw_kp": "80.0",
            "yaw_ki": "0.0",
            "yaw_kd": "0.0"
        },
        "pid_attitude": {
            "roll_kp": "6.0",
            "roll_ki": "0.0",
            "roll_kd": "0.20000000298023224",
            "pitch_kp": "6.0",
            "pitch_ki": "0.0",
            "pitch_kd": "1.0",
            "yaw_kp": "10.0",
            "yaw_ki": "0.0",
            "yaw_kd": "0.3499999940395355"
        },
        "velCtlPid": {
            "vxKp": "15.0",
            "vxKi": "1.0",
            "vxKd": "0.0",
            "vyKp": "10.0",
            "vyKi": "1.0",
            "vyKd": "0.0",
            "vzKp": "12.5",
            "vzKi": "0.5",
            "vzKd": "0.0"
        },
        "posCtlPid": {
            "xKp": "1.5",
            "xKi": "0.0",
            "xKd": "0.0",
            "yKp": "1.5",
            "yKi": "0.0",
            "yKd": "0.0",
            "zKp": "5.0",
            "zKi": "0.5",
            "zKd": "0.0"
        }
    },
    "pose": [
        [
            0.0347877082824707,
            0.0072881364822387695,
            0.2619309387207031,
            0.0190515768770273,
            0.025032609041384157,
            0.6572371657826633,
            [
                [
                    0.7914351224899292,
                    -0.6104435324668884,
                    0.03145074099302292
                ],
                [
                    0.6107404828071594,
                    0.7918307781219482,
                    0.00020694635168183595
                ],
                [
                    -0.025029994547367096,
                    0.019044455140829086,
                    0.9995052814483643
                ]
            ]
        ],
        [
            0.03477357482910156,
            0.007314022064208984,
            0.26188916015625,
            0.02045000354143872,
            0.026105944561017447,
            0.6574378278568642,
            [
                [
                    0.791290819644928,
                    -0.6105404496192932,
                    0.033153705298900604
                ],
                [
                    0.6108825206756592,
                    0.7917212247848511,
                    -0.00023833391605876386
                ],
                [
                    -0.026102978736162186,
                    0.020441610366106033,
                    0.9994502067565918
                ]
            ]
        ],
        [
            0.03422172546386719,
            0.0069268932342529295,
            0.2619685363769531,
            0.02223533508221265,
            0.023718459858800944,
            0.6578370993282511,
            [
                [
                    0.7910939455032349,
                    -0.6108383536338806,
                    0.03235612437129021
                ],
                [
                    0.6112347841262817,
                    0.7914432883262634,
                    -0.0030970547813922167
                ],
                [
                    -0.023716235533356667,
                    0.022227250039577484,
                    0.9994716048240662
                ]
            ]
        ],
        [
            0.035511287689208984,
            0.006638792037963867,
            0.2621665649414063,
            0.026764323132920376,
            0.025359121681043595,
            0.8423690521990361,
            [
                [
                    0.6654828190803528,
                    -0.745503306388855,
                    0.03684338182210922
                ],
                [
                    0.7459823489189148,
                    0.6659647822380066,
                    0.0010999388759955764
                ],
                [
                    -0.02535640448331833,
                    0.026752524077892303,
                    0.9993204474449158
                ]
            ]
        ],
        [
            0.035170249938964844,
            0.008260220527648925,
            0.2618721618652344,
            0.023348835513178623,
            0.028314224557180356,
            0.8750455170547775,
            [
                [
                    0.6407050490379333,
                    -0.7669398188591003,
                    0.03606126829981804
                ],
                [
                    0.7672650218009949,
                    0.641294538974762,
                    0.006760044023394585
                ],
                [
                    -0.028310442343354225,
                    0.023337356746196747,
                    0.9993267059326172
                ]
            ]
        ],
        [
            0.03359334182739258,
            0.00886797523498535,
            0.2654497375488281,
            0.009244621377974438,
            0.03250993899936039,
            0.8689708369458842,
            [
                [
                    0.6452717185020447,
                    -0.7634382843971252,
                    0.02804393321275711
                ],
                [
                    0.7632613778114319,
                    0.6458147168159485,
                    0.018852904438972473
                ],
                [
                    -0.032504212111234665,
                    0.009239604696631432,
                    0.9994288682937622
                ]
            ]
        ],
        [
            0.03188818168640137,
            0.010698287010192872,
            0.27885104370117186,
            0.004152793938211552,
            0.00435334419154243,
            0.6582947309114393,
            [
                [
                    0.7910290956497192,
                    -0.6117492318153381,
                    0.005984156392514706
                ],
                [
                    0.6117630004882812,
                    0.79104083776474,
                    -0.0006217936752364039
                ],
                [
                    -0.004353330470621586,
                    0.004152742680162191,
                    0.9999818801879883
                ]
            ]
        ],
        [
            0.028641616821289063,
            0.012570560455322266,
            0.2994678955078125,
            0.04898011314152295,
            -0.02994553417200496,
            0.43080999373376777,
            [
                [
                    0.9082204103469849,
                    -0.4184380769729614,
                    -0.0067263939417898655
                ],
                [
                    0.4174197018146515,
                    0.9069259166717529,
                    -0.05697549879550934
                ],
                [
                    0.02994105964899063,
                    0.048938579857349396,
                    0.9983529448509216
                ]
            ]
        ],
        [
            0.02354705238342285,
            0.01591841506958008,
            0.3255657958984375,
            -0.030889691303983585,
            -0.03961482321770671,
            0.3716222216767918,
            [
                [
                    0.931008517742157,
                    -0.3618144989013672,
                    -0.048098549246788025
                ],
                [
                    0.36284250020980835,
                    0.9317392110824585,
                    0.014401963911950588
                ],
                [
                    0.039604462683200836,
                    -0.030860548838973045,
                    0.9987387657165527
                ]
            ]
        ],
        [
            0.020119573593139647,
            0.01667852592468262,
            0.3464737243652344,
            -0.06431124916385539,
            -0.03075355319156614,
            0.36582449492281394,
            [
                [
                    0.9333875775337219,
                    -0.3551344871520996,
                    -0.05164420232176781
                ],
                [
                    0.3575502038002014,
                    0.9326055645942688,
                    0.04903766140341759
                ],
                [
                    0.030748704448342323,
                    -0.06423653662204742,
                    0.9974608421325684
                ]
            ]
        ],
        [
            0.016537046432495116,
            0.015078349113464356,
            0.3676929626464844,
            0.024806057725960978,
            -0.016839810313513448,
            0.2938093148994225,
            [
                [
                    0.9570119380950928,
                    -0.28991106152534485,
                    -0.008929356932640076
                ],
                [
                    0.28955933451652527,
                    0.9567322134971619,
                    -0.028615709394216537
                ],
                [
                    0.01683901436626911,
                    0.024799996986985207,
                    0.9995505809783936
                ]
            ]
        ],
        [
            0.013042375564575196,
            0.015700946807861327,
            0.38635882568359375,
            0.03160927317687573,
            -0.006728448826817557,
            0.3080093269629896,
            [
                [
                    0.9529173970222473,
                    -0.3032134473323822,
                    0.0031725929584354162
                ],
                [
                    0.30315539240837097,
                    0.9523984789848328,
                    -0.03215546905994415
                ],
                [
                    0.006728398147970438,
                    0.03160329535603523,
                    0.9994778633117676
                ]
            ]
        ],
        [
            0.009403628349304199,
            0.014651005744934081,
            0.39788973999023436,
            0.03409707751312946,
            0.021481321756609217,
            0.2975897024225205,
            [
                [
                    0.9558254480361938,
                    -0.29234620928764343,
                    0.0305195115506649
                ],
                [
                    0.29314905405044556,
                    0.9557049870491028,
                    -0.026297520846128464
                ],
                [
                    -0.021479669958353043,
                    0.03408260643482208,
                    0.9991881847381592
                ]
            ]
        ],
        [
            0.005154398918151856,
            0.011230944633483887,
            0.40871392822265623,
            0.050583704230421286,
            0.0013285730125009998,
            0.2822828007148729,
            [
                [
                    0.9604212045669556,
                    -0.2781280279159546,
                    0.015358381904661655
                ],
                [
                    0.27854856848716736,
                    0.9592123031616211,
                    -0.04819139093160629
                ],
                [
                    -0.0013285723980516195,
                    0.050562091171741486,
                    0.9987200498580933
                ]
            ]
        ],
        [
            0.0025261003971099854,
            0.007550130844116211,
            0.41477972412109376,
            0.07408154002581337,
            0.003469372127708592,
            0.293574794543634,
            [
                [
                    0.9572097659111023,
                    -0.2883364260196686,
                    0.02472963184118271
                ],
                [
                    0.2893741726875305,
                    0.954664409160614,
                    -0.06984595954418182
                ],
                [
                    -0.0034693654160946608,
                    0.074013352394104,
                    0.9972512125968933
                ]
            ]
        ],
        [
            0.0003710616230964661,
            0.004554180145263672,
            0.4173198547363281,
            0.04515078905432869,
            0.007721608710629768,
            0.26915233781436204,
            [
                [
                    0.9639679193496704,
                    -0.2653074264526367,
                    0.019438110291957855
                ],
                [
                    0.2659064531326294,
                    0.9631068706512451,
                    -0.04145924746990204
                ],
                [
                    -0.0077215321362018585,
                    0.045134104788303375,
                    0.9989510774612427
                ]
            ]
        ],
        [
            -0.0017028381824493407,
            0.00033187249302864074,
            0.4196094665527344,
            0.032260263329998484,
            0.005529602906244824,
            0.26616802767157727,
            [
                [
                    0.9647711515426636,
                    -0.26272740960121155,
                    0.0138162299990654
                ],
                [
                    0.26303231716156006,
                    0.9643308520317078,
                    -0.029665127396583557
                ],
                [
                    -0.0055295745842158794,
                    0.0322541743516922,
                    0.9994643926620483
                ]
            ]
        ],
        [
            -0.00311902117729187,
            -0.006582408905029297,
            0.4192520751953125,
            0.01836146131556393,
            -0.0016978249854371352,
            0.2695511285170914,
            [
                [
                    0.9638891220092773,
                    -0.26628395915031433,
                    0.0032531195320189
                ],
                [
                    0.26629841327667236,
                    0.9637197256088257,
                    -0.018149496987462044
                ],
                [
                    0.001697824103757739,
                    0.018360402435064316,
                    0.9998300075531006
                ]
            ]
        ],
        [
            -0.004425338745117188,
            -0.010242850303649902,
            0.41874630737304686,
            0.008989710036154563,
            -0.004064248269896487,
            0.26062034607663953,
            [
                [
                    0.96622234582901,
                    -0.25770488381385803,
                    -0.0016103930538520217
                ],
                [
                    0.2576778829097748,
                    0.9661818742752075,
                    -0.009733243845403194
                ],
                [
                    0.004064237233251333,
                    0.008989514783024788,
                    0.9999513626098633
                ]
            ]
        ],
        [
            -0.006299942016601562,
            -0.013424310684204101,
            0.4198518981933594,
            -0.007681614463661932,
            -0.003986601199796214,
            0.24400357969340375,
            [
                [
                    0.9703708291053772,
                    -0.2415526956319809,
                    -0.005724167451262474
                ],
                [
                    0.24158762395381927,
                    0.9703572988510132,
                    0.006490910425782204
                ],
                [
                    0.003986590541899204,
                    -0.007681477814912796,
                    0.999962568283081
                ]
            ]
        ],
        [
            -0.00703660774230957,
            -0.019982547760009767,
            0.41871978759765627,
            -0.026846847496710582,
            -0.008732189197486973,
            0.2543141698417208,
            [
                [
                    0.967799186706543,
                    -0.25126418471336365,
                    -0.015201538801193237
                ],
                [
                    0.2515721023082733,
                    0.967546284198761,
                    0.02378418669104576
                ],
                [
                    0.008732078596949577,
                    -0.026842599734663963,
                    0.9996015429496765
                ]
            ]
        ],
        [
            -0.008352254867553711,
            -0.022236337661743166,
            0.4179588928222656,
            -0.030847560433368365,
            -0.002954447333390897,
            0.24194765153990092,
            [
                [
                    0.9708689451217651,
                    -0.23939155042171478,
                    -0.010256743058562279
                ],
                [
                    0.23959295451641083,
                    0.9704331159591675,
                    0.029236789792776108
                ],
                [
                    0.0029544432181864977,
                    -0.030842533335089684,
                    0.9995198845863342
                ]
            ]
        ],
        [
            -0.010242477416992187,
            -0.023031427383422853,
            0.41902142333984377,
            -0.03989747427493326,
            -0.0027879415501430582,
            0.23398996429277888,
            [
                [
                    0.9727452397346497,
                    -0.23156790435314178,
                    -0.011958003975450993
                ],
                [
                    0.2318596988916397,
                    0.9720007181167603,
                    0.038154035806655884
                ],
                [
                    0.0027879378758370876,
                    -0.03988673537969589,
                    0.9992003440856934
                ]
            ]
        ],
        [
            -0.010857232093811035,
            -0.02723724937438965,
            0.4175024719238281,
            -0.044861030061423446,
            -0.003401979841890279,
            0.23006369285771694,
            [
                [
                    0.9736462235450745,
                    -0.22766156494617462,
                    -0.013535662554204464
                ],
                [
                    0.2280382215976715,
                    0.9727070927619934,
                    0.042889371514320374
                ],
                [
                    0.003401973517611623,
                    -0.04484572634100914,
                    0.998988151550293
                ]
            ]
        ],
        [
            -0.011291349411010742,
            -0.02671761131286621,
            0.4159884033203125,
            -0.044714489331798904,
            0.00559518297758399,
            0.2296565684909294,
            [
                [
                    0.9737293720245361,
                    -0.22765912115573883,
                    -0.004732748959213495
                ],
                [
                    0.2276395559310913,
                    0.9727144241333008,
                    0.044798411428928375
                ],
                [
                    -0.005595153663307428,
                    -0.044698890298604965,
                    0.9989848136901855
                ]
            ]
        ],
        [
            -0.013011590003967285,
            -0.02402930450439453,
            0.41630792236328124,
            -0.06687520282964864,
            0.005996331393148591,
            0.22432025235455694,
            [
                [
                    0.9749280214309692,
                    -0.22233712673187256,
                    -0.009031888097524643
                ],
                [
                    0.222439706325531,
                    0.9726771116256714,
                    0.06648194789886475
                ],
                [
                    -0.005996295716613531,
                    -0.06682416796684265,
                    0.9977467656135559
                ]
            ]
        ],
        [
            -0.01284339427947998,
            -0.0262845401763916,
            0.41437124633789063,
            -0.05016471498074741,
            -0.0018571156655526888,
            0.22209506307766153,
            [
                [
                    0.9754364490509033,
                    -0.2199057787656784,
                    -0.012854555621743202
                ],
                [
                    0.22027333080768585,
                    0.9742315411567688,
                    0.04850349575281143
                ],
                [
                    0.0018571146065369248,
                    -0.050143592059612274,
                    0.9987403154373169
                ]
            ]
        ],
        [
            -0.012767189979553223,
            -0.02331818389892578,
            0.412775146484375,
            -0.038643839358562554,
            0.0046890600812503624,
            0.21625800191550545,
            [
                [
                    0.9766964912414551,
                    -0.2145930379629135,
                    -0.0037135854363441467
                ],
                [
                    0.214573934674263,
                    0.975939154624939,
                    0.038739729672670364
                ],
                [
                    -0.0046890429221093655,
                    -0.0386337973177433,
                    0.9992424249649048
                ]
            ]
        ],
        [
            -0.013404017448425292,
            -0.01888995361328125,
            0.41369674682617186,
            -0.05202968169201774,
            0.0054284029291997715,
            0.21278389089949692,
            [
                [
                    0.977432370185852,
                    -0.2111719846725464,
                    -0.005683997180312872
                ],
                [
                    0.2111787050962448,
                    0.9760644435882568,
                    0.05197812616825104
                ],
                [
                    -0.005428376141935587,
                    -0.05200544372200966,
                    0.9986320734024048
                ]
            ]
        ],
        [
            -0.012086851119995117,
            -0.01966513442993164,
            0.41277239990234377,
            -0.03411673032525872,
            0.005689811674056244,
            0.21332236167510757,
            [
                [
                    0.9773170948028564,
                    -0.21177460253238678,
                    -0.001663813367486
                ],
                [
                    0.21170468628406525,
                    0.9767231345176697,
                    0.0345408096909523
                ],
                [
                    -0.005689781159162521,
                    -0.034109558910131454,
                    0.9994019269943237
                ]
            ]
        ],
        [
            -0.010143190383911134,
            -0.01583683204650879,
            0.4131401672363281,
            -0.006141727920541809,
            0.019598882119557404,
            0.20975250169914983,
            [
                [
                    0.97789466381073,
                    -0.2083316296339035,
                    0.017888925969600677
                ],
                [
                    0.208177849650383,
                    0.9780389666557312,
                    0.010087577626109123
                ],
                [
                    -0.019597627222537994,
                    -0.006140509620308876,
                    0.9997891187667847
                ]
            ]
        ],
        [
            -0.008989265441894531,
            -0.010795183181762695,
            0.41520932006835937,
            -0.021584035311530192,
            0.025327768001428996,
            0.19565273133594505,
            [
                [
                    0.9806063771247864,
                    -0.19489771127700806,
                    0.020640337839722633
                ],
                [
                    0.19434450566768646,
                    0.9805862307548523,
                    0.026092806831002235
                ],
                [
                    -0.02532505989074707,
                    -0.021575437858700752,
                    0.9994463920593262
                ]
            ]
        ],
        [
            -0.005508152008056641,
            -0.010697259902954101,
            0.4160198364257813,
            -0.013935667347305308,
            0.027412854435779677,
            0.1968595276570731,
            [
                [
                    0.980317234992981,
                    -0.19594606757164001,
                    0.024151820689439774
                ],
                [
                    0.19551700353622437,
                    0.980515718460083,
                    0.01902656815946102
                ],
                [
                    -0.027409421280026436,
                    -0.013929980807006359,
                    0.9995272159576416
                ]
            ]
        ],
        [
            -0.0018590441942214965,
            -0.00715294885635376,
            0.41812130737304687,
            0.010266589180869798,
            0.04630442093871712,
            0.18745282984066897,
            [
                [
                    0.9814290404319763,
                    -0.18588024377822876,
                    0.047387830913066864
                ],
                [
                    0.1861572116613388,
                    0.9825189113616943,
                    -0.0014609501231461763
                ],
                [
                    -0.04628787562251091,
                    0.010255404748022556,
                    0.9988754987716675
                ]
            ]
        ],
        [
            0.0019843440055847166,
            -0.003924860239028931,
            0.4217437744140625,
            0.008253200394654159,
            0.041442283701953464,
            0.18578763945896304,
            [
                [
                    0.9819472432136536,
                    -0.18437834084033966,
                    0.042240582406520844
                ],
                [
                    0.1845620721578598,
                    0.9828207492828369,
                    -0.00045828468864783645
                ],
                [
                    -0.04143042117357254,
                    0.008246020413935184,
                    0.9991073608398438
                ]
            ]
        ],
        [
            0.007333765983581543,
            -0.0025190134048461914,
            0.4248887939453125,
            -0.006256040328286083,
            0.04449048199744188,
            0.20433461054806923,
            [
                [
                    0.9782272577285767,
                    -0.20318414270877838,
                    0.042280249297618866
                ],
                [
                    0.20271486043930054,
                    0.9791206121444702,
                    0.015150511637330055
                ],
                [
                    -0.04447580501437187,
                    -0.006249809172004461,
                    0.9989908933639526
                ]
            ]
        ],
        [
            0.014415861129760742,
            -0.0009491095542907714,
            0.42809774780273435,
            0.009377825882709898,
            0.052365569666195766,
            0.19837951422069627,
            [
                [
                    0.9790433645248413,
                    -0.19659100472927094,
                    0.05316098406910896
                ],
                [
                    0.1968107372522354,
                    0.9804408550262451,
                    0.0011213175021111965
                ],
                [
                    -0.05234163999557495,
                    0.009364834055304527,
                    0.9985853433609009
                ]
            ]
        ],
        [
            0.021003759384155274,
            0.0009498345255851745,
            0.4318345947265625,
            0.026339359232447054,
            0.05730481589315706,
            0.2023221660932819,
            [
                [
                    0.9779946208000183,
                    -0.19939737021923065,
                    0.061377909034490585
                ],
                [
                    0.2006148248910904,
                    0.9795659184455872,
                    -0.014294316992163658
                ],
                [
                    -0.05727345868945122,
                    0.026293084025382996,
                    0.9980122447013855
                ]
            ]
        ],
        [
            0.030997528076171874,
            0.002994279623031616,
            0.4361781005859375,
            0.004794566953785787,
            0.06667917626181064,
            0.20505087681673995,
            [
                [
                    0.9768749475479126,
                    -0.20330186188220978,
                    0.06620942801237106
                ],
                [
                    0.2031644880771637,
                    0.9791043996810913,
                    0.008872691541910172
                ],
                [
                    -0.06662977486848831,
                    0.004783893935382366,
                    0.9977663159370422
                ]
            ]
        ],
        [
            0.040043441772460935,
            0.0007585442066192627,
            0.43801235961914065,
            0.012328071974282193,
            0.0686310526798235,
            0.20548155729013334,
            [
                [
                    0.9766581654548645,
                    -0.2031954824924469,
                    0.0696447566151619
                ],
                [
                    0.20355826616287231,
                    0.97906094789505,
                    0.0019229119643568993
                ],
                [
                    -0.06857718527317047,
                    0.012298737652599812,
                    0.9975699782371521
                ]
            ]
        ],
        [
            0.047482147216796874,
            0.0034794676303863525,
            0.440133544921875,
            0.04007929213696969,
            0.061682569904943696,
            0.1907502555667453,
            [
                [
                    0.9799950122833252,
                    -0.18701817095279694,
                    0.06807360798120499
                ],
                [
                    0.18923503160476685,
                    0.9815420508384705,
                    -0.02766386605799198
                ],
                [
                    -0.061643462628126144,
                    0.03999236226081848,
                    0.9972966909408569
                ]
            ]
        ],
        [
            0.05525605773925781,
            0.005527933120727539,
            0.4417716979980469,
            -0.042415980172875345,
            0.059106736045269725,
            0.21400962613435998,
            [
                [
                    0.9754807353019714,
                    -0.2146364450454712,
                    0.04866720736026764
                ],
                [
                    0.21200887858867645,
                    0.9757763147354126,
                    0.05397040769457817
                ],
                [
                    -0.05907232686877251,
                    -0.04232921451330185,
                    0.9973558783531189
                ]
            ]
        ],
        [
            0.0643338623046875,
            0.006271365642547607,
            0.44237103271484374,
            -0.011410595416752004,
            0.05172193886686727,
            0.19342338827959976,
            [
                [
                    0.9800395965576172,
                    -0.19278594851493835,
                    0.0485382005572319
                ],
                [
                    0.19196251034736633,
                    0.981174647808075,
                    0.021134456619620323
                ],
                [
                    -0.05169888213276863,
                    -0.011395088396966457,
                    0.9985976815223694
                ]
            ]
        ],
        [
            0.07320767211914063,
            0.011966801643371583,
            0.4425295104980469,
            -0.023919675774760132,
            0.05090319172469404,
            0.19946823179944823,
            [
                [
                    0.9789024591445923,
                    -0.19928427040576935,
                    0.04511889070272446
                ],
                [
                    0.1978914737701416,
                    0.9796505570411682,
                    0.03352229669690132
                ],
                [
                    -0.05088121071457863,
                    -0.023886414244771004,
                    0.9984190464019775
                ]
            ]
        ],
        [
            0.08147968292236328,
            0.015032515525817872,
            0.443380126953125,
            -0.07065399355012365,
            0.047310952969319864,
            0.21715083816688913,
            [
                [
                    0.9754225611686707,
                    -0.21817098557949066,
                    0.030857792124152184
                ],
                [
                    0.21520717442035675,
                    0.9733595848083496,
                    0.07910115271806717
                ],
                [
                    -0.04729330539703369,
                    -0.07051622867584229,
                    0.996388852596283
                ]
            ]
        ],
        [
            0.09117794036865234,
            0.020120569229125976,
            0.44293109130859376,
            -0.04701098368853736,
            0.03970002124896155,
            0.19708560060184788,
            [
                [
                    0.9798687100410461,
                    -0.19742490351200104,
                    0.029676325619220734
                ],
                [
                    0.1956578940153122,
                    0.9791927933692932,
                    0.0538470596075058
                ],
                [
                    -0.03968959301710129,
                    -0.04695663973689079,
                    0.9981080889701843
                ]
            ]
        ],
        [
            0.09704947662353515,
            0.026272247314453125,
            0.4424962768554688,
            -0.040031326316396845,
            0.03274738003913358,
            0.19798753331638608,
            [
                [
                    0.9799387454986572,
                    -0.19782373309135437,
                    0.024204261600971222
                ],
                [
                    0.19659112393856049,
                    0.9794211983680725,
                    0.04567379504442215
                ],
                [
                    -0.03274152800440788,
                    -0.03999917954206467,
                    0.9986631274223328
                ]
            ]
        ],
        [
            0.10496856689453125,
            0.030807458877563476,
            0.44255712890625,
            -0.05795515924370413,
            0.024478321999660935,
            0.2042319559541198,
            [
                [
                    0.9789236783981323,
                    -0.20386287569999695,
                    0.012179352343082428
                ],
                [
                    0.20275437831878662,
                    0.9772855043411255,
                    0.06167466193437576
                ],
                [
                    -0.024475878104567528,
                    -0.05790536850690842,
                    0.9980220198631287
                ]
            ]
        ],
        [
            0.11134449768066407,
            0.036700359344482424,
            0.4418262939453125,
            -0.0216149704831618,
            0.015842159532751365,
            0.1807444550334053,
            [
                [
                    0.9835867285728455,
                    -0.18005676567554474,
                    0.01169455423951149
                ],
                [
                    0.17973940074443817,
                    0.9834188222885132,
                    0.024108244106173515
                ],
                [
                    -0.015841497108340263,
                    -0.021610574796795845,
                    0.999640941619873
                ]
            ]
        ],
        [
            0.11639936065673828,
            0.04525572967529297,
            0.44050485229492187,
            -0.039057626332387047,
            0.011133124110143111,
            0.1833335483516632,
            [
                [
                    0.9831804633140564,
                    -0.18259665369987488,
                    0.00381925655528903
                ],
                [
                    0.1822969615459442,
                    0.9824122786521912,
                    0.04042138159275055
                ],
                [
                    -0.011132894083857536,
                    -0.03904527798295021,
                    0.9991754293441772
                ]
            ]
        ],
        [
            0.12355738067626953,
            0.052043174743652346,
            0.44000482177734374,
            -0.04788846561368183,
            0.006025714996098941,
            0.2183060604030384,
            [
                [
                    0.9762479662895203,
                    -0.21660950779914856,
                    -0.00449161883443594
                ],
                [
                    0.21657226979732513,
                    0.9750840067863464,
                    0.04803752154111862
                ],
                [
                    -0.006025678478181362,
                    -0.04786929488182068,
                    0.9988354444503784
                ]
            ]
        ],
        [
            0.12838681030273438,
            0.058791324615478514,
            0.4399342346191406,
            -0.002682466535581643,
            0.004863423839259973,
            0.19026611787111147,
            [
                [
                    0.981942355632782,
                    -0.18913234770298004,
                    0.004268314223736525
                ],
                [
                    0.18911798298358917,
                    0.9819479584693909,
                    0.0035538203082978725
                ],
                [
                    -0.004863404668867588,
                    -0.0026824316009879112,
                    0.9999845623970032
                ]
            ]
        ],
        [
            0.13271839904785157,
            0.06788044738769532,
            0.4392303161621094,
            -0.017705779191504567,
            0.008217652791025598,
            0.18567069567961897,
            [
                [
                    0.9827794432640076,
                    -0.18471980094909668,
                    0.004806638695299625
                ],
                [
                    0.18459950387477875,
                    0.9826317429542542,
                    0.018917325884103775
                ],
                [
                    -0.00821756012737751,
                    -0.017704255878925323,
                    0.9998095035552979
                ]
            ]
        ],
        [
            0.13891128540039063,
            0.07512203216552735,
