{
    "amplitude": 0.09434688186989176,
    "frequency": 0.010520701447533278,
    "seed": 1762036634,
    "time_interval": 0.05,
    "pid_gains": {
        "pid_rate": {
            "roll_kp": "50.0",
            "roll_ki": "0.0",
            "roll_kd": "0.0",
            "pitch_kp": "50.0",
            "pitch_ki": "0.0",
            "pitch_kd": "0.0",
            "yaw_kp": "80.0",
            "yaw_ki": "0.0",
            "yaw_kd": "0.0"
        },
        "pid_attitude": {
            "roll_kp": "6.0",
            "roll_ki": "0.0",
            "roll_kd": "0.20000000298023224",
            "pitch_kp": "6.0",
            "pitch_ki": "0.0",
            "pitch_kd": "1.0",
            "yaw_kp": "10.0",
            "yaw_ki": "0.0",
            "yaw_kd": "0.3499999940395355"
        },
        "velCtlPid": {
            "vxKp": "15.0",
            "vxKi": "1.0",
            "vxKd": "0.0",
            "vyKp": "10.0",
            "vyKi": "1.0",
            "vyKd": "0.0",
            "vzKp": "12.5",
            "vzKi": "0.5",
            "vzKd": "0.0"
        },
        "posCtlPid": {
            "xKp": "1.5",
            "xKi": "0.0",
            "xKd": "0.0",
            "yKp": "1.5",
            "yKi": "0.0",
            "yKd": "0.0",
            "zKp": "5.0",
            "zKi": "0.5",
            "zKd": "0.0"
        }
    },
    "pose": [
        [
            -0.0014782966375350953,
            -0.009314176559448242,
            0.2630889892578125,
            0.017209936269883486,
            0.027683896438142952,
            0.7718537181059122,
            [
                [
                    0.71634441614151,
                    -0.6970201730728149,
                    0.03183606639504433
                ],
                [
                    0.6971976161003113,
                    0.7168450951576233,
                    0.006970860995352268
                ],
                [
                    -0.02768036164343357,
                    0.01720249280333519,
                    0.9994688034057617
                ]
            ]
        ],
        [
            -0.0014658420085906982,
            -0.009302196502685546,
            0.2631015625,
            0.015613507100662394,
            0.028030435280870902,
            0.7714343062387452,
            [
                [
                    0.7166298627853394,
                    -0.6967655420303345,
                    0.030974995344877243
                ],
                [
                    0.6968903541564941,
                    0.717129111289978,
                    0.008343828842043877
                ],
                [
                    -0.02802676521241665,
                    0.015606739558279514,
                    0.9994853138923645
                ]
            ]
        ],
        [
            -0.0017490153312683106,
            -0.009551988601684571,
            0.2630175170898438,
            0.016195627674938984,
            0.02757102811812273,
            0.7772167420951029,
            [
                [
                    0.7125972509384155,
                    -0.7008877992630005,
                    0.031006906181573868
                ],
                [
                    0.701031506061554,
                    0.713087797164917,
                    0.007785680238157511
                ],
                [
                    -0.027567535638809204,
                    0.016188764944672585,
                    0.9994888305664062
                ]
            ]
        ],
        [
            -0.0006582478880882263,
            -0.010232447624206543,
            0.26312741088867186,
            0.021493494427436588,
            0.03275016111285689,
            0.9319477217995789,
            [
                [
                    0.5959517955780029,
                    -0.8021777868270874,
                    0.03677326813340187
                ],
                [
                    0.8023523688316345,
                    0.5966987609863281,
                    0.013465523719787598
                ],
                [
                    -0.032744307070970535,
                    0.021480314433574677,
                    0.9992328882217407
                ]
            ]
        ],
        [
            -0.0021900126934051513,
            -0.008117582321166992,
            0.2630960998535156,
            0.015577131700802493,
            0.03251886121506864,
            0.9790141221335424,
            [
                [
                    0.5575461387634277,
                    -0.82956463098526,
                    0.031062642112374306
                ],
                [
                    0.8295090198516846,
                    0.5581936836242676,
                    0.018291715532541275
                ],
                [
                    -0.03251313045620918,
                    0.015568266622722149,
                    0.9993500709533691
                ]
            ]
        ],
        [
            -0.003733415126800537,
            -0.007190171241760254,
            0.26614956665039063,
            0.009458824792040688,
            0.03271478362133373,
            0.9672765434631851,
            [
                [
                    0.567240297794342,
                    -0.8231306672096252,
                    0.026350677013397217
                ],
                [
                    0.8229025602340698,
                    0.5677733421325684,
                    0.021561263129115105
                ],
                [
                    -0.03270895034074783,
                    0.009453622624278069,
                    0.9994202256202698
                ]
            ]
        ],
        [
            -0.004639386653900146,
            -0.0067444581985473635,
            0.2768090209960937,
            0.01633658245618763,
            0.021306893649266634,
            0.772997189017901,
            [
                [
                    0.7156585454940796,
                    -0.6979415416717529,
                    0.02665579691529274
                ],
                [
                    0.6981253027915955,
                    0.7159684896469116,
                    0.003181599313393235
                ],
                [
                    -0.021305281668901443,
                    0.016332147642970085,
                    0.999639630317688
                ]
            ]
        ],
        [
            -0.007739492893218994,
            -0.007412001132965088,
            0.30033120727539064,
            0.034482297744766965,
            -0.01152751974694688,
            0.47765070031237333,
            [
                [
                    0.8880183100700378,
                    -0.4597737491130829,
                    0.005617150571197271
                ],
                [
                    0.4596635401248932,
                    0.8873667120933533,
                    -0.03591274470090866
                ],
                [
                    0.01152726449072361,
                    0.034473173320293427,
                    0.9993391633033752
                ]
            ]
        ],
        [
            -0.01079914093017578,
            -0.006946887493133545,
            0.3199728393554688,
            0.0184831422807174,
            -0.02070427393225449,
            0.45167764702652613,
            [
                [
                    0.8995232582092285,
                    -0.4367452561855316,
                    -0.010556476190686226
                ],
                [
                    0.436381995677948,
                    0.8993954062461853,
                    -0.025663353502750397
                ],
                [
                    0.020702794194221497,
                    0.01847812905907631,
                    0.9996148943901062
                ]
            ]
        ],
        [
            -0.014014098167419433,
            -0.01396440315246582,
            0.33913412475585936,
            0.030607548546156244,
            -0.05672144895685416,
            0.4159120174521418,
            [
                [
                    0.9132770895957947,
                    -0.4054221212863922,
                    -0.03946947306394577
                ],
                [
                    0.4033746123313904,
                    0.9136188626289368,
                    -0.050887662917375565
                ],
                [
                    0.056691039353609085,
                    0.030553553253412247,
                    0.9979241490364075
                ]
            ]
        ],
        [
            -0.019230289459228514,
            -0.01918166732788086,
            0.35632632446289064,
            0.1064943671358825,
            -0.043490395110541424,
            0.37566771884476885,
            [
                [
                    0.9293832182884216,
                    -0.3691142499446869,
                    -0.0012173124123364687
                ],
                [
                    0.3665468394756317,
                    0.9232972264289856,
                    -0.11474156379699707
                ],
                [
                    0.043476685881614685,
                    0.1061926782131195,
                    0.9933946132659912
                ]
            ]
        ],
        [
            -0.028008993148803712,
            -0.02755355453491211,
            0.37381161499023435,
            0.052607457292199206,
            -0.08977726718203183,
            0.31828631782960093,
            [
                [
                    0.94594806432724,
                    -0.3169841170310974,
                    -0.06858037412166595
                ],
                [
                    0.3116791248321533,
                    0.946983814239502,
                    -0.07796040922403336
                ],
                [
                    0.08965671807527542,
                    0.05237142741680145,
                    0.9945948719978333
                ]
            ]
        ],
        [
            -0.035905059814453126,
            -0.038883842468261716,
            0.3851202392578125,
            0.07481466381021426,
            -0.14449600541709406,
            0.334043983782526,
            [
                [
                    0.9348788261413574,
                    -0.33711686730384827,
                    -0.11114748567342758
                ],
                [
                    0.3244493305683136,
                    0.938552737236023,
                    -0.11769190430641174
                ],
                [
                    0.14399370551109314,
                    0.07396594434976578,
                    0.9868104457855225
                ]
            ]
        ],
        [
            -0.045459606170654296,
            -0.04923546981811523,
            0.39474221801757814,
            0.07630081962949242,
            -0.11067611319031667,
            0.31227450708920507,
            [
                [
                    0.9458147883415222,
                    -0.3143421709537506,
                    -0.08138410747051239
                ],
                [
                    0.30534422397613525,
                    0.9462818503379822,
                    -0.10637451708316803
                ],
                [
                    0.11045030504465103,
                    0.07576042413711548,
                    0.9909899830818176
                ]
            ]
        ],
        [
            -0.056187366485595705,
            -0.059008056640625,
            0.4004871826171875,
            0.005267491562609805,
            -0.11159114006823123,
            0.30395527517484267,
            [
                [
                    0.9482254385948181,
                    -0.29985204339027405,
                    -0.10467696189880371
                ],
                [
                    0.29743492603302,
                    0.9539713263511658,
                    -0.038355108350515366
                ],
                [
                    0.11135968565940857,
                    0.005234704818576574,
                    0.9937663674354553
                ]
            ]
        ],
        [
            -0.0639418601989746,
            -0.06913990020751953,
            0.4035906066894531,
            0.038552402330657515,
            -0.1030538611335492,
            0.3179366414439657,
            [
                [
                    0.9448429942131042,
                    -0.3161412477493286,
                    -0.08559449762105942
                ],
                [
                    0.31094878911972046,
                    0.9479371905326843,
                    -0.0687456801533699
                ],
                [
                    0.10287155210971832,
                    0.038338370621204376,
                    0.9939555525779724
                ]
            ]
        ],
        [
            -0.07448629760742187,
            -0.07724180603027343,
            0.4057242736816406,
            -0.006635399019222971,
            -0.0861635764843931,
            0.31184406307649004,
            [
                [
                    0.9482385516166687,
                    -0.3062640428543091,
                    -0.08394043892621994
                ],
                [
                    0.30567607283592224,
                    0.951923668384552,
                    -0.02008761279284954
                ],
                [
                    0.08605699986219406,
                    -0.006610735319554806,
                    0.9962682723999023
                ]
            ]
        ],
        [
            -0.08435355377197265,
            -0.08932379913330078,
            0.40609576416015625,
            -0.02150870645656147,
            -0.06946524477576288,
            0.3118643818332717,
            [
                [
                    0.9494677782058716,
                    -0.3053418695926666,
                    -0.07264510542154312
                ],
                [
                    0.30609360337257385,
                    0.9520010352134705,
                    -0.0008225920610129833
                ],
                [
                    0.06940939277410507,
                    -0.021455178037285805,
                    0.9973574876785278
                ]
            ]
        ],
        [
            -0.09593903350830078,
            -0.0979677276611328,
            0.4064149169921875,
            -0.012838109217188753,
            -0.044818277363340986,
            0.29905525780693837,
            [
                [
                    0.954655647277832,
                    -0.2940436005592346,
                    -0.04659339413046837
                ],
                [
                    0.2943216860294342,
                    0.9557059407234192,
                    -0.0009307860746048391
                ],
                [
                    0.04480327293276787,
                    -0.01282486505806446,
                    0.9989135265350342
                ]
            ]
        ],
        [
            -0.10504640197753906,
            -0.10036094665527344,
            0.4058133239746094,
            -0.07577516815401159,
            -0.021733811962574068,
            0.30693950338590825,
            [
                [
                    0.9530376195907593,
                    -0.299707293510437,
                    -0.04352995753288269
                ],
                [
                    0.3020712435245514,
                    0.9510243535041809,
                    0.06561718881130219
                ],
                [
                    0.02173210121691227,
                    -0.0756847932934761,
                    0.9968949556350708
                ]
            ]
        ],
        [
            -0.11554920959472656,
            -0.10697338104248047,
            0.40423944091796876,
            -0.08715522020019238,
            -0.0018707337160090987,
            0.27662056077574687,
            [
                [
                    0.9619821906089783,
                    -0.27191299200057983,
                    -0.025565296411514282
                ],
                [
                    0.27310577034950256,
                    0.9583770036697388,
                    0.08322684466838837
                ],
                [
                    0.0018707324052229524,
                    -0.08704476803541183,
                    0.9962026476860046
                ]
            ]
        ],
        [
            -0.12057564544677735,
            -0.10565322875976563,
            0.4028978576660156,
            -0.07597630007277642,
            0.02489012034426752,
            0.2502039659047768,
            [
                [
                    0.9685618281364441,
                    -0.2487175166606903,
                    0.005249280948191881
                ],
                [
                    0.24752488732337952,
                    0.9655992388725281,
                    0.07968416810035706
                ],
                [
                    -0.024887550622224808,
                    -0.07587971538305283,
                    0.9968063235282898
                ]
            ]
        ],
        [
            -0.12910543823242188,
            -0.10523831939697266,
            0.4003836975097656,
            -0.09883606671227649,
            0.054450058920343825,
            0.2544704257473359,
            [
                [
                    0.9663624167442322,
                    -0.2557016611099243,
                    0.02757370099425316
                ],
                [
                    0.25135985016822815,
                    0.9617217183113098,
                    0.10913080722093582
                ],
                [
                    -0.05442315712571144,
                    -0.09852898865938187,
                    0.9936448931694031
                ]
            ]
        ],
        [
            -0.13183259582519533,
            -0.1067438507080078,
            0.3980673828125,
            -0.07773054369605624,
            0.07090288696661196,
            0.2686034950952928,
            [
                [
                    0.9617199897766113,
                    -0.2698878347873688,
                    0.04748920351266861
                ],
                [
                    0.2647184729576111,
                    0.9597712755203247,
                    0.09361191838979721
                ],
                [
                    -0.07084349542856216,
                    -0.07745718955993652,
                    0.9944755434989929
                ]
            ]
        ],
        [
            -0.13424693298339843,
            -0.10161796569824219,
            0.3963700561523438,
            -0.04392949742665336,
            0.09797994856886638,
            0.24841185871787652,
            [
                [
                    0.9646551609039307,
                    -0.24979175627231598,
                    0.08393175899982452
                ],
                [
                    0.24468566477298737,
                    0.967312753200531,
                    0.06659545004367828
                ],
                [
                    -0.09782325476408005,
                    -0.043704740703105927,
                    0.9942436814308167
                ]
            ]
        ],
        [
            -0.13419622802734374,
            -0.09688230133056641,
            0.3949801635742187,
            -0.0837933765980432,
            0.1040113121471502,
            0.26455350648885856,
            [
                [
                    0.9599930644035339,
                    -0.26894816756248474,
                    0.07797564566135406
                ],
                [
                    0.2600652277469635,
                    0.959550678730011,
                    0.10783597826957703
                ],
                [
                    -0.10382387787103653,
                    -0.08324304223060608,
                    0.9911060333251953
                ]
            ]
        ],
        [
            -0.13125502014160156,
            -0.09330870056152343,
            0.39347860717773436,
            -0.042973073020796976,
            0.12247573668938472,
            0.24928282829879536,
            [
                [
                    0.9618303775787354,
                    -0.25156742334365845,
                    0.10768557339906693
                ],
                [
                    0.24486097693443298,
                    0.966900110244751,
                    0.07174450159072876
                ],
                [
                    -0.12216977030038834,
                    -0.04263804480433464,
                    0.9915929436683655
                ]
            ]
        ],
        [
            -0.12466242218017579,
            -0.08505815887451172,
            0.3938635559082031,
            0.0014080825091307425,
            0.13768018828469275,
            0.24878103877236227,
            [
                [
                    0.9600416421890259,
                    -0.2460351586341858,
                    0.13336685299873352
                ],
                [
                    0.24389271438121796,
                    0.9692599177360535,
                    0.03242822363972664
                ],
                [
                    -0.13724562525749207,
                    0.0013947566039860249,
                    0.9905360341072083
                ]
            ]
        ],
        [
            -0.11903439331054687,
            -0.07885066986083984,
            0.3940398559570312,
            -0.05425798847072687,
            0.14515406172957634,
            0.27249933707885277,
            [
                [
                    0.9529728889465332,
                    -0.2762981653213501,
                    0.12450685352087021
                ],
                [
                    0.2663090229034424,
                    0.9595727324485779,
                    0.09110264480113983
                ],
                [
                    -0.1446448713541031,
                    -0.053661052137613297,
                    0.9880275130271912
                ]
            ]
        ],
        [
            -0.1079572982788086,
            -0.0702031021118164,
            0.3952414245605469,
            -0.040758549396527066,
            0.14494253625093356,
            0.2562210771634502,
            [
                [
                    0.9572110772132874,
                    -0.25890955328941345,
                    0.12927791476249695
                ],
                [
                    0.2507694363594055,
                    0.9650596380233765,
                    0.07599049806594849
                ],
                [
                    -0.1444355696439743,
                    -0.04031999781727791,
                    0.9886924028396606
                ]
            ]
        ],
        [
            -0.09930438232421875,
            -0.060329212188720706,
            0.3960788879394531,
            -0.024170976590611376,
            0.14736072939952538,
            0.2376925519207335,
            [
                [
                    0.9613506197929382,
                    -0.2388407588005066,
                    0.13696730136871338
                ],
                [
                    0.23290877044200897,
                    0.9707643985748291,
                    0.0580512136220932
                ],
                [
                    -0.14682798087596893,
                    -0.023906683549284935,
                    0.9888731241226196
                ]
            ]
        ],
        [
            -0.08705957794189453,
            -0.05247224807739258,
            0.3981437072753906,
            -0.055213308318578486,
            0.15531991292794722,
            0.2480567659430616,
            [
                [
                    0.9577218890190125,
                    -0.25342217087745667,
                    0.1361834853887558
                ],
                [
                    0.2425651103258133,
                    0.9658181071281433,
                    0.09141933917999268
                ],
                [
                    -0.15469616651535034,
                    -0.054520945996046066,
                    0.986456573009491
                ]
            ]
        ],
        [
            -0.0724251708984375,
            -0.04206071472167969,
            0.4007494201660156,
            -0.052999100273743896,
            0.13201440868557968,
            0.24248605349055669,
            [
                [
                    0.9622973203659058,
                    -0.2465486079454422,
                    0.11488085985183716
                ],
                [
                    0.23802736401557922,
                    0.9677066206932068,
                    0.08298696577548981
                ],
                [
                    -0.1316312849521637,
                    -0.052513349801301956,
                    0.9899068474769592
                ]
            ]
        ],
        [
            -0.05915816116333008,
            -0.03099843406677246,
            0.40311306762695315,
            -0.02433907368963352,
            0.1088953979424192,
            0.23126417899146007,
            [
                [
                    0.9676118493080139,
                    -0.23171484470367432,
                    0.10017745941877365
                ],
                [
                    0.22785057127475739,
                    0.9724828600883484,
                    0.04859180748462677
                ],
                [
                    -0.10868030786514282,
                    -0.02419251948595047,
                    0.9937823414802551
                ]
            ]
        ],
        [
            -0.046677745819091794,
            -0.021695812225341796,
            0.40572677612304686,
            -0.062986822033648,
            0.11592893097857582,
            0.2491655895001101,
            [
                [
                    0.962613582611084,
                    -0.2531623840332031,
                    0.09635310620069504
                ],
                [
                    0.24494020640850067,
                    0.9654013514518738,
                    0.0894683301448822
                ],
                [
                    -0.11566943675279617,
                    -0.06252267956733704,
                    0.9913180470466614
                ]
            ]
        ],
        [
            -0.034099533081054685,
            -0.014529474258422851,
            0.40963833618164064,
            -0.0367624479317048,
            0.09862085794317688,
            0.25289575836191974,
            [
                [
                    0.9634873867034912,
                    -0.25354334712028503,
                    0.08606859296560287
                ],
                [
                    0.24899286031723022,
                    0.9666323065757751,
                    0.06020425632596016
                ],
                [
                    -0.09846106916666031,
                    -0.036575574427843094,
                    0.9944685101509094
                ]
            ]
        ],
        [
            -0.02141931343078613,
            -0.0012412616014480591,
            0.4142287292480469,
            -0.01906321768393618,
            0.0773462760414163,
            0.22932264131144614,
            [
                [
                    0.9709091186523438,
                    -0.22871099412441254,
                    0.07089949399232864
                ],
                [
                    0.2266383320093155,
                    0.9733088612556458,
                    0.03612450882792473
                ],
                [
                    -0.07726918160915375,
                    -0.019005073234438896,
                    0.996829092502594
                ]
            ]
        ],
        [
            -0.008806216239929198,
            0.008156284332275391,
            0.4191229553222656,
            -0.04856572690863753,
            0.06101616511462504,
            0.23322021179510155,
            [
                [
                    0.9711166620254517,
                    -0.23371939361095428,
                    0.0480378083884716
                ],
                [
                    0.2306816726922989,
                    0.9710959196090698,
                    0.06130853295326233
                ],
                [
                    -0.06097831204533577,
                    -0.04845629632472992,
                    0.9969621896743774
                ]
            ]
        ],
        [
            0.0032193493843078614,
            0.01710140037536621,
            0.424541259765625,
            -0.016163783688836836,
            0.04561561631466704,
            0.22478948863535772,
            [
                [
                    0.9738270044326782,
                    -0.22359052300453186,
                    0.04084397852420807
                ],
                [
                    0.22266928851604462,
                    0.974549412727356,
                    0.02591935358941555
                ],
                [
                    -0.0455997996032238,
                    -0.01614626683294773,
                    0.9988293051719666
                ]
            ]
        ],
        [
            0.012083975791931153,
            0.027562463760375976,
            0.42857415771484375,
            -0.009898421847147676,
            0.04057011445293934,
            0.21856296488785876,
            [
                [
                    0.9754067659378052,
                    -0.21720829606056213,
                    0.03744594007730484
                ],
                [
                    0.21664857864379883,
                    0.9760751724243164,
                    0.018456634134054184
                ],
                [
                    -0.040558986365795135,
                    -0.009890114888548851,
                    0.9991282224655151
                ]
            ]
        ],
        [
            0.0219315128326416,
            0.03550012588500977,
            0.4322935791015625,
            -0.030680225564789096,
            0.034718535164842246,
            0.2219929666603278,
            [
                [
                    0.9748727679252625,
                    -0.22110916674137115,
                    0.027089891955256462
                ],
                [
                    0.2200414389371872,
                    0.9747670888900757,
                    0.03756164759397507
                ],
                [
                    -0.0347115620970726,
                    -0.030656926333904266,
                    0.9989270567893982
                ]
            ]
        ],
        [
            0.031007574081420897,
            0.042656620025634764,
            0.4351909484863281,
            -0.009145565689227045,
            0.024428195315449264,
            0.22333138218391896,
            [
                [
                    0.9748740792274475,
                    -0.22168806195259094,
                    0.02179262973368168
                ],
                [
                    0.22141341865062714,
                    0.9750747680664062,
                    0.014327891170978546
                ],
                [
                    -0.024425765499472618,
                    -0.009142709895968437,
                    0.9996598362922668
                ]
            ]
        ],
        [
            0.03800824737548828,
            0.05330494689941406,
            0.43657366943359377,
            -0.02070311786465112,
            0.026972030986455398,
            0.20797660671532023,
            [
                [
                    0.9780948162078857,
                    -0.2069825530052185,
                    0.02210746333003044
                ],
                [
                    0.2064054310321808,
                    0.9781257510185242,
                    0.025822864845395088
                ],
                [
                    -0.026968760415911674,
                    -0.020694108679890633,
                    0.9994220733642578
                ]
            ]
        ],
        [
            0.048086284637451175,
            0.06319443130493164,
            0.43815557861328125,
            -0.0329121297884411,
            0.02842666147525086,
            0.21994678957049285,
            [
                [
                    0.9755147695541382,
                    -0.21897229552268982,
                    0.02054368332028389
                ],
                [
                    0.21808955073356628,
                    0.9751765131950378,
                    0.038311317563056946
                ],
                [
                    -0.028422832489013672,
                    -0.03289289399981499,
                    0.9990546703338623
                ]
            ]
        ],
        [
            0.055040061950683596,
            0.06922035217285157,
            0.43844140625,
            -0.01400825661904151,
            0.03246418918926186,
            0.20950097287775912,
            [
                [
                    0.9776194095611572,
                    -0.20839613676071167,
                    0.028832433745265007
                ],
                [
                    0.2078622281551361,
                    0.9779443144798279,
                    0.02045130357146263
                ],
                [
                    -0.03245848789811134,
                    -0.014000417664647102,
                    0.99937504529953
                ]
            ]
        ],
        [
            0.05978794479370117,
            0.07739850616455078,
            0.43756387329101565,
            -0.001488401736376349,
            0.035896407525607854,
            0.1897564559283129,
            [
                [
                    0.9814175367355347,
                    -0.18867197632789612,
                    0.03496372327208519
                ],
                [
                    0.18849821388721466,
                    0.9820390343666077,
                    0.008230993524193764
                ],
                [
                    -0.03588869795203209,
                    -0.0014874425251036882,
                    0.9993546605110168
                ]
            ]
        ],
        [
            0.06832067108154297,
            0.08578035736083985,
            0.43749337768554686,
            -0.040256384094436506,
            0.03901835811369603,
            0.23643061121840503,
            [
                [
                    0.971440315246582,
                    -0.2355705052614212,
                    0.02846566028892994
                ],
                [
                    0.234055757522583,
                    0.9710248708724976,
                    0.048255596309900284
                ],
                [
                    -0.03900845721364021,
                    -0.04021488130092621,
                    0.9984292984008789
                ]
            ]
        ],
        [
            0.07607759857177734,
            0.09219793701171874,
            0.4369296875,
            0.003292564605521159,
            0.05779576265333852,
            0.18960041392360957,
            [
                [
                    0.9804398417472839,
                    -0.1882786750793457,
                    0.05734867602586746
                ],
                [
                    0.18815180659294128,
                    0.9821101427078247,
                    0.0076528871431946754
                ],
                [
                    -0.05776359140872955,
                    0.00328706088475883,
                    0.9983248710632324
                ]
            ]
        ],
        [
            0.08264588928222656,
            0.10198537445068359,
            0.4357369079589844,
            -0.011835228050720015,
            0.05942021213578719,
            0.17834583347661054,
            [
                [
                    0.9824016094207764,
                    -0.17808113992214203,
                    0.056339677423238754
                ],
                [
                    0.17708879709243774,
                    0.9839448928833008,
                    0.022181550040841103
                ],
                [
                    -0.05938525125384331,
                    -0.011814064346253872,
                    0.9981652498245239
                ]
            ]
        ],
        [
            0.09353964233398437,
            0.11164066314697266,
            0.4358511047363281,
            -0.04377416337694433,
            0.0714607469161157,
            0.22936345672026498,
            [
                [
                    0.9713259339332581,
                    -0.23018255829811096,
                    0.05951425060629845
                ],
                [
                    0.22677741944789886,
                    0.9721680879592896,
                    0.05883193761110306
                ],
                [
                    -0.07139994204044342,
                    -0.04364849999547005,
                    0.9964922666549683
                ]
            ]
        ],
        [
            0.1008630142211914,
            0.11628321838378906,
            0.43555340576171875,
            -0.003663175729870294,
            0.07406421642096417,
            0.1998026608820156,
            [
                [
                    0.9774187803268433,
                    -0.19874025881290436,
                    0.07179687917232513
                ],
                [
                    0.19793179631233215,
                    0.9800453782081604,
                    0.018276721239089966
                ],
                [
                    -0.07399652153253555,
                    -0.003653124440461397,
                    0.9972518086433411
                ]
            ]
        ],
        [
            0.11093345642089844,
            0.12779875946044922,
            0.43509246826171877,
            -0.006879392123248951,
            0.08196043688836618,
            0.17397895734616428,
            [
                [
                    0.9815976023674011,
                    -0.17365320026874542,
                    0.07944005727767944
                ],
                [
                    0.17252151668071747,
                    0.9847829937934875,
                    0.020946836099028587
                ],
                [
                    -0.08186870813369751,
                    -0.0068562449887394905,
                    0.9966195225715637
                ]
            ]
        ],
        [
            0.12119183349609375,
            0.13451205444335937,
            0.4355044860839844,
            -0.020758494498449742,
            0.07625834955986499,
            0.21290550930391472,
            [
                [
                    0.9745804667472839,
                    -0.21280083060264587,
                    0.07006228715181351
                ],
                [
                    0.210686594247818,
                    0.9768763780593872,
                    0.03638269379734993
                ],
                [
                    -0.0761844590306282,
                    -0.02069667913019657,
                    0.9968789219856262
                ]
            ]
        ],
        [
            0.13041853332519532,
            0.14039665222167969,
            0.4355285949707031,
            0.005045629865975787,
            0.08534101779433034,
            0.19473915850205925,
            [
