{
    "amplitude": 0.05514111889227524,
    "frequency": 0.025875905556885598,
    "seed": 1762039142,
    "time_interval": 0.05,
    "pid_gains": {
        "pid_rate": {
            "roll_kp": "50.0",
            "roll_ki": "0.0",
            "roll_kd": "0.0",
            "pitch_kp": "50.0",
            "pitch_ki": "0.0",
            "pitch_kd": "0.0",
            "yaw_kp": "80.0",
            "yaw_ki": "0.0",
            "yaw_kd": "0.0"
        },
        "pid_attitude": {
            "roll_kp": "8.0",
            "roll_ki": "0.0",
            "roll_kd": "0.20000000298023224",
            "pitch_kp": "8.0",
            "pitch_ki": "0.0",
            "pitch_kd": "1.0",
            "yaw_kp": "10.0",
            "yaw_ki": "0.0",
            "yaw_kd": "0.3499999940395355"
        },
        "velCtlPid": {
            "vxKp": "15.0",
            "vxKi": "1.0",
            "vxKd": "0.0",
            "vyKp": "10.0",
            "vyKi": "1.0",
            "vyKd": "0.0",
            "vzKp": "12.5",
            "vzKi": "0.5",
            "vzKd": "0.0"
        },
        "posCtlPid": {
            "xKp": "1.5",
            "xKi": "0.0",
            "xKd": "0.0",
            "yKp": "1.5",
            "yKi": "0.0",
            "yKd": "0.0",
            "zKp": "5.0",
            "zKi": "0.5",
            "zKd": "0.0"
        }
    },
    "pose": [
        [
            -0.03283984375,
            0.0190707950592041,
            0.26203829956054686,
            -0.006684462860175211,
            0.0185617376225784,
            0.8636379917869008,
            [
                [
                    0.6495642066001892,
                    -0.7602747082710266,
                    0.006976590491831303
                ],
                [
                    0.7600801587104797,
                    0.6495673060417175,
                    0.018452417105436325
                ],
                [
                    -0.01856067217886448,
                    -0.006683261599391699,
                    0.9998053908348083
                ]
            ]
        ],
        [
            -0.03284252548217773,
            0.019089540481567382,
            0.26201510620117185,
            -0.0068685450537172565,
            0.018131992843311684,
            0.8639829167272702,
            [
                [
                    0.649307131767273,
                    -0.7604981064796448,
                    0.006551202852278948
                ],
                [
                    0.7603101134300232,
                    0.6493038535118103,
                    0.018247617408633232
                ],
                [
                    -0.01813099905848503,
                    -0.006867361720651388,
                    0.9998120069503784
                ]
            ]
        ],
        [
            -0.033461074829101566,
            0.01870844268798828,
            0.262000732421875,
            -0.008542690725482416,
            0.013247491867236505,
            0.8473820497951147,
            [
                [
                    0.6618896126747131,
                    -0.7495976090431213,
                    0.002365474123507738
                ],
                [
                    0.7494842410087585,
                    0.661838710308075,
                    0.015583750791847706
                ],
                [
                    -0.013247104361653328,
                    -0.008541837334632874,
                    0.9998757839202881
                ]
            ]
        ],
        [
            -0.032513343811035156,
            0.018685407638549804,
            0.26200509643554687,
            -0.00309755190985167,
            0.013314944225461645,
            0.9777068750348792,
            [
                [
                    0.5588759779930115,
                    -0.8292369246482849,
                    0.004873265046626329
                ],
                [
                    0.8291443586349487,
                    0.5588886141777039,
                    0.012771908193826675
                ],
                [
                    -0.013314550742506981,
                    -0.003097272478044033,
                    0.9999065399169922
                ]
            ]
        ],
        [
            -0.03266501617431641,
            0.019808238983154296,
            0.26200955200195314,
            -0.006145554568855571,
            0.021223185848005643,
            1.029849943362637,
            [
                [
                    0.5148314833641052,
                    -0.8572726845741272,
                    0.005659728776663542
                ],
                [
                    0.8570286631584167,
                    0.5148259401321411,
                    0.0213558841496706
                ],
                [
                    -0.021221593022346497,
                    -0.006144131999462843,
                    0.9997559189796448
                ]
            ]
        ],
        [
            -0.03511396408081055,
            0.02087429428100586,
            0.26574685668945314,
            -0.011727275604568765,
            0.008783828976808739,
            1.0398173965600268,
            [
                [
                    0.5063582062721252,
                    -0.8623046278953552,
                    -0.005664763506501913
                ],
                [
                    0.8622785210609436,
                    0.5062540769577026,
                    0.013512075878679752
                ],
                [
                    -0.008783715777099133,
                    -0.011726554483175278,
                    0.9998926520347595
                ]
            ]
        ],
        [
            -0.037410514831542965,
            0.01958888626098633,
            0.27609921264648435,
            0.00044925573070048186,
            -0.020228482463674036,
            0.8577342211649603,
            [
                [
                    0.6540190577507019,
                    -0.7563682198524475,
                    -0.012891816906630993
                ],
                [
                    0.7562075853347778,
                    0.6541459560394287,
                    -0.015592899173498154
                ],
                [
                    0.02022710256278515,
                    0.00044916392653249204,
                    0.9997953176498413
                ]
            ]
        ],
        [
            -0.041808971405029295,
            0.01747258377075195,
            0.29817111206054686,
            0.008455527237412552,
            -0.05791362979594972,
            0.596635577618281,
            [
                [
                    0.8258437514305115,
                    -0.5622472763061523,
                    -0.04312865436077118
                ],
                [
                    0.5609205365180969,
                    0.8269261121749878,
                    -0.03951473534107208
                ],
                [
                    0.05788126215338707,
                    0.008441251702606678,
                    0.9982877969741821
                ]
            ]
        ],
        [
            -0.04903470230102539,
            0.016830493927001953,
            0.32349749755859375,
            0.06587619296356098,
            -0.07915324527514112,
            0.4877822070698854,
            [
                [
                    0.8806086182594299,
                    -0.4722493886947632,
                    -0.0388457253575325
                ],
                [
                    0.46720051765441895,
                    0.8790189027786255,
                    -0.09512874484062195
                ],
                [
                    0.07907062023878098,
                    0.06562244892120361,
                    0.9947067499160767
                ]
            ]
        ],
        [
            -0.05960598373413086,
            0.01188510513305664,
            0.352207275390625,
            -0.02422236670067049,
            -0.11628215526678853,
            0.44770976905623827,
            [
                [
                    0.8953533172607422,
                    -0.430242121219635,
                    -0.1150396391749382
                ],
                [
                    0.42997869849205017,
                    0.9023929238319397,
                    -0.028377799317240715
                ],
                [
                    0.11602027714252472,
                    -0.024056436493992805,
                    0.9929555058479309
                ]
            ]
        ],
        [
            -0.06541930389404296,
            0.007813491344451905,
            0.36929141235351565,
            -0.034547683283266656,
            -0.1582758519312386,
            0.4141205614866561,
            [
                [
                    0.9040276408195496,
                    -0.3971608877182007,
                    -0.15810526907444
                ],
                [
                    0.3973553776741028,
                    0.9171149134635925,
                    -0.03176330775022507
                ],
                [
                    0.15761584043502808,
                    -0.03410906717181206,
                    0.9869112372398376
                ]
            ]
        ],
        [
            -0.08215107727050781,
            0.002112313985824585,
            0.3916753234863281,
            -0.03186715410979324,
            -0.12650031289208763,
            0.3850824361942047,
            [
                [
                    0.9193621277809143,
                    -0.3717194199562073,
                    -0.12883299589157104
                ],
                [
                    0.37263402342796326,
                    0.9278069138526917,
                    -0.01783887669444084
                ],
                [
                    0.12616319954395294,
                    -0.03160716965794563,
                    0.9915058612823486
                ]
            ]
        ],
        [
            -0.09246573638916016,
            -0.003501075267791748,
            0.4013480529785156,
            -0.046788279327643845,
            -0.1533941506025409,
            0.4092103344647468,
            [
                [
                    0.9066629409790039,
                    -0.39089325070381165,
                    -0.15863412618637085
                ],
                [
                    0.39321309328079224,
                    0.9192746877670288,
                    -0.017818070948123932
                ],
                [
                    0.1527933031320572,
                    -0.046222031116485596,
                    0.9871766567230225
                ]
            ]
        ],
        [
            -0.10590213775634766,
            -0.01029836654663086,
            0.4120699157714844,
            -0.03476189829626347,
            -0.14337160788411385,
            0.40239196401313804,
            [
                [
                    0.9106862545013428,
                    -0.38681459426879883,
                    -0.1449998915195465
                ],
                [
                    0.387602299451828,
                    0.921515703201294,
                    -0.023942362517118454
                ],
                [
                    0.14288093149662018,
                    -0.03439830616116524,
                    0.9891419410705566
                ]
            ]
        ],
        [
            -0.12242369842529296,
            -0.017496986389160155,
            0.41662283325195315,
            -0.03434656969254912,
            -0.1421789854521769,
            0.34934497519764457,
            [
                [
                    0.9301161766052246,
                    -0.33750849962234497,
                    -0.14481672644615173
                ],
                [
                    0.3388286530971527,
                    0.9407085180282593,
                    -0.01620737463235855
                ],
                [
                    0.14170044660568237,
                    -0.03399331495165825,
                    0.989325761795044
                ]
            ]
        ],
        [
            -0.13841436767578125,
            -0.02309827423095703,
            0.4200518493652344,
            -0.05672371032183024,
            -0.13628506507460814,
            0.4097227100780354,
            [
                [
                    0.9087263345718384,
                    -0.39064928889274597,
                    -0.1470019519329071
                ],
                [
                    0.3946612775325775,
                    0.9188244342803955,
                    -0.0020340182818472385
                ],
                [
                    0.13586357235908508,
                    -0.0561676099896431,
                    0.9891341328620911
                ]
            ]
        ],
        [
            -0.15580729675292967,
            -0.02811952209472656,
            0.4240803527832031,
            -0.06292488195000367,
            -0.12680831650684676,
            0.3953697209098197,
            [
                [
                    0.9154442548751831,
                    -0.37704789638519287,
                    -0.14070071280002594
                ],
                [
                    0.3820568919181824,
                    0.9240908026695251,
                    0.009419221431016922
                ],
                [
                    0.1264687329530716,
                    -0.062378447502851486,
                    0.9900073409080505
                ]
            ]
        ],
        [
            -0.1730300750732422,
            -0.033209274291992184,
            0.4251908874511719,
            -0.0575977531528033,
            -0.12382266553287358,
            0.32966508568712355,
            [
                [
                    0.9389068484306335,
                    -0.3164624273777008,
                    -0.13529758155345917
                ],
                [
                    0.3212476372718811,
                    0.9468834400177002,
                    0.014550050720572472
                ],
                [
                    0.12350650131702423,
                    -0.05712517350912094,
                    0.9906981587409973
                ]
            ]
        ],
        [
            -0.19310366821289063,
            -0.036811809539794925,
            0.42722027587890626,
            -0.06653693189874185,
            -0.09339693006910799,
            0.3464840633095967,
            [
                [
                    0.9364731907844543,
                    -0.3330092430114746,
                    -0.11010362952947617
                ],
                [
                    0.33811286091804504,
                    0.9405969977378845,
                    0.030935876071453094
                ],
                [
                    0.09326120465993881,
                    -0.06619807332754135,
                    0.9934385418891907
                ]
            ]
        ],
        [
            -0.20940234375,
            -0.03761169815063477,
            0.43058367919921875,
            -0.09809045640329403,
            -0.06469706002101328,
            0.3523525407887611,
            [
                [
                    0.936599850654602,
                    -0.3375052511692047,
                    -0.09418567270040512
                ],
                [
                    0.3443847596645355,
                    0.9362367987632751,
                    0.06971198320388794
                ],
                [
                    0.06465193629264832,
                    -0.09772834181785583,
                    0.9931108951568604
                ]
            ]
        ],
        [
            -0.22474073791503907,
            -0.03750868225097656,
            0.43166436767578126,
            -0.07693211128448912,
            -0.016752961139746114,
            0.33579135267985905,
            [
                [
                    0.9440173506736755,
                    -0.3273261785507202,
                    -0.041095178574323654
                ],
                [
                    0.3294701874256134,
                    0.9417814612388611,
                    0.06706002354621887
                ],
                [
                    0.016752177849411964,
                    -0.07684545964002609,
                    0.9969022870063782
                ]
            ]
        ],
        [
            -0.24052487182617188,
            -0.038218082427978514,
            0.4332559509277344,
            -0.08675954883799425,
            0.010204191507072524,
            0.3028717475195953,
            [
                [
                    0.9544342160224915,
                    -0.2979845702648163,
                    -0.016141731292009354
                ],
                [
                    0.29824694991111755,
                    0.9506301283836365,
                    0.08573877066373825
                ],
                [
                    -0.010204014368355274,
                    -0.08664623647928238,
                    0.9961869120597839
                ]
            ]
        ],
        [
            -0.24929359436035156,
            -0.035512256622314456,
            0.4349618225097656,
            -0.06551238515619562,
            0.05787212324563207,
            0.3400033075248387,
            [
                [
                    0.9411752820014954,
                    -0.33634456992149353,
                    0.032579611986875534
                ],
                [
                    0.33293190598487854,
                    0.9394684433937073,
                    0.08096550405025482
                ],
                [
                    -0.05783982574939728,
                    -0.06535593420267105,
                    0.9961842894554138
                ]
            ]
        ],
        [
            -0.2563504638671875,
            -0.032682571411132816,
            0.4347901916503906,
            -0.054901446036652535,
            0.11134740310007696,
            0.3133723814426498,
            [
                [
                    0.9454082250595093,
                    -0.31360456347465515,
                    0.08863081783056259
                ],
                [
                    0.30635949969291687,
                    0.9479864239692688,
                    0.08640388399362564
                ],
                [
                    -0.11111745983362198,
                    -0.054534051567316055,
                    0.9923099279403687
                ]
            ]
        ],
        [
            -0.26187551879882814,
            -0.03075944709777832,
            0.4351651306152344,
            -0.024690265648642684,
            0.1605224641433458,
            0.30377954168481125,
            [
                [
                    0.9419453144073486,
                    -0.3028029203414917,
                    0.14508430659770966
                ],
                [
                    0.2952831983566284,
                    0.9527415633201599,
                    0.07135374844074249
                ],
                [
                    -0.15983398258686066,
                    -0.02437037043273449,
                    0.9868430495262146
                ]
            ]
        ],
        [
            -0.26008465576171874,
            -0.025110246658325196,
            0.43412142944335935,
            -0.021035194402134055,
            0.17396183173528912,
            0.3238654024966122,
            [
                [
                    0.9337038397789001,
                    -0.3216143250465393,
                    0.15735751390457153
                ],
                [
                    0.31343021988868713,
                    0.946644127368927,
                    0.07500962913036346
                ],
                [
                    -0.17308573424816132,
                    -0.020716175436973572,
                    0.9846888780593872
                ]
            ]
        ],
        [
            -0.25508976745605466,
            -0.019875280380249022,
            0.4312727355957031,
            -0.017139288049154072,
            0.21479823740291093,
            0.3466355155225286,
            [
                [
                    0.9189073443412781,
                    -0.3431212604045868,
                    0.19462037086486816
                ],
                [
                    0.3319280445575714,
                    0.9391418695449829,
                    0.08852313458919525
                ],
                [
                    -0.21315030753612518,
                    -0.016744596883654594,
                    0.976875901222229
                ]
            ]
        ],
        [
            -0.25070761108398437,
            -0.016308038711547852,
            0.4299885559082031,
            -0.01724341077841235,
            0.19472786083706883,
            0.313689235401128,
            [
                [
                    0.9332243204116821,
                    -0.31169769167900085,
                    0.17870919406414032
                ],
                [
                    0.3027380704879761,
                    0.9500307440757751,
                    0.0761004164814949
                ],
                [
                    -0.19349955022335052,
                    -0.016916677355766296,
                    0.9809545278549194
                ]
            ]
        ],
        [
            -0.23979972839355468,
            -0.007560805797576904,
            0.42833096313476565,
            -0.03248737484249542,
            0.1889167806876626,
            0.36543179691578015,
            [
                [
                    0.917352557182312,
                    -0.36286115646362305,
                    0.16369490325450897
                ],
                [
                    0.35099467635154724,
                    0.9312968850135803,
                    0.09741052240133286
                ],
                [
                    -0.18779505789279938,
                    -0.03190375491976738,
                    0.9816899299621582
                ]
            ]
        ],
        [
            -0.22687037658691406,
            -0.001754989504814148,
            0.4264339294433594,
            -0.02157612352515431,
            0.19223715624012705,
            0.3334655081860888,
            [
                [
                    0.9275076985359192,
                    -0.3311382532119751,
                    0.1734270304441452
                ],
                [
                    0.32129013538360596,
                    0.9433445930480957,
                    0.08290758728981018
                ],
                [
                    -0.1910553127527237,
                    -0.021177031099796295,
                    0.9813507795333862
                ]
            ]
        ],
        [
            -0.21627267456054688,
            0.0022108404636383056,
            0.42721966552734375,
            -0.007435788286746764,
            0.146300586842105,
            0.33947316086975265,
            [
                [
                    0.9328570365905762,
                    -0.3340032696723938,
                    0.13497982919216156
                ],
                [
                    0.3294330835342407,
                    0.9425432085990906,
                    0.05555310845375061
                ],
                [
                    -0.14577925205230713,
                    -0.007356284186244011,
                    0.9892898201942444
                ]
            ]
        ],
        [
            -0.2050299835205078,
            0.010008793830871582,
            0.42838592529296876,
            -0.03663042879457268,
            0.09876343032380608,
            0.35833684355225925,
            [
                [
                    0.9319177865982056,
                    -0.3538636267185211,
                    0.07943383604288101
                ],
                [
                    0.34900811314582825,
                    0.934586763381958,
                    0.06885460019111633
                ],
                [
                    -0.09860295057296753,
                    -0.03644376993179321,
                    0.994459331035614
                ]
            ]
        ],
        [
            -0.19219393920898437,
            0.013666316986083985,
            0.4290843505859375,
            -0.04208142337262602,
            0.06701768923821905,
            0.32313617969603914,
            [
                [
                    0.9461155533790588,
                    -0.31993231177330017,
                    0.05008668452501297
                ],
                [
                    0.3168291449546814,
                    0.9465101361274719,
                    0.06113786622881889
                ],
                [
                    -0.06696753203868866,
                    -0.041974566876888275,
                    0.996871829032898
                ]
            ]
        ],
        [
            -0.18432066345214843,
            0.016468402862548828,
            0.4310834045410156,
            -0.0023601184864598113,
            0.010624435368008056,
            0.3346652462993679,
            [
                [
                    0.9444670081138611,
                    -0.3284757733345032,
                    0.00925959087908268
                ],
                [
                    0.32843446731567383,
                    0.9445094466209412,
                    0.005718729924410582
                ],
                [
                    -0.01062423549592495,
                    -0.002359983278438449,
                    0.9999407529830933
                ]
            ]
        ],
        [
            -0.1797755889892578,
            0.022104692459106446,
            0.43411016845703126,
            -0.03753860521844532,
            -0.039384901132305083,
            0.329102993280271,
            [
                [
                    0.9455987811088562,
                    -0.32156819105148315,
                    -0.04936474561691284
                ],
                [
                    0.32294365763664246,
                    0.9461435675621033,
                    0.022798944264650345
                ],
                [
                    0.03937472030520439,
                    -0.037500686943531036,
                    0.99852055311203
                ]
            ]
        ],
        [
            -0.17484748840332032,
            0.020612503051757814,
            0.43514486694335935,
            -0.035195760531153475,
            -0.08010452426082759,
            0.3223695568967531,
            [
                [
                    0.9454458951950073,
                    -0.31394803524017334,
                    -0.08699813485145569
                ],
                [
                    0.3157990276813507,
                    0.948792040348053,
                    0.00804036483168602
                ],
                [
                    0.08001888543367386,
                    -0.035075657069683075,
                    0.99617600440979
                ]
            ]
        ],
        [
            -0.1755028076171875,
            0.02243251037597656,
            0.43653231811523435,
            -0.01484290576068889,
            -0.1117682040534449,
            0.31319995331110606,
            [
                [
                    0.9454165101051331,
                    -0.30649563670158386,
                    -0.1106710284948349
                ],
                [
                    0.30618205666542053,
                    0.9517577886581421,
                    -0.020240530371665955
                ],
                [
                    0.11153564602136612,
                    -0.01474975049495697,
                    0.9936509728431702
                ]
            ]
        ],
        [
            -0.17963676452636718,
            0.024676061630249022,
            0.4382425231933594,
            -0.04921368327524886,
            -0.1362150368099615,
            0.30794302509384475,
            [
                [
                    0.9441318511962891,
                    -0.2963660955429077,
                    -0.1441602259874344
                ],
                [
                    0.3002914786338806,
                    0.9538300037384033,
                    0.005770436022430658
                ],
                [
                    0.13579419255256653,
                    -0.04873814061284065,
                    0.9895375370979309
                ]
            ]
        ],
        [
            -0.18311508178710936,
            0.020601505279541014,
            0.43771359252929687,
            -0.03527415905431289,
            -0.14951474947522714,
            0.2822289178553036,
            [
                [
                    0.9497219324111938,
                    -0.2732783854007721,
                    -0.15279780328273773
                ],
                [
                    0.27538999915122986,
                    0.961302638053894,
                    -0.007587063126266003
                ],
                [
                    0.14895831048488617,
                    -0.03487338870763779,
                    0.9882283210754395
                ]
            ]
        ],
        [
            -0.18975764465332032,
            0.019408269882202147,
            0.4382059326171875,
            -0.022067600490905698,
            -0.13126196298603765,
            0.30183609411518053,
            [
                [
                    0.9465786814689636,
                    -0.29444387555122375,
                    -0.13149748742580414
                ],
                [
                    0.2947165071964264,
                    0.9554183483123779,
                    -0.017831047996878624
                ],
                [
                    0.13088534772396088,
                    -0.021875988692045212,
                    0.9911561012268066
                ]
            ]
        ],
        [
            -0.20079771423339843,
            0.02091084671020508,
            0.4391056213378906,
            -0.0682668480810907,
            -0.12263842687640669,
            0.3049579685546629,
            [
                [
                    0.9466954469680786,
                    -0.2915940582752228,
                    -0.13689644634723663
                ],
                [
                    0.29799798130989075,
                    0.9541432857513428,
                    0.028421644121408463
                ],
                [
                    0.12233123928308487,
                    -0.06770150363445282,
                    0.990177571773529
                ]
            ]
        ],
        [
            -0.2102349853515625,
            0.015267751693725585,
            0.43808316040039064,
            -0.04967775656142234,
            -0.11740998205400532,
            0.30727049123104155,
            [
                [
                    0.9466004967689514,
                    -0.2965405285358429,
                    -0.12653538584709167
                ],
                [
                    0.3003757894039154,
                    0.9537461400032043,
                    0.011945152655243874
                ],
                [
                    0.11714041978120804,
                    -0.049315452575683594,
                    0.9918901920318604
                ]
            ]
        ],
        [
            -0.22265328979492188,
            0.0164803409576416,
            0.43784585571289064,
            -0.0364026948372603,
            -0.09011446632824116,
            0.29570337344733,
            [
                [
                    0.9527159333229065,
                    -0.2880866229534149,
                    -0.09663547575473785
                ],
                [
                    0.29023033380508423,
                    0.9569181203842163,
                    0.008607429452240467
                ],
                [
                    0.08999255299568176,
                    -0.03624698147177696,
                    0.9952826499938965
                ]
            ]
        ],
        [
            -0.2323228759765625,
            0.017002769470214844,
            0.43850888061523435,
            -0.06073570461044736,
            -0.07387733719510337,
            0.3008931746592077,
            [
                [
                    0.9524670243263245,
                    -0.2915480434894562,
                    -0.08835342526435852
                ],
                [
                    0.2955649495124817,
                    0.9546389579772949,
                    0.03613629564642906
                ],
                [
                    0.0738101527094841,
                    -0.06053280457854271,
                    0.995433509349823
                ]
            ]
        ],
        [
            -0.2423011474609375,
            0.013457110404968262,
            0.4373951110839844,
            -0.05969271750829436,
            -0.060774759789570254,
            0.2884304119563116,
            [
                [
                    0.9569215774536133,
                    -0.2804674506187439,
                    -0.0750940591096878
                ],
                [
                    0.2839226722717285,
                    0.9580146670341492,
                    0.039947085082530975
                ],
                [
                    0.060737352818250656,
                    -0.05954713374376297,
                    0.9963759779930115
                ]
            ]
        ],
        [
            -0.24990248107910157,
            0.014514644622802735,
            0.43755789184570315,
            -0.03671122554403544,
            -0.02009585714285711,
            0.26675599224004887,
            [
                [
                    0.9644363522529602,
                    -0.2627145051956177,
                    -0.02904576063156128
                ],
                [
                    0.263550341129303,
                    0.9641755819320679,
                    0.030111422762274742
                ],
                [
                    0.020094504579901695,
                    -0.03669556975364685,
                    0.9991244673728943
                ]
            ]
        ],
        [
            -0.25969384765625,
            0.018622194290161133,
            0.43800079345703125,
            -0.08239081023493891,
            0.007418544091059687,
            0.2689021772210237,
            [
                [
                    0.9640366435050964,
                    -0.26536059379577637,
                    -0.014736657030880451
                ],
                [
                    0.2656659185886383,
                    0.9606306552886963,
                    0.08130431175231934
                ],
                [
                    -0.007418475579470396,
                    -0.08229536563158035,
                    0.9965803623199463
                ]
            ]
        ],
        [
            -0.26410086059570315,
            0.01667645454406738,
            0.4361630554199219,
            -0.04373603183354008,
            0.0407744522941782,
            0.2767654529176093,
            [
                [
                    0.961144745349884,
                    -0.27469876408576965,
                    0.02722751721739769
                ],
                [
                    0.2730185091495514,
                    0.9605374336242676,
                    0.05318591743707657
                ],
                [
                    -0.04076315462589264,
                    -0.04368574917316437,
                    0.9982133507728577
                ]
            ]
        ],
        [
            -0.2656784362792969,
            0.01869245719909668,
            0.4354874572753906,
            -0.023274398361879958,
            0.08556535584179503,
            0.25755494086805236,
            [
                [
                    0.9634778499603271,
                    -0.2565712034702301,
                    0.0766918808221817
                ],
                [
                    0.25378501415252686,
                    0.9662471413612366,
                    0.044267136603593826
                ],
                [
                    -0.08546098321676254,
                    -0.02318715676665306,
                    0.9960716962814331
                ]
            ]
        ],
        [
            -0.2673001708984375,
            0.02388144111633301,
            0.43389096069335936,
            -0.055719089245028997,
            0.11344635017479265,
            0.2702379730351423,
            [
                [
                    0.9575125575065613,
                    -0.2726219892501831,
                    0.09405830502510071
                ],
                [
                    0.265244722366333,
                    0.9605287909507751,
                    0.08384302258491516
                ],
                [
                    -0.11320316046476364,
                    -0.05533227697014809,
                    0.9920299053192139
                ]
            ]
        ],
        [
            -0.26456307983398436,
            0.02284806251525879,
            0.4312984313964844,
            -0.02007534250996594,
            0.15161510945356715,
            0.2477181069086239,
            [
                [
                    0.9583530426025391,
                    -0.24808228015899658,
                    0.14147299528121948
                ],
                [
                    0.24237962067127228,
                    0.9685357213020325,
                    0.05648636817932129
                ],
                [
                    -0.1510349065065384,
                    -0.01984371431171894,
                    0.9883292317390442
                ]
            ]
        ],
        [
            -0.2562510986328125,
            0.027634695053100587,
            0.428943603515625,
            -0.007327240508257629,
            0.18200396541710462,
            0.24861983159671464,
            [
                [
                    0.9532437324523926,
                    -0.24734529852867126,
                    0.17362788319587708
                ],
                [
                    0.24200217425823212,
                    0.9689006209373474,
                    0.05163891613483429
                ],
                [
                    -0.18100079894065857,
                    -0.007206152658909559,
                    0.983456552028656
                ]
            ]
        ],
        [
            -0.2486036071777344,
            0.03199188804626465,
            0.42652337646484373,
            -0.04703295857979688,
            0.19540114764467265,
            0.27944098878021234,
            [
                [
                    0.9429178237915039,
                    -0.28428781032562256,
                    0.1734544038772583
                ],
                [
                    0.27056950330734253,
                    0.9576290249824524,
                    0.09868556261062622
                ],
                [
                    -0.19416005909442902,
                    -0.04612090811133385,
                    0.9798850417137146
                ]
            ]
        ],
        [
            -0.2324511260986328,
            0.03830563354492188,
            0.42484698486328126,
            -0.06347231139282648,
            0.2258246839361846,
            0.2187893135264875,
            [
                [
