{
    "amplitude": 0.058195094409068636,
    "frequency": 0.02446003438456558,
    "seed": 1762037181,
    "time_interval": 0.05,
    "pid_gains": {
        "pid_rate": {
            "roll_kp": "50.0",
            "roll_ki": "0.0",
            "roll_kd": "0.0",
            "pitch_kp": "50.0",
            "pitch_ki": "0.0",
            "pitch_kd": "0.0",
            "yaw_kp": "80.0",
            "yaw_ki": "0.0",
            "yaw_kd": "0.0"
        },
        "pid_attitude": {
            "roll_kp": "6.0",
            "roll_ki": "0.0",
            "roll_kd": "0.20000000298023224",
            "pitch_kp": "6.0",
            "pitch_ki": "0.0",
            "pitch_kd": "1.0",
            "yaw_kp": "10.0",
            "yaw_ki": "0.0",
            "yaw_kd": "0.3499999940395355"
        },
        "velCtlPid": {
            "vxKp": "15.0",
            "vxKi": "1.0",
            "vxKd": "0.0",
            "vyKp": "10.0",
            "vyKi": "1.0",
            "vyKd": "0.0",
            "vzKp": "12.5",
            "vzKi": "0.5",
            "vzKd": "0.0"
        },
        "posCtlPid": {
            "xKp": "1.5",
            "xKi": "0.0",
            "xKd": "0.0",
            "yKp": "1.5",
            "yKi": "0.0",
            "yKd": "0.0",
            "zKp": "5.0",
            "zKi": "0.5",
            "zKd": "0.0"
        }
    },
    "pose": [
        [
            0.007766264915466309,
            -0.006544540405273438,
            0.2629495544433594,
            0.006303204215921232,
            0.02795184636436132,
            1.591420029923725,
            [
                [
                    -0.020614199340343475,
                    -0.9997711181640625,
                    0.005725478287786245
                ],
                [
                    0.999396800994873,
                    -0.020445719361305237,
                    0.02807169407606125
                ],
                [
                    -0.027948206290602684,
                    0.006300699897110462,
                    0.9995895028114319
                ]
            ]
        ],
        [
            0.007753584384918213,
            -0.006570367813110351,
            0.26300289916992187,
            0.005619635010135293,
            0.028921209860399033,
            1.5902130194530297,
            [
                [
                    -0.019407376646995544,
                    -0.9997988939285278,
                    0.00505711417645216
                ],
                [
                    0.9993934035301208,
                    -0.01925271563231945,
                    0.02902037836611271
                ],
                [
                    -0.028917178511619568,
                    0.005617255810648203,
                    0.9995660185813904
                ]
            ]
        ],
        [
            0.0077743239402771,
            -0.00636840534210205,
            0.26275283813476563,
            0.0072861377043494935,
            0.029876047989682908,
            1.5993123384308654,
            [
                [
                    -0.028499409556388855,
                    -0.9995731115341187,
                    0.006431430112570524
                ],
                [
                    0.999147355556488,
                    -0.02829381823539734,
                    0.030066408216953278
                ],
                [
                    -0.029871603474020958,
                    0.007282821461558342,
                    0.9995272159576416
                ]
            ]
        ],
        [
            0.008675815582275391,
            -0.007059040546417236,
            0.26320849609375,
            0.011700786262307417,
            0.02542653461403388,
            1.7755779191168934,
            [
                [
                    -0.20328758656978607,
                    -0.979098916053772,
                    0.0062863826751708984
                ],
                [
                    0.9787889122962952,
                    -0.20304813981056213,
                    0.027270210906863213
                ],
                [
                    -0.025423794984817505,
                    0.011696737259626389,
                    0.9996083378791809
                ]
            ]
        ],
        [
            0.00670398759841919,
            -0.00691948127746582,
            0.26297567749023437,
            0.005736201456812751,
            0.03137301843569684,
            1.7848512872807873,
            [
                [
                    -0.2123195379972458,
                    -0.9771997332572937,
                    -0.0010579247027635574
                ],
                [
                    0.9766967296600342,
                    -0.21224474906921387,
                    0.031869977712631226
                ],
                [
                    -0.03136787191033363,
                    0.005733347497880459,
                    0.9994914531707764
                ]
            ]
        ],
        [
            0.005801331043243408,
            -0.006549030780792236,
            0.2655986938476563,
            0.00447763047811478,
            0.04144829997567956,
            1.758258753262889,
            [
                [
                    -0.18620631098747253,
                    -0.9825050234794617,
                    -0.0033231109846383333
                ],
                [
                    0.9816365242004395,
                    -0.18618221580982208,
                    0.04154454916715622
                ],
                [
                    -0.04143643379211426,
                    0.004473769571632147,
                    0.9991311430931091
                ]
            ]
        ],
        [
            0.0029049246311187746,
            -0.008655899047851563,
            0.27622601318359374,
            0.0021879166352033463,
            -0.002169255517579627,
            1.565477468880486,
            [
                [
                    0.005318826530128717,
                    -0.9999834895133972,
                    0.0021763460244983435
                ],
                [
                    0.9999834895133972,
                    0.00531408004462719,
                    -0.0021808550227433443
                ],
                [
                    0.002169253770262003,
                    0.0021879097912460566,
                    0.999995231628418
                ]
            ]
        ],
        [
            -0.0026124775409698485,
            -0.011524872779846191,
            0.29570361328125,
            0.04573433013118822,
            -0.05105241351905554,
            1.3339065960699479,
            [
                [
                    0.23437459766864777,
                    -0.9716036915779114,
                    0.032478321343660355
                ],
                [
                    0.9708060622215271,
                    0.2321670949459076,
                    -0.06028243526816368
                ],
                [
                    0.0510302409529686,
                    0.04565882310271263,
                    0.9976528286933899
                ]
            ]
        ],
        [
            -0.00924612045288086,
            -0.01567790985107422,
            0.3193252258300781,
            0.013857524064975313,
            -0.08397006653986883,
            1.1813143905298014,
            [
                [
                    0.37837132811546326,
                    -0.9254583716392517,
                    -0.019024426117539406
                ],
                [
                    0.9218463897705078,
                    0.37859758734703064,
                    -0.08284416049718857
                ],
                [
                    0.08387142419815063,
                    0.013808256015181541,
                    0.9963809251785278
                ]
            ]
        ],
        [
            -0.01479049587249756,
            -0.023869060516357423,
            0.3370185546875,
            -0.00445362125630322,
            -0.11900074296003194,
            0.9409410430320609,
            [
                [
                    0.5848621129989624,
                    -0.8077933192253113,
                    -0.0735277533531189
                ],
                [
                    0.802397608757019,
                    0.5894492864608765,
                    -0.09331496059894562
                ],
                [
                    0.11872007697820663,
                    -0.0044221095740795135,
                    0.9929178953170776
                ]
            ]
        ],
        [
            -0.02332134246826172,
            -0.03154486656188965,
            0.3552530212402344,
            0.08644632761917531,
            -0.13228883743509234,
            0.7607194801977237,
            [
                [
                    0.7180113196372986,
                    -0.6951173543930054,
                    -0.0356605164706707
                ],
                [
                    0.6834188103675842,
                    0.7137837409973145,
                    -0.15313880145549774
                ],
                [
                    0.13190332055091858,
                    0.08558432012796402,
                    0.987561047077179
                ]
            ]
        ],
        [
            -0.030854452133178712,
            -0.040868423461914063,
            0.3693244934082031,
            0.04927939102617257,
            -0.13791815086119308,
            0.7323113082631987,
            [
                [
                    0.7365698218345642,
                    -0.6728146076202393,
                    -0.06917689740657806
                ],
                [
                    0.6622414588928223,
                    0.7382004261016846,
                    -0.12843793630599976
                ],
                [
                    0.13748133182525635,
                    0.04879169911146164,
                    0.9893019199371338
                ]
            ]
        ],
        [
            -0.03819389724731445,
            -0.051021869659423826,
            0.37883154296875,
            0.05934849965617389,
            -0.1257985709668601,
            0.6657318132053409,
            [
                [
                    0.7802501916885376,
                    -0.6224002242088318,
                    -0.06186751648783684
                ],
                [
                    0.6127541661262512,
                    0.7804839611053467,
                    -0.12400449812412262
                ],
                [
                    0.12546703219413757,
                    0.05884495750069618,
                    0.9903510808944702
                ]
            ]
        ],
        [
            -0.046695415496826174,
            -0.06203084182739258,
            0.38734194946289063,
            0.049455986053208445,
            -0.14091098120517898,
            0.6042414858008106,
            [
                [
                    0.8147767186164856,
                    -0.573157012462616,
                    -0.08734927326440811
                ],
                [
                    0.562506914138794,
                    0.8179824948310852,
                    -0.12037704139947891
                ],
                [
                    0.14044512808322906,
                    0.048945844173431396,
                    0.9888778924942017
                ]
            ]
        ],
        [
            -0.05335791015625,
            -0.07771389007568359,
            0.3911983337402344,
            0.044221271931243034,
            -0.15408029047840444,
            0.6364890086842142,
            [
                [
                    0.7946603894233704,
                    -0.5992505550384521,
                    -0.0970236137509346
                ],
                [
                    0.5873340964317322,
                    0.7993688583374023,
                    -0.12668105959892273
                ],
                [
                    0.15347135066986084,
                    0.04368314519524574,
                    0.9871870875358582
                ]
            ]
        ],
        [
            -0.06306362915039063,
            -0.09116357421875,
            0.3949309997558594,
            0.0455726979496765,
            -0.14238176627636911,
            0.5824228277301831,
            [
                [
                    0.8266815543174744,
                    -0.5548766255378723,
                    -0.0933246985077858
                ],
                [
                    0.5444828867912292,
                    0.8307095170021057,
                    -0.11601761728525162
                ],
                [
                    0.1419011801481247,
                    0.04509592801332474,
                    0.9888530969619751
                ]
            ]
        ],
        [
            -0.07540302276611328,
            -0.10271711730957031,
            0.39579052734375,
            -0.022887038304519658,
            -0.13258857537245583,
            0.5421193866390903,
            [
                [
                    0.8490985631942749,
                    -0.5132259130477905,
                    -0.12502309679985046
                ],
                [
                    0.5114241242408752,
                    0.8579537272453308,
                    -0.048587583005428314
                ],
                [
                    0.1322004348039627,
                    -0.02268417552113533,
                    0.9909633994102478
                ]
            ]
        ],
        [
            -0.0851107406616211,
            -0.11630350494384765,
            0.3963182983398438,
            -0.03901402280286265,
            -0.10455211897520345,
            0.5691637432185968,
            [
                [
                    0.8377522230148315,
                    -0.5350888967514038,
                    -0.10886283218860626
                ],
                [
                    0.5359849333763123,
                    0.8439046740531921,
                    -0.023345444351434708
                ],
                [
                    0.10436174273490906,
                    -0.03879113867878914,
                    0.9937825798988342
                ]
            ]
        ],
        [
            -0.09791926574707031,
            -0.12587620544433595,
            0.396381591796875,
            -0.03126594779354008,
            -0.07754201775788827,
            0.5369079111263841,
            [
                [
                    0.856712281703949,
                    -0.5091505646705627,
                    -0.0825214758515358
                ],
                [
                    0.509944498538971,
                    0.8601129651069641,
                    -0.012739928439259529
                ],
                [
                    0.07746433466672897,
                    -0.031166918575763702,
                    0.9965078234672546
                ]
            ]
        ],
        [
            -0.11042951965332032,
            -0.13281716918945313,
            0.3960942993164063,
            -0.09219953214307969,
            -0.05564428177111291,
            0.5168220882509869,
            [
                [
                    0.8680482506752014,
                    -0.4875693619251251,
                    -0.0936395600438118
                ],
                [
                    0.49335500597953796,
                    0.8682312965393066,
                    0.05268014967441559
                ],
                [
                    0.05561557039618492,
                    -0.0919264629483223,
                    0.9942114353179932
                ]
            ]
        ],
        [
            -0.12115473937988282,
            -0.14045294189453125,
            0.394854736328125,
            -0.0933927355429165,
            -0.031243981292382372,
            0.5381024558627536,
            [
                [
                    0.8582636713981628,
                    -0.5077725052833557,
                    -0.07450233399868011
                ],
                [
                    0.5122573971748352,
                    0.8564336895942688,
                    0.06413780152797699
                ],
                [
                    0.031238898634910583,
                    -0.09321151673793793,
                    0.9951561689376831
                ]
            ]
        ],
        [
            -0.13216807556152343,
            -0.14236384582519532,
            0.39363186645507814,
            -0.09069092104070653,
            -0.0033689724338121785,
            0.5321837257536124,
            [
                [
                    0.861696183681488,
                    -0.5050680637359619,
                    -0.04884610325098038
                ],
                [
                    0.507413387298584,
                    0.8583146333694458,
                    0.07633893936872482
                ],
                [
                    0.0033689665142446756,
                    -0.09056613594293594,
                    0.9958847165107727
                ]
            ]
        ],
        [
            -0.14366993713378906,
            -0.14371847534179688,
            0.3919320983886719,
            -0.12234114190755024,
            0.0031045252595180983,
            0.521727693138716,
            [
                [
                    0.8669552206993103,
                    -0.49498212337493896,
                    -0.058148860931396484
                ],
                [
                    0.4983763098716736,
                    0.8602906465530396,
                    0.10733608156442642
                ],
                [
                    -0.0031045209616422653,
                    -0.12203559279441833,
                    0.9925208687782288
                ]
            ]
        ],
        [
            -0.15102798461914063,
            -0.14452423095703126,
            0.38950888061523437,
            -0.0745431152428675,
            0.021107295958863848,
            0.5162425490027659,
            [
                [
                    0.8694863319396973,
                    -0.49361205101013184,
                    -0.018457338213920593
                ],
                [
                    0.49350589513778687,
                    0.866489052772522,
                    0.07515782862901688
                ],
                [
                    -0.021105729043483734,
                    -0.07445751130580902,
                    0.9970008134841919
                ]
            ]
        ],
        [
            -0.16002389526367186,
            -0.1403280487060547,
            0.3873131103515625,
            -0.059600699411082064,
            0.039079169932931146,
            0.5026291858776369,
            [
                [
                    0.8756499886512756,
                    -0.4829151928424835,
                    0.00548179168254137
                ],
                [
                    0.4813634157180786,
                    0.8736419677734375,
                    0.07098575681447983
                ],
                [
                    -0.039069224148988724,
                    -0.059519942849874496,
                    0.997462272644043
                ]
            ]
        ],
        [
            -0.16711601257324218,
            -0.1362294921875,
            0.3859088439941406,
            -0.09245172561744097,
            0.04474750107957881,
            0.5052809416968896,
            [
                [
                    0.8741626143455505,
                    -0.4855997562408447,
                    -0.005712281912565231
                ],
                [
                    0.4835687577724457,
                    0.8693025708198547,
                    0.1023441031575203
                ],
                [
                    -0.04473257064819336,
                    -0.09222766757011414,
                    0.994732677936554
                ]
            ]
        ],
        [
            -0.17092324829101563,
            -0.1326656494140625,
            0.38369223022460935,
            -0.03966870155071453,
            0.048951791692277036,
            0.4973692331035996,
            [
                [
                    0.8777880072593689,
                    -0.47844526171684265,
                    0.024048244580626488
                ],
                [
                    0.4765436351299286,
                    0.8772234916687012,
                    0.0581812784075737
                ],
                [
                    -0.04893224313855171,
                    -0.03961079195141792,
                    0.998016357421875
                ]
            ]
        ],
        [
            -0.17592596435546876,
            -0.12388546752929687,
            0.3819522705078125,
            -0.02740278230972784,
            0.06306622863504363,
            0.4957404184670313,
            [
                [
                    0.8778680562973022,
                    -0.4770234227180481,
                    0.04238312318921089
                ],
                [
                    0.47473740577697754,
                    0.8784651160240173,
                    0.05406932905316353
                ],
                [
                    -0.06302443146705627,
                    -0.027344882488250732,
                    0.9976372718811035
                ]
            ]
        ],
        [
            -0.1780440216064453,
            -0.11680628967285156,
            0.3813129272460937,
            -0.043739772853648745,
            0.07017191202345296,
            0.501530580008574,
            [
                [
                    0.8746897578239441,
                    -0.4829966127872467,
                    0.04039881005883217
                ],
                [
                    0.4795849919319153,
                    0.8745351433753967,
                    0.07201739400625229
                ],
                [
                    -0.07011433690786362,
                    -0.04361821711063385,
                    0.9965848922729492
                ]
            ]
        ],
        [
            -0.17866375732421874,
            -0.11000399780273437,
            0.3802791748046875,
            -0.013207767321803843,
            0.07370024500148098,
            0.48391247183300384,
            [
                [
                    0.8827784657478333,
                    -0.46606624126434326,
                    0.05902867764234543
                ],
                [
                    0.4639829993247986,
                    0.884651780128479,
                    0.045945651829242706
                ],
                [
                    -0.07363354414701462,
                    -0.013171530328691006,
                    0.9971984028816223
                ]
            ]
        ],
        [
            -0.18008604431152345,
            -0.09855012512207031,
            0.37982955932617185,
            -0.02625972718319458,
            0.08212456789346367,
            0.4603208824889985,
            [
                [
                    0.8928905129432678,
                    -0.4460121691226959,
                    0.061804041266441345
                ],
                [
                    0.4427383840084076,
                    0.8946442604064941,
                    0.0599527470767498
                ],
                [
                    -0.08203228563070297,
                    -0.02616821601986885,
                    0.9962860941886902
                ]
            ]
        ],
        [
            -0.17758622741699218,
            -0.08850923919677735,
            0.38124383544921875,
            -0.04669141387507181,
            0.08869213634540785,
            0.4907022524753484,
            [
                [
                    0.8785353899002075,
                    -0.47437819838523865,
                    0.056043874472379684
                ],
                [
                    0.46939313411712646,
                    0.8790926337242126,
                    0.08286245912313461
                ],
                [
                    -0.08857589960098267,
                    -0.04649099335074425,
                    0.9949838519096375
                ]
            ]
        ],
        [
            -0.1747942657470703,
            -0.08043748474121094,
            0.38205465698242186,
            -0.015219561349371385,
            0.08836749103674735,
            0.46833889509039683,
            [
                [
                    0.8888376355171204,
                    -0.45255088806152344,
                    0.07187040150165558
                ],
                [
                    0.4496433436870575,
                    0.8916097283363342,
                    0.05341317504644394
                ],
                [
                    -0.08825252950191498,
                    -0.015159591101109982,
                    0.9959827661514282
                ]
            ]
        ],
        [
            -0.17405751037597655,
            -0.06674068450927734,
            0.3825733337402344,
            -0.027050505974289846,
            0.09505250166917456,
            0.42982065059269503,
            [
                [
                    0.9049370288848877,
                    -0.4188888669013977,
                    0.0749741718173027
                ],
                [
                    0.41482672095298767,
                    0.9076382517814636,
                    0.0641220360994339
                ],
                [
                    -0.0949094370007515,
                    -0.026925114914774895,
                    0.9951217174530029
                ]
            ]
        ],
        [
            -0.16970780944824218,
            -0.05480618667602539,
            0.3842308044433594,
            -0.058746785176333555,
            0.07763606805375334,
            0.46782032899286496,
            [
                [
                    0.8898648023605347,
                    -0.45422837138175964,
                    0.042629171162843704
                ],
                [
                    0.4495835602283478,
                    0.8889601230621338,
                    0.08731834590435028
                ],
                [
                    -0.07755810022354126,
                    -0.05853614583611488,
                    0.995267927646637
                ]
            ]
        ],
        [
            -0.16530645751953124,
            -0.045942623138427736,
            0.3852059631347656,
            -0.018498180613674864,
            0.07016834167660102,
            0.4457297795283886,
            [
                [
                    0.9000759124755859,
                    -0.43221285939216614,
                    0.05527545511722565
                ],
                [
                    0.4300555884838104,
                    0.9015828371047974,
                    0.04691062867641449
                ],
                [
                    -0.07011077553033829,
                    -0.01845160685479641,
                    0.997368574142456
                ]
            ]
        ],
        [
            -0.1622557373046875,
            -0.030948965072631836,
            0.38706494140625,
            -0.019380272208851967,
            0.06274636915091536,
            0.43882689112604323,
            [
                [
                    0.9034692645072937,
                    -0.4258980453014374,
                    0.04851954057812691
                ],
                [
                    0.4240416884422302,
                    0.9045644402503967,
                    0.04417995363473892
                ],
                [
                    -0.06270520389080048,
                    -0.01934092305600643,
                    0.9978446960449219
                ]
            ]
        ],
        [
            -0.15667742919921876,
            -0.02064785385131836,
            0.38926715087890623,
            -0.04601112697123533,
            0.059840242546100875,
            0.4587722382032492,
            [
                [
                    0.8949920535087585,
                    -0.4448452293872833,
                    0.03319508209824562
                ],
                [
                    0.44205498695373535,
                    0.8944298624992371,
                    0.06769514828920364
                ],
                [
                    -0.059804536402225494,
                    -0.045912567526102066,
                    0.9971536993980408
                ]
            ]
        ],
        [
            -0.15093075561523436,
            -0.010747337341308593,
            0.39218170166015626,
            -0.009982199229607192,
            0.05740566785265888,
            0.43185611137203767,
            [
                [
                    0.9066944122314453,
                    -0.4190565049648285,
                    0.047926001250743866
                ],
                [
                    0.4178677499294281,
                    0.9079054594039917,
                    0.03307875245809555
                ],
                [
                    -0.05737414211034775,
                    -0.009965591132640839,
                    0.9983029961585999
                ]
            ]
        ],
        [
            -0.14755917358398438,
            0.0030271565914154054,
            0.39536529541015625,
            0.004802613262328642,
            0.04324087792460718,
            0.41602553681630083,
            [
                [
                    0.9138473272323608,
                    -0.40393364429473877,
                    0.041480615735054016
                ],
                [
                    0.4037504494190216,
                    0.9147757291793823,
                    0.013076266273856163
                ],
                [
                    -0.04322740435600281,
                    0.004798104986548424,
                    0.9990537166595459
                ]
            ]
        ],
        [
            -0.14235528564453126,
            0.013412822723388671,
            0.398346923828125,
            -0.0269883547663754,
            0.034025781518519205,
            0.41303670578601065,
            [
                [
                    0.9153760075569153,
                    -0.40208715200424194,
                    0.02031545341014862
                ],
                [
                    0.40116018056869507,
                    0.9152041077613831,
                    0.038365885615348816
                ],
                [
                    -0.034019216895103455,
                    -0.026969458907842636,
                    0.9990572333335876
                ]
            ]
        ],
        [
            -0.1367410125732422,
            0.021939334869384767,
            0.40144345092773437,
            -0.0021236409147322444,
            0.027903169451735765,
            0.42049566704763053,
            [
                [
                    0.9125313758850098,
                    -0.40826615691185,
                    0.024602172896265984
                ],
                [
                    0.40805408358573914,
                    0.9128604531288147,
                    0.013327574357390404
                ],
                [
                    -0.027899548411369324,
                    -0.002122812904417515,
                    0.9996084570884705
                ]
            ]
        ],
        [
            -0.13356190490722655,
            0.033768070220947265,
            0.4039931640625,
            0.021778724902034557,
            0.02549487178859655,
            0.4106075399529663,
            [
                [
                    0.9165804982185364,
                    -0.39856278896331787,
                    0.03206027299165726
                ],
                [
                    0.399036705493927,
                    0.9168826341629028,
                    -0.009793683886528015
                ],
                [
                    -0.0254921093583107,
                    0.021769925951957703,
                    0.9994379281997681
                ]
            ]
        ],
        [
            -0.1284207000732422,
            0.042976394653320316,
            0.406384521484375,
            -0.02338108705527961,
            0.02377148097950932,
            0.41372926155838363,
            [
                [
                    0.9153692126274109,
                    -0.4024256765842438,
                    0.012358867563307285
                ],
                [
                    0.4019131362438202,
                    0.9151542782783508,
                    0.030959684401750565
                ],
                [
                    -0.02376924268901348,
                    -0.023372352123260498,
                    0.9994442462921143
                ]
            ]
        ],
        [
            -0.12348978424072266,
            0.049040767669677736,
            0.408272216796875,
            0.012971035497663513,
            0.023640374280331944,
            0.42811937161936564,
            [
                [
                    0.9094939231872559,
                    -0.4148467779159546,
                    0.026887886226177216
                ],
                [
                    0.4150446355342865,
                    0.9097988605499268,
                    -0.001987231196835637
                ],
                [
                    -0.023638172075152397,
                    0.012967047281563282,
                    0.9996364712715149
                ]
            ]
        ],
        [
            -0.12070307922363281,
            0.06073059844970703,
            0.40976361083984375,
            0.008700428962354873,
            0.02650978615224564,
            0.4131536405904419,
            [
                [
                    0.915537416934967,
                    -0.4012731909751892,
                    0.02776864357292652
                ],
                [
                    0.40135854482650757,
                    0.9159170985221863,
                    0.0026737519074231386
                ],
                [
                    -0.026506680995225906,
                    0.008697262033820152,
                    0.9996107816696167
                ]
            ]
        ],
        [
            -0.11544934844970703,
            0.06842418670654297,
            0.4110548400878906,
            -0.026424332147535395,
            0.0344191826707656,
            0.4295393678665439,
            [
                [
                    0.908619225025177,
                    -0.41713330149650574,
                    0.02027217671275139
                ],
                [
                    0.41620540618896484,
                    0.9084616303443909,
                    0.03834719583392143
                ],
                [
                    -0.03441238775849342,
                    -0.026405608281493187,
                    0.9990588426589966
                ]
            ]
        ],
        [
            -0.11067015838623047,
            0.07369832611083985,
            0.4117177734375,
            0.00507008866309111,
            0.0389311444192908,
            0.411768035090657,
            [
                [
                    0.9157202243804932,
                    -0.4000442326068878,
                    0.03769679367542267
                ],
                [
                    0.39992693066596985,
                    0.9164818525314331,
                    0.010931000113487244
                ],
                [
                    -0.03892131149768829,
                    0.005066224839538336,
                    0.9992294311523438
                ]
            ]
        ],
        [
            -0.107702392578125,
            0.08519130706787109,
            0.41187469482421873,
            -0.0016995266235708961,
            0.0470322974729096,
            0.3949976106808034,
            [
                [
                    0.9219768047332764,
                    -0.3848791718482971,
                    0.04274063929915428
                ],
                [
                    0.3843804597854614,
                    0.922965407371521,
                    0.01966026984155178
                ],
                [
                    -0.047014959156513214,
                    -0.0016976462211459875,
                    0.9988927245140076
                ]
            ]
        ],
        [
            -0.10199342346191406,
            0.09240914916992188,
            0.41271380615234377,
            -0.018954473343988976,
            0.05743198325136745,
            0.41752887505550507,
            [
                [
                    0.9125866293907166,
                    -0.40642449259757996,
                    0.04477430507540703
                ],
                [
                    0.4048342704772949,
                    0.9134884476661682,
                    0.04059698060154915
                ],
                [
                    -0.0574004165828228,
                    -0.01892208866775036,
                    0.9981719255447388
                ]
            ]
        ],
        [
            -0.09620347595214844,
            0.09915477752685548,
            0.41269390869140626,
            -0.00035058327657580546,
            0.05978757908592636,
            0.4136003216700912,
            [
                [
                    0.914043664932251,
                    -0.4019278287887573,
                    0.05457276105880737
                ],
                [
                    0.40119054913520813,
                    0.9156712889671326,
                    0.02433585375547409
                ],
                [
                    -0.0597519651055336,
                    -0.0003499566810205579,
                    0.9982131719589233
                ]
            ]
        ],
        [
            -0.09194314575195313,
            0.11018930816650391,
            0.4120560302734375,
            -0.013874534788233805,
            0.07140903733984305,
            0.39543867228544216,
            [
                [
                    0.9204757809638977,
                    -0.3860894739627838,
                    0.06049142777919769
                ],
                [
                    0.384231299161911,
                    0.9223574995994568,
                    0.04028506949543953
                ],
                [
                    -0.07134836167097092,
                    -0.013838729821145535,
                    0.9973554611206055
                ]
            ]
        ],
        [
            -0.0840383071899414,
            0.11892894744873046,
            0.41262811279296874,
            -0.028302917633628466,
            0.075423735581992,
            0.40728991064950615,
            [
                [
                    0.9155872464179993,
                    -0.39792171120643616,
                    0.05795062705874443
                ],
                [
                    0.39499619603157043,
                    0.916985273361206,
                    0.05582096055150032
                ],
                [
                    -0.075352244079113,
                    -0.02821868471801281,
                    0.9967576265335083
                ]
            ]
        ],
        [
            -0.07663616943359375,
            0.12583634185791015,
            0.4118873291015625,
            0.004689888736801984,
            0.08059958219186547,
            0.3953651039704094,
            [
                [
