{"amplitude": 0.08178830653496558, "frequency": 0.02734984021656873, "seed": 1762492414, "time_interval": 0.05, "pid_gains": {"pid_rate": {"roll_kp": "50.0", "roll_ki": "0.0", "roll_kd": "0.0", "pitch_kp": "50.0", "pitch_ki": "0.0", "pitch_kd": "0.0", "yaw_kp": "80.0", "yaw_ki": "0.0", "yaw_kd": "0.0"}, "pid_attitude": {"roll_kp": "8.0", "roll_ki": "0.0", "roll_kd": "0.20000000298023224", "pitch_kp": "8.0", "pitch_ki": "0.0", "pitch_kd": "1.0", "yaw_kp": "10.0", "yaw_ki": "0.0", "yaw_kd": "0.3499999940395355"}, "velCtlPid": {"vxKp": "15.0", "vxKi": "1.0", "vxKd": "0.0", "vyKp": "10.0", "vyKi": "1.0", "vyKd": "0.0", "vzKp": "12.5", "vzKi": "0.5", "vzKd": "0.0"}, "posCtlPid": {"xKp": "1.5", "xKi": "0.0", "xKd": "0.0", "yKp": "1.5", "yKi": "0.0", "yKd": "0.0", "zKp": "5.0", "zKi": "0.5", "zKd": "0.0"}}, "mocap_pose": [[-0.0062325577735900875, 0.0137885160446167, 0.2578907470703125, 0.021881817565696515, 0.0639594760986335, 0.3123078940776014, [[0.9496811628341675, -0.3058513104915619, 0.06753228604793549], [0.30662745237350464, 0.9518288373947144, -0.0011878496734425426], [-0.06391587853431702, 0.021835332736372948, 0.9977163672447205]]], [-0.006137718200683593, 0.013820178031921386, 0.2580384521484375, 0.02339302425396053, 0.059400802819588705, 0.31090770443721183, [[0.9503771066665649, -0.3045172095298767, 0.06366000324487686], [0.3053833842277527, 0.952220618724823, -0.004113030154258013], [-0.05936587601900101, 0.023349635303020477, 0.9979631900787354]]], [-0.006534615993499756, 0.013649372100830079, 0.25778558349609376, 0.02104694408673366, 0.058121389519950606, 0.30904382268906083, [[0.9510162472724915, -0.3029159605503082, 0.06172536686062813], [0.30363431572914124, 0.9527856707572937, -0.002384727355092764], [-0.058088671416044235, 0.02100985310971737, 0.9980903267860413]]], [-0.0060454015731811524, 0.013900390625, 0.2580327758789063, 0.021652259596615236, 0.06137166931982896, 0.3624652114917407, [[0.933265209197998, -0.35325559973716736, 0.06501148641109467], [0.3539128005504608, 0.9352772235870361, 0.001498598139733076], [-0.061333149671554565, 0.021609807386994362, 0.9978833794593811]]], [-0.006102792739868164, 0.014149941444396973, 0.25814462280273437, 0.023577007432825342, 0.05990180597580208, 0.4776991047449045, [[0.8864622712135315, -0.45835596323013306, 0.06398773938417435], [0.4589124917984009, 0.8884571194648743, 0.006579223554581404], [-0.05986598879098892, 0.02353253960609436, 0.9979289770126343]]], [-0.005732505798339844, 0.014845141410827637, 0.2631247253417969, 0.020069215982550737, 0.07358957161430091, 0.5779653085849069, [[0.8353090882301331, -0.5449750423431396, 0.07253233343362808], [0.5448422431945801, 0.8382133841514587, 0.023350786417722702], [-0.07352317124605179, 0.020013554021716118, 0.9970926642417908]]], [-0.007225756645202637, 0.019764036178588868, 0.281922607421875, -0.03436378597145831, 0.015178122882750111, 0.41246505798001676, [[0.9160299301147461, -0.4011099338531494, 0.00012381208944134414], [0.4008226990699768, 0.9153855443000793, 0.037556298077106476], [-0.015177540481090546, -0.034353066235780716, 0.9992945194244385]]], [-0.008156277656555177, 0.026979879379272462, 0.3015218505859375, -0.05740595808605639, -0.07595692841109525, 0.19999032806770342, [[0.977242648601532, -0.19406558573246002, -0.08564691990613937], [0.19808705151081085, 0.9793189764022827, 0.04118062183260918], [0.0758839100599289, -0.05720900371670723, 0.9954741597175598]]], [-0.007865924835205079, 0.032993175506591796, 0.32178909301757813, -0.07810318599761498, -0.054342429041446705, 0.1936012025017854, [[0.9798691272735596, -0.18764880299568176, -0.06814977526664734], [0.19211004674434662, 0.9791415333747864, 0.06614798307418823], [0.05431568622589111, -0.07790862768888474, 0.9954798221588135]]], [-0.010990496635437011, 0.04324467468261719, 0.345326904296875, -0.02355137922919364, -0.03983323649752468, 0.1407554311887225, [[0.9893249273300171, -0.13932369649410248, -0.04272167757153511], [0.1401798278093338, 0.9899672865867615, 0.017731085419654846], [0.03982270509004593, -0.023530522361397743, 0.9989296793937683]]], [-0.017292295455932617, 0.049637889862060545, 0.3598956298828125, -0.043490196978521564, -0.0641722902499342, 0.10230392078433435, [[0.9927239418029785, -0.0992555022239685, -0.06817270070314407], [0.10191535204648972, 0.9941156506538391, 0.03670623153448105], [0.06412825733423233, -0.043386999517679214, 0.9969980716705322]]], [-0.018026636123657225, 0.05569147491455078, 0.37341329956054686, 0.011766408121286959, -0.06622358542334883, 0.1406737501167908, [[0.987951397895813, -0.14097146689891815, -0.0638672262430191], [0.13990290462970734, 0.9899440407752991, -0.020927704870700836], [0.0661751925945282, 0.011740345507860184, 0.9977389574050903]]], [-0.022916751861572264, 0.06361824035644531, 0.3824881896972656, 0.022321995219063147, -0.06626802218358319, 0.10430056521817443, [[0.9923826456069946, -0.10555562376976013, -0.06351947784423828], [0.1038830429315567, 0.994163990020752, -0.029091347008943558], [0.06621953099966049, 0.02227115072309971, 0.9975565075874329]]], [-0.03037569046020508, 0.06580558776855469, 0.38939431762695315, 0.06396591312456375, -0.06968215019239077, 0.07553732536428216, [[0.9947285056114197, -0.07974912226200104, -0.06446131318807602], [0.07528237253427505, 0.994773268699646, -0.06898362189531326], [0.06962577253580093, 0.06376717239618301, 0.9955330491065979]]], [-0.037124919891357425, 0.07165248107910156, 0.39395626831054686, 0.11931912146386364, -0.054132383060960354, 0.10530729741783448, [[0.9930036067962646, -0.11077029258012772, -0.04091142863035202], [0.10495880246162415, 0.986712634563446, -0.12402356415987015], [0.05410594865679741, 0.11886183172464371, 0.9914355278015137]]], [-0.0415164909362793, 0.07552907562255859, 0.3947657775878906, 0.06683437211462392, -0.04013276812557076, 0.11850399842164566, [[0.9921870231628418, -0.1206236183643341, -0.03185592219233513], [0.11813163012266159, 0.9904528856277466, -0.07104914635419846], [0.04012199491262436, 0.06673084944486618, 0.9969639778137207]]], [-0.052377300262451174, 0.07822555541992188, 0.39246478271484375, 0.06750396864783752, -0.013597700869561802, 0.09225994847596479, [[0.9956550002098083, -0.09283256530761719, -0.00729425810277462], [0.09212060272693634, 0.9933947324752808, -0.06841569393873215], [0.013597281649708748, 0.06744647771120071, 0.99763023853302]]], [-0.05661033248901367, 0.0837961654663086, 0.3904999694824219, 0.09035782982456854, 0.006786451983877839, 0.1074525653584938, [[0.9942096471786499, -0.10619956254959106, 0.016397060826420784], [0.10724344104528427, 0.9902422428131104, -0.08898965269327164], [-0.006786399986594915, 0.09023284912109375, 0.9958975911140442]]], [-0.060373420715332034, 0.0882850570678711, 0.38688641357421877, 0.03309632165954736, 0.04390616524121427, 0.10156085137305561, [[0.9938883781433105, -0.09988591074943542, 0.04699688032269478], [0.10128863900899887, 0.9944495558738708, -0.02847215160727501], [-0.04389205947518349, 0.03305839002132416, 0.9984892010688782]]], [-0.06371479797363282, 0.08932625579833985, 0.3856897583007812, 0.03909458708785798, 0.05035739622256963, 0.10923911161436259, [[0.9927792549133301, -0.10698303580284119, 0.054258931428194046], [0.10888377577066422, 0.9934942722320557, -0.03336811065673828], [-0.050336115062236786, 0.03903508186340332, 0.9979692101478577]]], [-0.06980095672607421, 0.09475420379638672, 0.3820486145019531, 0.049075721546572956, 0.04819018492173255, 0.07558951194225053, [[0.9959868788719177, -0.07307027280330658, 0.05168073996901512], [0.07542987912893295, 0.996122419834137, -0.045282527804374695], [-0.04817153513431549, 0.04899907484650612, 0.9976364970207214]]], [-0.07075733947753907, 0.09679651641845703, 0.37990957641601564, 0.0062472199916455695, 0.03990051422435292, 0.1274204494094526, [[0.9911035299301147, -0.12682627141475677, 0.04035963490605354], [0.12697479128837585, 0.9919053316116333, -0.0011275826254859567], [-0.039889927953481674, 0.0062422072514891624, 0.9991846084594727]]], [-0.07306346130371094, 0.09824699401855469, 0.37817562866210935, 0.047291832843245, 0.04896699341672006, 0.09893327439714264, [[0.9939172863960266, -0.09635889530181885, 0.053322985768318176], [0.09865356981754303, 0.9942260384559631, -0.042213812470436096], [-0.04894742742180824, 0.04721754044294357, 0.9976846575737]]], [-0.07738229370117188, 0.10162908172607422, 0.37662271118164065, 0.02764471931361712, 0.04161753688062109, 0.08597229804524106, [[0.9954439997673035, -0.08468784391880035, 0.043809473514556885], [0.08579207956790924, 0.9960247278213501, -0.023967957124114037], [-0.041605524718761444, 0.027617264539003372, 0.9987523555755615]]], [-0.07961648559570313, 0.10137563323974609, 0.37537310791015627, 0.0641709314372776, 0.016478841369914177, 0.11037636269238192, [[0.9937797784805298, -0.10887540131807327, 0.023407842963933945], [0.11013742536306381, 0.9919853806495667, -0.06192530319094658], [-0.016478095203638077, 0.06411819159984589, 0.9978062510490417]]], [-0.08147121429443359, 0.09805204772949219, 0.37434182739257815, 0.08252200776631435, 0.014762292457550119, 0.07585689903800708, [[0.9970155954360962, -0.07431298494338989, 0.020915981382131577], [0.07577591389417648, 0.993823230266571, -0.08107643574476242], [-0.014761756174266338, 0.08241939544677734, 0.9964883923530579]]], [-0.085371826171875, 0.09650679016113281, 0.3757871398925781, 0.11752559011938614, 0.006044435857285979, 0.1019848630192517, [[0.9947859048843384, -0.10040082037448883, 0.017909053713083267], [0.10180630534887314, 0.9880138635635376, -0.1160348504781723], [-0.006044398993253708, 0.11725308746099472, 0.993083655834198]]], [-0.08910852813720703, 0.09241915893554688, 0.37734872436523437, 0.05876591636389231, -0.0055568480238514795, 0.08026239152616305, [[0.9967653155326843, -0.08036315441131592, -0.000820449844468385], [0.0801750048995018, 0.995033860206604, -0.058987777680158615], [0.005556819494813681, 0.058731190860271454, 0.9982583522796631]]], [-0.09065158843994141, 0.08923043823242187, 0.378747802734375, 0.11418670163737983, -0.0028413677627905365, 0.10289410610860113, [[0.9947070479393005, -0.10236578434705734, 0.008895017206668854], [0.1027122288942337, 0.9882000684738159, -0.11362605541944504], [0.002841364126652479, 0.11393826454877853, 0.9934837818145752]]], [-0.09065158843994141, 0.08923043823242187, 0.378747802734375, 0.11418670163737983, -0.0028413677627905365, 0.10289410610860113, [[0.9947070479393005, -0.10236578434705734, 0.008895017206668854], [0.1027122288942337, 0.9882000684738159, -0.11362605541944504], [0.002841364126652479, 0.11393826454877853, 0.9934837818145752]]], [-0.10089591979980468, 0.07924414825439453, 0.38304183959960936, 0.022420406986587607, -0.010724490110644469, 0.06557659479980141, [[0.9977932572364807, -0.0657530426979065, -0.009229467250406742], [0.0655258372426033, 0.9975841045379639, -0.023072924464941025], [0.010724284686148167, 0.022417239844799042, 0.9996911883354187]]], [-0.10436708068847657, 0.07522567749023437, 0.3852369689941406, 0.07080212471767382, -0.011788036835419513, 0.07654888510340811, [[0.9970023036003113, -0.07711400836706161, -0.0063137877732515335], [0.07646883279085159, 0.9945096969604492, -0.07143501937389374], [0.01178776379674673, 0.07073806971311569, 0.9974252581596375]]], [-0.11006246185302734, 0.06869599151611328, 0.38972628784179686, 0.056641596970732594, -0.00795739434875764, 0.09264174061071884, [[0.9956802725791931, -0.09280946850776672, -0.0026734094135463238], [0.09250634908676147, 0.9940733313560486, -0.05710349977016449], [0.007957310415804386, 0.05660952255129814, 0.9983646869659424]]], [-0.11347821807861327, 0.06390234375, 0.39192462158203123, 0.0368794383927165, -0.0072092616129877385, 0.08486481074818532, [[0.9963752627372742, -0.08497019857168198, -0.0040530674159526825], [0.08476077765226364, 0.9957010746002197, -0.03734904155135155], [0.0072091990150511265, 0.03687012195587158, 0.9992940425872803]]], [-0.11812940216064453, 0.05976388168334961, 0.3950822448730469, 0.06469577750926198, 0.011160533253157467, 0.08608172583384213, [[0.996235191822052, -0.08507674187421799, 0.016654085367918015], [0.08597009629011154, 0.9942749738693237, -0.06345376372337341], [-0.011160301975905895, 0.0646466314792633, 0.9978458285331726]]], [-0.12276463317871093, 0.055081855773925784, 0.39847613525390624, 0.06258516076271328, 0.023493653059801334, 0.07477668102055005, [[0.9969303607940674, -0.07309559732675552, 0.02805248089134693], [0.07468640059232712, 0.9953629374504089, -0.06061799079179764], [-0.023491492494940758, 0.06252705305814743, 0.9977667927742004]]], [-0.12688442230224609, 0.050586326599121094, 0.4010976867675781, 0.04156843547791331, 0.03170065745529671, 0.08500710960219054, [[0.9958884716033936, -0.08351903408765793, 0.03508196026086807], [0.0848621055483818, 0.9956401586532593, -0.03871764615178108], [-0.031695347279310226, 0.04153558611869812, 0.9986341595649719]]], [-0.12851315307617187, 0.04474219131469727, 0.4013765869140625, 0.07213941567568394, 0.04275752611212158, 0.07829104819966332, [[0.9960256814956665, -0.07493621855974197, 0.048139940947294235], [0.07813961058855057, 0.9945847988128662, -0.06852167844772339], [-0.04274449869990349, 0.07201098650693893, 0.9964874982833862]]], [-0.13127076721191405, 0.04246937942504883, 0.40316510009765627, 0.049913421286873635, 0.05073165074628494, 0.06373954416510201, [[0.9966853857040405, -0.06109214946627617, 0.053721874952316284], [0.06361444294452667, 0.9968875646591187, -0.04656536877155304], [-0.05070989206433296, 0.049828507006168365, 0.9974696040153503]]], [-0.13207432556152343, 0.037290000915527345, 0.40501318359375, 0.0278887237606086, 0.0631743580124946, 0.08158905392709709, [[0.9946852326393127, -0.07971227914094925, 0.06517045944929123], [0.08133598417043686, 0.9964293837547302, -0.02264915220439434], [-0.06313234567642212, 0.027829483151435852, 0.9976170659065247]]], [-0.13131027221679686, 0.02938370704650879, 0.40539666748046876, 0.056484603164036806, 0.06764732384990024, 0.07577704160106233, [[0.9948496222496033, -0.07177866995334625, 0.07156813144683838], [0.07553138583898544, 0.9958289265632629, -0.05118342116475105], [-0.06759574264287949, 0.05632544681429863, 0.9961215853691101]]], [-0.12921536254882812, 0.02657010269165039, 0.4070041809082031, 0.07699946582611529, 0.0835542324829166, 0.06318960977359166, [[0.9945225119590759, -0.056553471833467484, 0.08790121972560883], [0.06292726844549179, 0.9954525232315063, -0.07151538133621216], [-0.08345704525709152, 0.07665504515171051, 0.9935587048530579]]], [-0.12704196166992188, 0.02309528350830078, 0.4094012451171875, 0.05101510267160943, 0.07034724121623803, 0.085475830616362, [[0.9938848614692688, -0.08168954402208328, 0.07429487258195877], [0.08516063541173935, 0.995358943939209, -0.04481390118598938], [-0.0702892318367958, 0.050866853445768356, 0.9962288737297058]]], [-0.12408342742919921, 0.016022560119628906, 0.40986941528320314, 0.05727205072119555, 0.07393158300180303, 0.06583781392125183, [[0.9951077103614807, -0.061463505029678345, 0.07734926044940948], [0.06561054289340973, 0.9964755773544312, -0.05226515233516693], [-0.07386425137519836, 0.05708438158035278, 0.9956331849098206]]], [-0.117789306640625, 0.010684348106384278, 0.41213699340820314, 0.08558422236380878, 0.07590297667234824, 0.07315407774651075, [[0.9944539070129395, -0.06635673344135284, 0.08159811794757843], [0.0728784054517746, 0.9941489100456238, -0.0797291100025177], [-0.0758301168680191, 0.0852336660027504, 0.9934712052345276]]], [-0.11496680450439453, 0.006379384517669678, 0.41248904418945315, 0.05295095928937532, 0.06867889171589492, 0.07998642769030953, [[0.9944528341293335, -0.0761687308549881, 0.07253849506378174], [0.07971280068159103, 0.9956958889961243, -0.047281477600336075], [-0.06862491369247437, 0.05280144512653351, 0.9962442517280579]]], [-0.11025806427001954, -8.123042434453964e-05, 0.41361605834960935, 0.0518726572487955, 0.0646672283276668, 0.052280428132313206, [[0.9965463280677795, -0.04884028434753418, 0.06715654581785202], [0.05214738845825195, 0.9974655508995056, -0.04840616136789322], [-0.06462216377258301, 0.05174102261662483, 0.9965675473213196]]], [-0.10531781005859375, -0.004888680458068848, 0.415307373046875, 0.09944931520496353, 0.06136900298300718, 0.06641255775679028, [[0.9959171414375305, -0.05996004119515419, 0.0674818754196167], [0.06623882055282593, 0.9932695031166077, -0.09501658380031586], [-0.061330489814281464, 0.0990985631942749, 0.993185818195343]]], [-0.10001996612548827, -0.010773571968078613, 0.4169459228515625, 0.038273480796990424, 0.0470224253092526, 0.06785972306739285, [[0.9965956211090088, -0.06596352905035019, 0.04945717006921768], [0.06773269921541214, 0.9970897436141968, -0.03499109670519829], [-0.047005098313093185, 0.03822184354066849, 0.998163104057312]]], [-0.09534262084960937, -0.02083898162841797, 0.4173343811035156, 0.05465622088828459, 0.04362687336208393, 0.03832920783566249, [[0.9983147382736206, -0.03588181361556053, 0.04560929909348488], [0.03828336298465729, 0.9978646636009216, -0.0529201403260231], [-0.04361303523182869, 0.05457703396677971, 0.9975566267967224]]], [-0.09265167999267578, -0.02270929718017578, 0.41852520751953126, 0.06940136190020338, 0.0431359128028741, 0.0425459408015221, [[0.9981656670570374, -0.039443060755729675, 0.045929282903671265], [0.0424935407936573, 0.9968171119689941, -0.06745319068431854], [-0.043122537434101105, 0.06928115338087082, 0.9966647028923035]]], [-0.08840196228027344, -0.030337129592895508, 0.41995489501953126, 0.0227671947651417, 0.02666990939160918, 0.06321191778680951, [[0.9976478815078735, -0.06254759430885315, 0.028044667094945908], [0.06314736604690552, 0.9977824687957764, -0.021035663783550262], [-0.02666674740612507, 0.02275713160634041, 0.9993852972984314]]], [-0.08336994934082032, -0.04034360885620117, 0.4218315734863281, 0.04322849523735636, 0.025430013315369537, 0.04155816449092836, [[0.9988135099411011, -0.040409497916698456, 0.027177004143595695], [0.04153276979923248, 0.998248815536499, -0.04212230071425438], [-0.02542727254331112, 0.043201059103012085, 0.9987427592277527]]], [-0.08198351287841797, -0.045142807006835935, 0.4233443908691406, 0.07951154526250735, 0.021192482490981268, 0.03246789702418429, [[0.9992485046386719, -0.030677372589707375, 0.023691212758421898], [0.03245490416884422, 0.9963698983192444, -0.07870019972324371], [-0.02119089663028717, 0.07940995693206787, 0.996616780757904]]], [-0.07884942626953124, -0.04960171508789062, 0.42587762451171873, 0.04594245085846961, 0.013205509732656884, 0.026802734397456365, [[0.9995536804199219, -0.026165002956986427, 0.014417257159948349], [0.026797188445925713, 0.9986022710800171, -0.04555627703666687], [-0.01320512592792511, 0.04592228680849075, 0.9988577365875244]]], [-0.07658738708496093, -0.05800901794433594, 0.42617794799804687, 0.04646275490421771, 0.0090446375016493, 0.02635386486062014, [[0.9996118545532227, -0.025902440771460533, 0.010255507193505764], [0.026349736377596855, 0.9985849857330322, -0.04619183763861656], [-0.009044514037668705, 0.04644414037466049, 0.9988799691200256]]], [-0.07471327209472656, -0.06294583892822266, 0.42767889404296877, 0.07760214648645238, 0.023186159843851195, 0.024542389571746506, [[0.9994301199913025, -0.02266928367316723, 0.02500978857278824], [0.024533329531550407, 0.9967343211174011, -0.07693371176719666], [-0.02318408153951168, 0.07750344276428223, 0.9967224597930908]]], [-0.07282880401611327, -0.06711683654785157, 0.4291829528808594, 0.026001893385088702, 0.013805984254863901, 0.02212029663148489, [[0.999660074710846, -0.021752173081040382, 0.014372560195624828], [0.022116385400295258, 0.9994253516197205, -0.02568734809756279], [-0.01380554586648941, 0.025996485725045204, 0.9995666742324829]]], [-0.07208480072021485, -0.07624335479736329, 0.42990283203125, 0.041870138878146904, 0.004722793358169275, 0.014704098951191295, [[0.9998807311058044, -0.014493018388748169, 0.005333587061613798], [0.01470340508967638, 0.9990184903144836, -0.041783999651670456], [-0.004722775891423225, 0.041857440024614334, 0.9991124272346497]]], [-0.07045767974853516, -0.07906100463867187, 0.4315899353027344, 0.07260545073042894, 0.012849474957627782, 0.04147653916403233, [[0.9990574717521667, -0.04042410850524902, 0.015812162309885025], [0.04146122559905052, 0.9965462684631348, -0.07194790989160538], [-0.012849121354520321, 0.0725356861948967, 0.9972830414772034]]], [-0.06968257904052734, -0.08072985076904297, 0.43365524291992186, 0.017666870195632924, 0.012751213151135365, 0.016597349972715145, [[0.9997810125350952, -0.016368772834539413, 0.013040316291153431], [0.01659523881971836, 0.999709963798523, -0.017451930791139603], [-0.012750867754220963, 0.017664514482021332, 0.9997626543045044]]], [-0.06913026428222656, -0.0890833969116211, 0.43434014892578127, 0.04957416369518873, 0.016743349883379333, 0.03725809498060323, [[0.999165952205658, -0.03637462854385376, 0.018556248396635056], [0.03724425658583641, 0.9981092214584351, -0.048896584659814835], [-0.016742568463087082, 0.04954691603779793, 0.998631477355957]]], [-0.06800675201416016, -0.09370664978027343, 0.43629205322265624, 0.07806224738142288, 0.022472646454554823, 0.027919952102350626, [[0.9993578791618347, -0.026079656556248665, 0.024570591747760773], [0.027909277006983757, 0.9966150522232056, -0.07732720673084259], [-0.022470755502581596, 0.07796330004930496, 0.9967029690742493]]], [-0.067704833984375, -0.09622785186767578, 0.43743896484375, 0.052257913378432365, 0.023507872021308218, 0.005674378711687335, [[0.9997075796127319, -0.004438821692019701, 0.02376963570713997], [0.005672780331224203, 0.9986257553100586, -0.05210009217262268], [-0.02350570634007454, 0.0522197000682354, 0.998358964920044]]], [-0.06698164367675781, -0.1017508316040039, 0.4373143310546875, 0.04170577757903154, 0.018460176922574956, 0.01510011818312912, [[0.9997156262397766, -0.01431687269359827, 0.01907053031027317], [0.01509697176516056, 0.9990281462669373, -0.041410453617572784], [-0.018459128215909004, 0.04168658331036568, 0.9989601969718933]]], [-0.06614732360839844, -0.10673272705078125, 0.43932858276367187, 0.06287184658963679, 0.02670430999464557, 0.042292571504290825, [[0.9987495541572571, -0.040520284324884415, 0.029281020164489746], [0.04226488992571831, 0.9972026944160461, -0.06164756044745445], [-0.02670113556087017, 0.06280802935361862, 0.9976683855056763]]], [-0.06586487579345703, -0.1073720474243164, 0.44167623901367187, 0.021599287413857672, 0.031501239234109635, 0.0346435203789828, [[0.9989041686058044, -0.03394868224859238, 0.032217856496572495], [0.03461940586566925, 0.9991903901100159, -0.020493987947702408], [-0.03149602934718132, 0.021586893126368523, 0.9992707371711731]]], [-0.06577483367919922, -0.11355027770996094, 0.443071533203125, 0.027849244714507983, 0.025603703943888778, 0.028661577794206382, [[0.9992616772651672, -0.027933960780501366, 0.026378460228443146], [0.028648260980844498, 0.9992220997810364, -0.027100831270217896], [-0.02560090646147728, 0.027836518362164497, 0.9992846250534058]]], [-0.0641764907836914, -0.11763390350341797, 0.44643765258789064, 0.06743113180892012, 0.029542506597443063, 0.042711034594774794, [[0.9986521005630493, -0.04061254486441612, 0.032321199774742126], [0.04267941787838936, 0.9969024658203125, -0.06606023758649826], [-0.029538210481405258, 0.06735064089298248, 0.9972920417785645]]], [-0.06339442443847657, -0.11780245971679687, 0.4493307189941406, 0.01485903941788946, 0.035718302574640814, 0.019764888945442833, [[0.9991669654846191, -0.019230917096138, 0.03599344938993454], [0.019750995561480522, 0.9997047781944275, -0.014149895869195461], [-0.03571070730686188, 0.014849015511572361, 0.9992518424987793]]], [-0.061982662200927734, -0.12436367797851562, 0.45143115234375, 0.01787218003314025, 0.031100527356146657, 0.035579071375064594, [[0.998883843421936, -0.03501052036881447, 0.03170657902956009], [0.03555436432361603, 0.9992272853851318, -0.01675397902727127], [-0.031095514073967934, 0.017862586304545403, 0.9993568062782288]]], [-0.06028926849365234, -0.12759848022460937, 0.4527711791992188, 0.04245966098708895, 0.027473483221411632, 0.026154357329691888, [[0.9992807507514954, -0.024962186813354492, 0.02854592725634575], [0.026141507551074028, 0.998787522315979, -0.041714657098054886], [-0.027470028027892113, 0.04243088513612747, 0.998721718788147]]], [-0.0595040168762207, -0.12740594482421874, 0.4544852294921875, 0.025233798070268567, 0.03537800110505818, 0.03630425483592688, [[0.9987157583236694, -0.035392872989177704, 0.03625185787677765], [0.036273568868637085, 0.9990553259849548, -0.02393108233809471], [-0.03537062183022499, 0.025215331465005875, 0.9990561008453369]]], [-0.05881748580932617, -0.13340867614746094, 0.45480596923828126, 0.033906231912889016, 0.029307843147379886, 0.0357204750595029, [[0.9989328980445862, -0.03469960018992424, 0.03047877922654152], [0.03569754213094711, 0.9988231658935547, -0.03283219411969185], [-0.029303647577762604, 0.033885177224874496, 0.9989960193634033]]], [-0.0574825553894043, -0.1346837158203125, 0.45575177001953127, 0.04706477597414094, 0.0338597967666554, 0.03959571541707388, [[0.9986434578895569, -0.037950072437524796, 0.03565172478556633], [0.03956267982721329, 0.9981727600097656, -0.045671913772821426], [-0.03385332599282265, 0.04702043533325195, 0.9983201026916504]]], [-0.055972972869873044, -0.13754060363769532, 0.45722055053710936, 0.04641987082694268, 0.03454058941712779, 0.030649327074420266, [[0.9989341497421265, -0.02900979481637478, 0.03590232506394386], [0.03062625043094158, 0.9985027313232422, -0.04532427713274956], [-0.03453372046351433, 0.04637552425265312, 0.9983269572257996]]], [-0.05561494827270508, -0.14159645080566408, 0.45741009521484377, 0.03384425314090535, 0.022510224286607983, 0.03905597552930516, [[0.9989842772483826, -0.038262635469436646, 0.023799510672688484], [0.03903615474700928, 0.998694896697998, -0.03293363004922867], [-0.022508323192596436, 0.0338292196393013, 0.9991741180419922]]], [-0.054085437774658206, -0.14279508972167967, 0.459052001953125, 0.06109717853676484, 0.03701296265401055, 0.027215197890001, [[0.9989450573921204, -0.02490243688225746, 0.03858332335948944], [0.027193201705813408, 0.9978260397911072, -0.060031481087207794], [-0.037004511803388596, 0.06101735681295395, 0.9974505305290222]]], [-0.053598834991455076, -0.1429169464111328, 0.4602733459472656, 0.024369536004208055, 0.02239020780211054, 0.03761247641572361, [[0.999042272567749, -0.037047289311885834, 0.02328215166926384], [0.037594184279441833, 0.999016523361206, -0.023508258163928986], [-0.022388337180018425, 0.02436101622879505, 0.999452531337738]]], [-0.053470645904541016, -0.14934947204589843, 0.46073910522460937, 0.03399152541246127, 0.012707612083976638, 0.02439230255417145, [[0.9996218085289001, -0.02394406683743, 0.013525041751563549], [0.024387914687395096, 0.9991355538368225, -0.03366512060165405], [-0.012707269750535488, 0.03398223593831062, 0.9993416666984558]]], [-0.052599334716796876, -0.15118251037597658, 0.46312478637695315, 0.052057496222106175, 0.01366827885497468, 0.01597666352773182, [[0.9997789859771729, -0.015243238769471645, 0.014478889293968678], [0.015974491834640503, 0.9985291957855225, -0.05180928483605385], [-0.01366785354912281, 0.05202912539243698, 0.9985520243644714]]], [-0.05259896469116211, -0.15395033264160157, 0.4648876037597656, 0.04771987422467372, 0.016376341348941725, 0.0381081665053602, [[0.9991399645805359, -0.03727499395608902, 0.018162479624152184], [0.03809383511543274, 0.9981662034988403, -0.047043949365615845], [-0.01637560874223709, 0.04769536852836609, 0.9987276792526245]]], [-0.05363514709472656, -0.15794847106933593, 0.46750225830078124, 0.03329095460492707, 0.01448896651629794, 0.034014473855674236, [[0.9993166327476501, -0.033507104963064194, 0.01560400240123272], [0.034004345536231995, 0.9988842010498047, -0.032773103564977646], [-0.014488459564745426, 0.03328131139278412, 0.9993410110473633]]], [-0.05474688720703125, -0.16256686401367187, 0.46877127075195313, 0.06240466198684752, 0.007033952942447463, 0.028107852448883308, [[0.9995802640914917, -0.027610955759882927, 0.008770122192800045], [0.028103455901145935, 0.9976715445518494, -0.06214223429560661], [-0.007033894769847393, 0.06236262246966362, 0.9980287551879883]]], [-0.05625344467163086, -0.16406636047363282, 0.4711847534179687, 0.028909178796665668, 0.006334217196491743, 0.04631870376671435, [[0.9989074468612671, -0.04609990119934082, 0.007663107942789793], [0.0463012158870697, 0.9985185861587524, -0.028580987825989723], [-0.006334174890071154, 0.028904572129249573, 0.9995620846748352]]], [-0.05814154815673828, -0.17162376403808594, 0.47352005004882813, 0.02036367806174479, -0.006635300996128413, 0.03736196123566056, [[0.9992801547050476, -0.037480540573596954, -0.005868649575859308], [0.03735244646668434, 0.9990898966789246, -0.020595857873558998], [0.006635252386331558, 0.020361822098493576, 0.9997706413269043]]], [-0.06004899597167969, -0.17393327331542968, 0.47591400146484375, 0.053484730483753004, 0.003679131599078067, 0.033816563131172345, [[0.9994215369224548, -0.03356520086526871, 0.00547922495752573], [0.03380988910794258, 0.998005747795105, -0.05330445617437363], [-0.003679123241454363, 0.05345887318253517, 0.998563289642334]]], [-0.06327681350708007, -0.17901437377929688, 0.4795734558105469, 0.05263349489927911, 0.0042575266080044916, 0.04307755774701734, [[0.99906325340271, -0.04278082400560379, 0.006513248663395643], [0.04306384548544884, 0.9976984262466431, -0.05237729847431183], [-0.004257513675838709, 0.05260872095823288, 0.9986061453819275]]], [-0.0657254867553711, -0.18237724304199218, 0.48014642333984375, 0.008709758549353967, -0.005467499608998949, 0.027552887191478494, [[0.9996054768562317, -0.02759595774114132, -0.00522524444386363], [0.02754898928105831, 0.9995812177658081, -0.00885696243494749], [0.00546747213229537, 0.008709518238902092, 0.9999471306800842]]], [-0.06811690521240234, -0.183880615234375, 0.4822609558105469, 0.04040122789374539, 0.009031037457474467, 0.02558022835951976, [[0.9996320605278015, -0.02519192546606064, 0.010053671896457672], [0.02557639591395855, 0.9988664388656616, -0.040146224200725555], [-0.00903091486543417, 0.04038859158754349, 0.9991432428359985]]], [-0.07179206085205078, -0.18461529541015625, 0.48365673828125, 0.0050073821705068355, 0.005939717430686109, 0.026112715060860655, [[0.999641478061676, -0.026079688221216202, 0.006068324204534292], [0.02610928751528263, 0.999647319316864, -0.004850572440773249], [-0.005939682479947805, 0.005007273051887751, 0.9999698400497437]]], [-0.07486124420166015, -0.19082327270507812, 0.4842393493652344, 0.013448380457776484, 0.014406653246214152, 0.03700904269743845, [[0.9992115497589111, -0.03680364787578583, 0.014892571605741978], [0.0369967557489872, 0.9992320537567139, -0.012905778363347054], [-0.014406154863536358, 0.013446579687297344, 0.9998058080673218]]], [-0.07769598388671875, -0.19215098571777345, 0.48499880981445315, 0.03916824273715376, 0.02173041013321675, 0.032600931301150424, [[0.9992326498031616, -0.03171975165605545, 0.022976865991950035], [0.03258746117353439, 0.9987298250198364, -0.03842971473932266], [-0.021728700026869774, 0.03914898261427879, 0.9989970922470093]]], [-0.08065764617919922, -0.19222940063476562, 0.48571209716796876, 0.0076477928003948915, 0.029605080500135328, 0.02633369366713168, [[0.9992152452468872, -0.026103580370545387, 0.02979099750518799], [0.02631911262869835, 0.9996300339698792, -0.0068656825460493565], [-0.029600756242871284, 0.007644366938620806, 0.9995325803756714]]], [-0.08316663360595702, -0.1982171173095703, 0.486095703125, 0.01341805284742708, 0.018107180014081736, 0.036011257797219726, [[0.9991878271102905, -0.03575744852423668, 0.01857590489089489], [0.03599757328629494, 0.9992704391479492, -0.01275712437927723], [-0.018106190487742424, 0.013415450230240822, 0.9997460842132568]]], [-0.08508407592773437, -0.19827427673339842, 0.48622799682617185, 0.04461665187373794, 0.03062298290297294, 0.04333063557580879, [[0.9985929727554321, -0.04190962389111519, 0.032491039484739304], [0.04329676926136017, 0.9981263279914856, -0.043235015124082565], [-0.030618196353316307, 0.044580940157175064, 0.9985364675521851]]], [-0.08638495635986328, -0.19778515625, 0.48712066650390623, 0.01370234163896057, 0.03419445715585323, 0.03090869858945197, [[0.9989380836486816, -0.03043266199529171, 0.03459169715642929], [0.030885711312294006, 0.999442994594574, -0.012638935819268227], [-0.03418779373168945, 0.013693902641534805, 0.9993215799331665]]], [-0.08773072814941406, -0.20268719482421876, 0.4875998229980469, -0.003458869073756355, 0.027183930501423426, 0.038789810132675046, [[0.9988785982131958, -0.03887379541993141, 0.027025839313864708], [0.03876575455069542, 0.999238133430481, 0.004510319326072931], [-0.027180582284927368, -0.003457584185525775, 0.9996245503425598]]], [-0.0879361572265625, -0.20212120056152344, 0.4884438781738281, 0.036122970365120896, 0.03020781147777485, 0.04663822621766574, [[0.9984568953514099, -0.04550129920244217, 0.031834427267313004], [0.04660005122423172, 0.9983118176460266, -0.03466865047812462], [-0.030203217640519142, 0.03609863668680191, 0.9988917112350464]]], [-0.0879534912109375, -0.20093081665039061, 0.4900500183105469, 0.00876718692473382, 0.04631293697807126, 0.02455577432670107, [[0.9986265897750854, -0.02414660155773163, 0.04649590700864792], [0.02452697977423668, 0.9996700882911682, -0.007627746090292931], [-0.0462963841855526, 0.008757674135267735, 0.9988893866539001]]], [-0.08765052032470703, -0.20187081909179688, 0.4924947509765625, -0.029452330714113073, 0.04383491300212494, 0.0401160736818426, [[0.9982356429100037, -0.04137732461094856, 0.04258560761809349], [0.04006678983569145, 0.9987103939056396, 0.03118106909096241], [-0.04382087662816048, -0.029419785365462303, 0.9986061453819275]]], [-0.08644214630126953, -0.20379811096191405, 0.4946103515625, -0.00701471743708592, 0.04894711314663969, 0.02996565272153151, [[0.9983539581298828, -0.030303487554192543, 0.04869423434138298], [0.029925284907221794, 0.9995161890983582, 0.008477401919662952], [-0.04892757162451744, -0.007006258703768253, 0.9987777471542358]]], [-0.08448273468017578, -0.2035301971435547, 0.4980753173828125, 0.023085264889552717, 0.052861271944623534, 0.019500871252064907, [[0.9984133243560791, -0.018275031819939613, 0.05326265096664429], [0.0194723978638649, 0.9995672702789307, -0.02204880490899086], [-0.05283665657043457, 0.02305097132921219, 0.9983370900154114]]], [-0.08309056854248047, -0.20292665100097657, 0.5000820922851562, -0.0027020284635028147, 0.06295928494090375, 0.02899656415476659, [[0.997599184513092, -0.02916232869029045, 0.0628126785159111], [0.028935058042407036, 0.9995710253715515, 0.004525023978203535], [-0.06291770190000534, -0.0026966717559844255, 0.9980150461196899]]], [-0.08086579895019531, -0.20503750610351562, 0.5013914184570313, 0.03379946527397338, 0.052801354983099014, 0.04239846762098575, [[0.9977089166641235, -0.040579672902822495, 0.05413161963224411], [0.04232669249176979, 0.998606264591217, -0.03152695298194885], [-0.052776824682950974, 0.03374593332409859, 0.9980359673500061]]], [-0.0785577621459961, -0.2037883758544922, 0.5041401062011719, 0.038772370024700104, 0.057795121766643254, 0.04252348099032828, [[0.9974278211593628, -0.04024169594049454, 0.059315189719200134], [0.04243968799710274, 0.9984403252601624, -0.03627391904592514], [-0.05776295065879822, 0.03869793564081192, 0.9975800514221191]]], [-0.07656539154052734, -0.2062427978515625, 0.5062257385253907, 0.006490396387146078, 0.046862314689654294, 0.0313570048826957, [[0.9984111189842224, -0.031047314405441284, 0.04702463373541832], [0.03131744638085365, 0.9994968771934509, -0.005018507596105337], [-0.04684516414999962, 0.006483225617557764, 0.9988811016082764]]], [-0.0732241439819336, -0.20588232421875, 0.5080516967773437, 0.02738469624051852, 0.05844017140171731, 0.03100064382574629, [[0.9978132247924805, -0.02938557043671608, 0.059205662459135056], [0.03094276413321495, 0.999194324016571, -0.025558434426784515], [-0.05840691179037094, 0.027334529906511307, 0.9979185461997986]]], [-0.06982193756103515, -0.20437496948242187, 0.511220458984375, 0.018478813061232544, 0.052325694366671005, 0.026061766843873867, [[0.9982922077178955, -0.025088274851441383, 0.05275664106011391], [0.026023151353001595, 0.9995149374008179, -0.017108796164393425], [-0.05230182036757469, 0.018452471122145653, 0.9984608292579651]]], [-0.06821068572998047, -0.2051747283935547, 0.514666015625, -0.025654388814396675, 0.04224892695711735, 0.013461015051539134, [[0.9990171194076538, -0.014539510011672974, 0.041873350739479065], [0.013448596931993961, 0.9995657801628113, 0.026217591017484665], [-0.04223635792732239, -0.02562868408858776, 0.9987788796424866]]], [-0.06509748077392578, -0.20406550598144532, 0.5185598754882812, 0.013369343771800317, 0.035992480557320405, 0.032733339871158874, [[0.9988170266151428, -0.0322437509894371, 0.03639975190162659], [0.03270629793405533, 0.999390721321106, -0.012184199877083302], [-0.03598470985889435, 0.013360287062823772, 0.9992630481719971]]], [-0.06206167984008789, -0.2023995819091797, 0.5230541381835937, 0.02254671403631461, 0.033891655301794055, 0.03186705422564857, [[0.9989182949066162, -0.031090015545487404, 0.03457767143845558], [0.031843364238739014, 0.9992625713348389, -0.021453993394970894], [-0.0338851660490036, 0.02253185771405697, 0.9991717338562012]]], [-0.059991119384765625, -0.20430943298339843, 0.5267171630859375, 0.0008435306343283384, 0.04156303882710555, 0.015130612715971214, [[0.9990220069885254, -0.015094984322786331, 0.041559066623449326], [0.015116969123482704, 0.9998857378959656, -0.00021476499387063086], [-0.041551072150468826, 0.0008428020519204438, 0.9991360306739807]]], [-0.05815305328369141, -0.20407177734375, 0.5299240112304687, 0.03678966303114111, 0.023296488959992256, 0.03238759029367375, [[0.9992043375968933, -0.03150366619229317, 0.02445746213197708], [0.03237314149737358, 0.9988269805908203, -0.03600826859474182], [-0.02329438179731369, 0.03677138313651085, 0.9990521669387817]]], [-0.056030864715576174, -0.20247608947753906, 0.5330202026367188, 0.025804481360065922, 0.020485086102625782, 0.014128236230929517, [[0.9996904134750366, -0.013594604097306728, 0.020839309319853783], [0.014124802313745022, 0.9995747804641724, -0.025509750470519066], [-0.020483653992414474, 0.025796204805374146, 0.9994573593139648]]], [-0.054272941589355465, -0.20477854919433594, 0.5358651733398437, 0.01281021436628557, 0.018518355516927043, 0.04051742652913365, [[0.9990079402923584, -0.0402660071849823, 0.019019462168216705], [0.04049939662218094, 0.9991068840026855, -0.01204934436827898], [-0.018517296761274338, 0.012807667255401611, 0.9997465014457703]]], [-0.053473739624023436, -0.20372520446777342, 0.5377019653320313, 0.041701117071173896, 0.024037075476212255, 0.02252013674093006, [[0.9994576573371887, -0.021496925503015518, 0.024946540594100952], [0.02251172810792923, 0.9988998770713806, -0.041137710213661194], [-0.024034760892391205, 0.04167699068784714, 0.9988420009613037]]], [-0.05142686462402344, -0.2020679931640625, 0.5394495239257813, 0.017055392998403782, 0.020326068262089825, 0.017570193801849012, [[0.999639093875885, -0.017220159992575645, 0.020618213340640068], [0.017565660178661346, 0.9997063279151917, -0.016694895923137665], [-0.020324667915701866, 0.01705104298889637, 0.9996480345726013]]], [-0.04929055404663086, -0.20355912780761717, 0.5401397094726562, -0.015104149739754782, 0.017356630826976804, 0.018196048984055586, [[0.9996838569641113, -0.018455060198903084, 0.017076097428798676], [0.01819230429828167, 0.9997156262397766, 0.015416827984154224], [-0.01735575869679451, -0.015101300552487373, 0.9997353553771973]]], [-0.04763362503051758, -0.20352386474609374, 0.5401402587890625, 0.0327581960