{"amplitude": 0.0512752071940491, "frequency": 0.01928979140357517, "seed": 1762492516, "time_interval": 0.05, "pid_gains": {"pid_rate": {"roll_kp": "50.0", "roll_ki": "0.0", "roll_kd": "0.0", "pitch_kp": "50.0", "pitch_ki": "0.0", "pitch_kd": "0.0", "yaw_kp": "80.0", "yaw_ki": "0.0", "yaw_kd": "0.0"}, "pid_attitude": {"roll_kp": "8.0", "roll_ki": "0.0", "roll_kd": "0.20000000298023224", "pitch_kp": "8.0", "pitch_ki": "0.0", "pitch_kd": "1.0", "yaw_kp": "10.0", "yaw_ki": "0.0", "yaw_kd": "0.3499999940395355"}, "velCtlPid": {"vxKp": "15.0", "vxKi": "1.0", "vxKd": "0.0", "vyKp": "10.0", "vyKi": "1.0", "vyKd": "0.0", "vzKp": "12.5", "vzKi": "0.5", "vzKd": "0.0"}, "posCtlPid": {"xKp": "1.5", "xKi": "0.0", "xKd": "0.0", "yKp": "1.5", "yKi": "0.0", "yKd": "0.0", "zKp": "5.0", "zKi": "0.5", "zKd": "0.0"}}, "mocap_pose": [[-0.01188298225402832, 0.028504478454589845, 0.25935791015625, 0.02826573192572235, 0.06320345891630774, 1.4344284038045845, [[0.13567422330379486, -0.9900778532028198, 0.03658267855644226], [0.9887381792068481, 0.13765984773635864, 0.05870792642235756], [-0.06316138803958893, 0.02820553630590439, 0.9976046681404114]]], [-0.011977631568908692, 0.028398284912109373, 0.2592098388671875, 0.02838434095973008, 0.06086345374145807, 1.4298815126706788, [[0.14018884301185608, -0.9894466400146484, 0.03663870692253113], [0.9882546663284302, 0.1421014815568924, 0.05621270090341568], [-0.060825884342193604, 0.028327981010079384, 0.9977463483810425]]], [-0.012287160873413087, 0.02858660316467285, 0.25930596923828125, 0.02325902683848291, 0.06108010397095409, 1.4263857934154054, [[0.14364077150821686, -0.9891189336776733, 0.03179699182510376], [0.9877455234527588, 0.1452750861644745, 0.057043515145778656], [-0.06104212999343872, 0.02321355976164341, 0.9978652000427246]]], [-0.012237218856811524, 0.027319446563720703, 0.25934625244140624, 0.030630434221888825, 0.0561441793742492, 1.5839749604571614, [[-0.013157494366168976, -0.9994667768478394, 0.029883839190006256], [0.9983376264572144, -0.011453677900135517, 0.05648708716034889], [-0.05611468851566315, 0.030577389523386955, 0.9979559779167175]]], [-0.01268919849395752, 0.02880228042602539, 0.2595100402832031, 0.030920721564274833, 0.05994306603780375, 1.62556300235776, [[-0.0546409897506237, -0.9981247782707214, 0.027591733261942863], [0.9967073202133179, -0.05286384001374245, 0.06148106977343559], [-0.05990717560052872, 0.03086026944220066, 0.9977267980575562]]], [-0.01170341682434082, 0.026925111770629884, 0.2659871520996094, 0.011748390068555992, 0.04000047223615266, 1.616245288254912, [[-0.04539697244763374, -0.9989197850227356, 0.009919244796037674], [0.9981682896614075, -0.044960860162973404, 0.04047951102256775], [-0.03998980671167374, 0.011738722212612629, 0.9991311430931091]]], [-0.01381033706665039, 0.02580653953552246, 0.27768408203125, 0.008989209894271655, 0.056927925982879435, 1.4841088332317594, [[0.08643869310617447, -0.9961604475975037, 0.01388123445212841], [0.9946311116218567, 0.08708498626947403, 0.05590297654271126], [-0.056897182017564774, 0.008974527008831501, 0.9983397126197815]]], [-0.015560815811157227, 0.029487089157104494, 0.29958267211914064, -0.007658678550457876, -0.009440108947916803, 1.2730300741722957, [[0.29337242245674133, -0.9559449553489685, -0.01009104959666729], [0.9559516310691833, 0.29344600439071655, -0.006777367554605007], [0.009439968504011631, -0.007658262271434069, 0.9999260902404785]]], [-0.020746454238891602, 0.026299638748168944, 0.3219659423828125, -0.012012648668428216, -0.11039742694034471, 1.1420441132391885, [[0.41320541501045227, -0.9088693857192993, -0.056724805384874344], [0.9039486050605774, 0.41690993309020996, -0.09519980102777481], [0.1101733148097992, -0.011939235962927341, 0.9938406944274902]]], [-0.02908439826965332, 0.03268529510498047, 0.344056396484375, -0.003078843371772666, -0.06430272331213249, 0.9380168002395649, [[0.5901661515235901, -0.8062660098075867, -0.0404842384159565], [0.8047202825546265, 0.5915451645851135, -0.04999610781669617], [0.06425841897726059, -0.0030724748503416777, 0.9979285597801208]]], [-0.03642739105224609, 0.03131146240234375, 0.35843820190429687, -0.023285052639838322, -0.11889864208411405, 0.7886951848633195, [[0.6997957825660706, -0.7072955369949341, -0.10009414702653885], [0.704425573348999, 0.7065398693084717, -0.0677201971411705], [0.11861869692802429, -0.02311856858432293, 0.9926707148551941]]], [-0.04500262069702148, 0.035203460693359376, 0.3773272399902344, -0.004666349019935234, -0.07009637615080044, 0.7113073864099401, [[0.7556487917900085, -0.6525700092315674, -0.05610088258981705], [0.651221513748169, 0.7577141523361206, -0.0421878919005394], [0.07003898918628693, -0.004654871299862862, 0.99753338098526]]], [-0.05458491134643555, 0.04021547698974609, 0.3863912353515625, 0.005062058335225217, -0.053999676545773756, 0.5875796415596233, [[0.831071674823761, -0.5545685291290283, -0.04211456701159477], [0.5535401701927185, 0.8321227431297302, -0.03413275256752968], [0.05397343635559082, 0.005054657347500324, 0.9985295534133911]]], [-0.06207485198974609, 0.04201554870605469, 0.3936413269042969, -0.03246838648327105, -0.03221055498351211, 0.5506241489048531, [[0.8517560958862305, -0.522052526473999, -0.0444156639277935], [0.5229478478431702, 0.852295994758606, 0.010823249816894531], [0.03220498561859131, -0.032445844262838364, 0.9989545345306396]]], [-0.06945459747314453, 0.048497722625732424, 0.3977149353027344, 0.007655819222131044, -0.008239520681719181, 0.5337447036355691, [[0.8608787059783936, -0.5088001489639282, -0.0031982383225113153], [0.5087434649467468, 0.8608506321907043, -0.010782665573060513], [0.008239427581429482, 0.007655484601855278, 0.9999367594718933]]], [-0.07548326110839844, 0.05303009414672852, 0.4000596618652344, -0.012681348473068788, 0.033237558417581914, 0.5313378280195356, [[0.8616538047790527, -0.507009744644165, 0.022222213447093964], [0.5064073204994202, 0.8618471622467041, 0.027769267559051514], [-0.03323143720626831, -0.012674004770815372, 0.9993672966957092]]], [-0.08014822387695313, 0.05616506958007812, 0.4006519470214844, 0.008237700598528769, 0.04826720941820217, 0.49110184434793, [[0.8807867765426636, -0.4712313115596771, 0.04642955958843231], [0.4710485637187958, 0.8819712996482849, 0.0154890650883317], [-0.048248469829559326, 0.008228014223277569, 0.9988014698028564]]], [-0.08434561157226562, 0.06569756317138672, 0.399614013671875, 0.02706359975585501, 0.06992263640592333, 0.5182478458599361, [[0.8665657639503479, -0.4935351014137268, 0.07407383620738983], [0.4941483736038208, 0.8693068623542786, 0.011088937520980835], [-0.06986567378044128, 0.026994172483682632, 0.9971911311149597]]], [-0.08490782165527344, 0.07343280029296875, 0.3982501220703125, -0.0053155564511200015, 0.09347291421230497, 0.4958167285056021, [[0.8757407069206238, -0.4761798679828644, 0.07956725358963013], [0.47367334365844727, 0.8793320059776306, 0.04907983914017677], [-0.09333685785531998, -0.005292326677590609, 0.9956205487251282]]], [-0.08332626342773437, 0.07951842498779296, 0.39528021240234373, 0.03258080840319283, 0.11372238270496293, 0.4566630180828597, [[0.8917314410209656, -0.43740376830101013, 0.1161593645811081], [0.4381072223186493, 0.8986826539039612, 0.02077489346265793], [-0.11347741633653641, 0.032364629209041595, 0.993013322353363]]], [-0.08102637481689454, 0.08704962921142578, 0.3932991638183594, 0.0717066932971484, 0.12042875379576112, 0.4577831161290027, [[0.890537440776825, -0.4331037700176239, 0.13915523886680603], [0.43875953555107117, 0.8985333442687988, -0.011308511719107628], [-0.12013787031173706, 0.07112634927034378, 0.9902060031890869]]], [-0.07353543090820312, 0.0954188232421875, 0.39077828979492185, 0.031205118408260873, 0.12887296356622224, 0.46600160694809534, [[0.8859635591506958, -0.4455169141292572, 0.12877590954303741], [0.4455918073654175, 0.8947386741638184, 0.0298434030264616], [-0.1285165399312973, 0.030941322445869446, 0.9912245869636536]]], [-0.06515354156494141, 0.10040206146240234, 0.3880122985839844, 0.08446900216734385, 0.14402187399165434, 0.451635046198794, [[0.8904195427894592, -0.4239863157272339, 0.1654951572418213], [0.4319186806678772, 0.9018115997314453, -0.013493248261511326], [-0.14352449774742126, 0.08349510282278061, 0.9861183166503906]]], [-0.05367237854003906, 0.11016542816162109, 0.3873274230957031, 0.08947118522900341, 0.1363875388150657, 0.41904515020010813, [[0.9049949645996094, -0.3941633105278015, 0.1600605547428131], [0.4031098783016205, 0.9147672653198242, -0.026519613340497017], [-0.13596509397029877, 0.08852210640907288, 0.9867509007453918]]], [-0.04520163345336914, 0.11653538513183594, 0.38666705322265627, 0.043818699060231475, 0.1147247355091805, 0.4470190820926112, [[0.8958119750022888, -0.4273427724838257, 0.1220618411898613], [0.4294377863407135, 0.9030417799949646, 0.00993651244789362], [-0.11447323858737946, 0.043516721576452255, 0.992472767829895]]], [-0.033318252563476564, 0.12182485198974609, 0.38704437255859375, 0.06815594102621536, 0.10728268691052278, 0.4124112644949667, [[0.910889744758606, -0.3932081162929535, 0.12516868114471436], [0.39851516485214233, 0.9169528484344482, -0.01957429200410843], [-0.10707700997591019, 0.06771164387464523, 0.9919423460960388]]], [-0.025332817077636717, 0.1285067901611328, 0.38885147094726563, 0.07533738523810557, 0.09040300343562402, 0.4074336925779626, [[0.9143914580345154, -0.38889163732528687, 0.11247909069061279], [0.39463627338409424, 0.9182289838790894, -0.03343256935477257], [-0.09027991443872452, 0.07495878636837006, 0.9930915236473083]]], [-0.011262185096740722, 0.1344122314453125, 0.39319155883789064, 0.06776810425797275, 0.0580993082971919, 0.40667610013872285, [[0.9168910384178162, -0.3910394012928009, 0.0799940899014473], [0.39489129185676575, 0.9178878664970398, -0.039277318865060806], [-0.058066628873348236, 0.06760198622941971, 0.9960212111473083]]], [-0.001985461592674255, 0.13360671997070311, 0.39541226196289064, 0.07671083614865593, 0.03436062191188616, 0.4113812340433762, [[0.9160283803939819, -0.39628666639328003, 0.0620398223400116], [0.39963966608047485, 0.9149266481399536, -0.056544989347457886], [-0.03435385972261429, 0.0765903890132904, 0.9964706301689148]]], [0.007063777923583985, 0.1350292510986328, 0.39965972900390623, 0.09482393964852431, 0.0037361306661876093, 0.41349312309220265, [[0.9157164692878723, -0.3996814787387848, 0.04145006462931633], [0.4018076956272125, 0.9117511510848999, -0.08520790934562683], [-0.003736122278496623, 0.09468124061822891, 0.9955006241798401]]], [0.013439966201782226, 0.1357347717285156, 0.40253433227539065, 0.08762936323610793, -0.01894623160444886, 0.41700113005948614, [[0.9141435623168945, -0.4049822688102722, 0.018191087990999222], [0.4049476981163025, 0.9101279377937317, -0.08766140788793564], [0.01894509792327881, 0.08750154823064804, 0.9959841966629028]]], [0.01864170455932617, 0.130790283203125, 0.4036979064941406, 0.08614434646912492, -0.04192741898164232, 0.41595861186161553, [[0.9139255285263062, -0.40586742758750916, -0.0034337807446718216], [0.40371188521385193, 0.9098802804946899, -0.09557506442070007], [0.04191513732075691, 0.08596222847700119, 0.9954162836074829]]], [0.02284800148010254, 0.12643043518066407, 0.4064904479980469, 0.10594155547884768, -0.046980749144008405, 0.4039454915183882, [[0.9185028076171875, -0.3954120874404907, -0.00137920374982059], [0.3926156461238861, 0.9124101400375366, -0.11558844894170761], [0.046963468194007874, 0.10562681406736374, 0.993296205997467]]], [0.024104631423950196, 0.12291904449462891, 0.40831881713867185, 0.07900382082759705, -0.07390882013512101, 0.4039153290597035, [[0.9170188903808594, -0.39715445041656494, -0.03666975721716881], [0.3919486403465271, 0.9143706560134888, -0.10150157660245895], [0.07384154945611954, 0.07870620489120483, 0.9941593408584595]]], [0.026409378051757814, 0.11518859100341797, 0.40867962646484374, 0.11484812119598223, -0.07273670204765548, 0.4148169974569631, [[0.9127702116966248, -0.40798911452293396, -0.01988639123737812], [0.40195679664611816, 0.9058046340942383, -0.13397268950939178], [0.07267258316278458, 0.11429280042648315, 0.9907854795455933]]], [0.02578214454650879, 0.10896291351318359, 0.41062945556640623, 0.09310784710526934, -0.07070702804281614, 0.40491025813723414, [[0.9168410897254944, -0.3982672393321991, -0.02802851051092148], [0.39295193552970886, 0.9125690460205078, -0.11316565424203873], [0.07064812630414963, 0.09274106472730637, 0.9931806921958923]]], [0.024858470916748046, 0.09839057922363281, 0.41116159057617185, 0.0823558560070708, -0.07765374696902927, 0.42112780647529896, [[0.9098782539367676, -0.41322848200798035, -0.0369296558201313], [0.4075580835342407, 0.9069265723228455, -0.10668006539344788], [0.07757572829723358, 0.08201488852500916, 0.9936073422431946]]], [0.022980300903320313, 0.08830580139160156, 0.412240234375, 0.06409536268005858, -0.06748498815279658, 0.4300488547492731, [[0.9068763852119446, -0.4199850559234619, -0.03446372225880623], [0.4159662127494812, 0.905278205871582, -0.08627574145793915], [0.06743377447128296, 0.06390568614006042, 0.9956750273704529]]], [0.02016824722290039, 0.08380469512939454, 0.4135943603515625, 0.0672872363382164, -0.0524535571460476, 0.4072270923103366, [[0.9169597029685974, -0.3984053432941437, -0.02140302211046219], [0.3955199718475342, 0.9147485494613647, -0.08245653659105301], [0.05242950841784477, 0.0671439990401268, 0.9963648319244385]]], [0.01636164093017578, 0.07308751678466797, 0.415, 0.01571152865429537, -0.049387268595203926, 0.4055285582515615, [[0.9177736043930054, -0.3951685130596161, -0.03915960714221001], [0.39402347803115845, 0.9184746146202087, -0.033909812569618225], [0.04936719313263893, 0.0156917255371809, 0.9986574053764343]]], [0.012893563270568847, 0.06537595367431641, 0.41649996948242185, 0.037891258142796286, -0.036086833141551145, 0.3949601058042499, [[0.9224109649658203, -0.3857567012310028, -0.01870146207511425], [0.38452085852622986, 0.9218235015869141, -0.04883791506290436], [0.03607900068163872, 0.037857528775930405, 0.9986315965652466]]], [0.008508392333984375, 0.057410800933837894, 0.4195471496582031, 0.06074069591370804, -0.008284644109827655, 0.4239041715204033, [[0.9114587306976318, -0.41102203726768494, 0.01743127778172493], [0.41130807995796204, 0.9096022248268127, -0.05873183533549309], [0.008284549228847027, 0.060701269656419754, 0.9981216192245483]]], [0.0022362732887268068, 0.05201375198364258, 0.4225818786621094, 0.011803895460823777, -0.010336649004445864, 0.37031024930227874, [[0.9321653246879578, -0.3619931936264038, -0.0053633516654372215], [0.36188533902168274, 0.9321060180664062, -0.014744068495929241], [0.010336465202271938, 0.011802990920841694, 0.9998769164085388]]], [9.374064952135085e-05, 0.042461181640625, 0.42419989013671877, 0.01926527024187194, -0.006453648708952597, 0.3771915541536427, [[0.9296833276748657, -0.36835813522338867, 0.0010963508393615484], [0.36830323934555054, 0.9294843673706055, -0.020286357030272484], [0.006453603971749544, 0.019263677299022675, 0.9997935891151428]]], [-0.002257475852966309, 0.0388459358215332, 0.42622067260742186, 0.05708139344312646, 0.011419604109465187, 0.3891513838728642, [[0.9251710176467896, -0.37818267941474915, 0.03219345211982727], [0.37937864661216736, 0.9239715933799744, -0.048459332436323166], [-0.011419356800615788, 0.05704668164253235, 0.9983062148094177]]], [-0.005958478927612304, 0.03621298599243164, 0.42732427978515625, 0.01086026675505597, 0.009522002450411016, 0.36712557696102294, [[0.9333206415176392, -0.35881635546684265, 0.012784868478775024], [0.358917772769928, 0.9333450198173523, -0.006718853488564491], [-0.009521858766674995, 0.010859561152756214, 0.9998956918716431]]], [-0.006443378925323487, 0.02853283500671387, 0.42747821044921874, 0.04715366987573216, 0.02646140626713378, 0.3832052633840196, [[0.9271462559700012, -0.3723228871822357, 0.042136043310165405], [0.3737642765045166, 0.9269063472747803, -0.03383581340312958], [-0.026458317413926125, 0.04711969569325447, 0.9985387921333313]]], [-0.007878520965576171, 0.026345592498779297, 0.4283840026855469, 0.07099804461090725, 0.02656165184297432, 0.37854399153593304, [[0.9288759231567383, -0.3668862283229828, 0.05083267390727997], [0.369437575340271, 0.9275590181350708, -0.05612578243017197], [-0.02655852772295475, 0.0709133893251419, 0.9971288442611694]]], [-0.00886583423614502, 0.025163740158081056, 0.42922268676757813, 0.04079317412440145, 0.04529592182104203, 0.34552882514248606, [[0.9399313926696777, -0.3366750478744507, 0.05638134106993675], [0.3383468985557556, 0.9407391548156738, -0.023048043251037598], [-0.04528043419122696, 0.040740031749010086, 0.9981432557106018]]], [-0.007479666709899902, 0.01903187561035156, 0.43055206298828125, 0.0369839346094929, 0.03332906692421589, 0.3611125346799449, [[0.9349848031997681, -0.3519209623336792, 0.04421640560030937], [0.35311901569366455, 0.9352999329566956, -0.02282530814409256], [-0.03332289680838585, 0.03695496916770935, 0.9987611770629883]]], [-0.006440219879150391, 0.0171740779876709, 0.43282830810546874, 0.04977858770745083, 0.024242302723843423, 0.3451007073608505, [[0.9407649040222168, -0.33673739433288574, 0.03961523622274399], [0.33819204568862915, 0.9402837157249451, -0.03863436356186867], [-0.024239929392933846, 0.0497434139251709, 0.9984678626060486]]], [-0.00480488395690918, 0.01428169059753418, 0.4358369140625, 0.06494845088634382, 0.041656468320614204, 0.3424117768914972, [[0.9411304593086243, -0.3325059711933136, 0.060935910791158676], [0.3354685604572296, 0.9408690929412842, -0.04718199372291565], [-0.041644420474767685, 0.06484649330377579, 0.9970259070396423]]], [-0.0036343398094177246, 0.010037888526916504, 0.43716635131835935, 0.05181399438257822, 0.027086772410843896, 0.3401249455584398, [[0.9423671960830688, -0.3318348526954651, 0.04277533292770386], [0.3334825038909912, 0.94191575050354, -0.039800822734832764], [-0.027083460241556168, 0.05177181586623192, 0.9982916116714478]]], [-0.0006216573715209961, 0.005962831974029541, 0.4408433837890625, 0.09790247643501265, 0.025916410097252207, 0.3645753351614254, [[0.9339615106582642, -0.3524787127971649, 0.05894605815410614], [0.35643282532691956, 0.9307044744491577, -0.08212652802467346], [-0.025913508608937263, 0.09771332889795303, 0.9948771595954895]]], [0.0011220756769180298, 0.0033652222156524657, 0.4440466918945313, 0.060706953202885494, 0.01693388826026787, 0.3571981548938799, [[0.936745822429657, -0.3480440378189087, 0.037048231810331345], [0.34960049390792847, 0.9355135560035706, -0.050930459052324295], [-0.016933077946305275, 0.06066097319126129, 0.9980148077011108]]], [0.004447281360626221, -0.003647127389907837, 0.44698712158203124, 0.06068368198811147, 0.017634157155266283, 0.3380491651533852, [[0.9432567954063416, -0.3300279676914215, 0.03671787306666374], [0.3315957486629486, 0.9420216083526611, -0.051376812160015106], [-0.017633242532610893, 0.06063701584935188, 0.998004138469696]]], [0.006457490921020508, -0.0074158282279968265, 0.4491685791015625, 0.0890954877289388, 0.01804630056769252, 0.3611365694505023, [[0.9353435039520264, -0.35043418407440186, 0.04825352877378464], [0.3532801866531372, 0.9323526620864868, -0.07688742876052856], [-0.018045321106910706, 0.08896317332983017, 0.9958714246749878]]], [0.007128744602203369, -0.010809139251708984, 0.451314453125, 0.04712604624614844, 0.021183387457705205, 0.35650503393650657, [[0.9369120597839355, -0.34767860174179077, 0.03626886010169983], [0.34892284870147705, 0.9364300966262817, -0.03676225617527962], [-0.021181803196668625, 0.04709803685545921, 0.9986656904220581]]], [0.009128883361816406, -0.019169944763183594, 0.45263189697265627, 0.041552230574058935, 0.015421942829947577, 0.33971780764346043, [[0.9427366256713867, -0.3323294222354889, 0.02836952544748783], [0.3331814110279083, 0.9422483444213867, -0.03403192013502121], [-0.015421331860125065, 0.041535332798957825, 0.9990180134773254]]], [0.01002088451385498, -0.024220727920532228, 0.45500027465820314, 0.06783013539244068, 0.01329470238382724, 0.33333797564348144, [[0.9448719024658203, -0.3255952000617981, 0.034710586071014404], [0.32717016339302063, 0.9430772662162781, -0.059707432985305786], [-0.013294310308992863, 0.06777214258909225, 0.9976122379302979]]], [0.009863868713378906, -0.027674022674560546, 0.456718505859375, 0.032207178312276485, 0.007164641618232048, 0.34626024586789117, [[0.9406243562698364, -0.33898937702178955, 0.01766451634466648], [0.3393736779689789, 0.9402389526367188, -0.02786012552678585], [-0.0071645802818238735, 0.032200783491134644, 0.9994557499885559]]], [0.009833521842956543, -0.03505081939697265, 0.45867349243164063, 0.004937275508061584, 0.0017490477765926826, 0.3294724297967653, [[0.9462116956710815, -0.32353177666664124, 0.0032523698173463345], [0.32354336977005005, 0.946204423904419, -0.004105809610337019], [-0.0017490468453615904, 0.004937247838824987, 0.9999862909317017]]], [0.009996145248413087, -0.03993429946899414, 0.4601824951171875, 0.056249554432739296, 0.016302427283886756, 0.333703085138916, [[0.944710373878479, -0.32616010308265686, 0.03379257023334503], [0.3275005519390106, 0.943641722202301, -0.04778749495744705], [-0.016301704570651054, 0.056212425231933594, 0.998285710811615]]], [0.008161643028259277, -0.043559337615966795, 0.4614525146484375, 0.02292655510455388, 0.010726564505086023, 0.33944609158927874, [[0.9428849816322327, -0.3326454758644104, 0.01774471439421177], [0.33294567465782166, 0.9427732825279236, -0.01804589293897152], [-0.010726358741521835, 0.02292322739958763, 0.999679684638977]]], [0.008327295303344726, -0.052316497802734375, 0.46227783203125, 0.04330834246458526, 0.004884981392469845, 0.32322765229183237, [[0.9482038617134094, -0.31713035702705383, 0.018379325047135353], [0.31762492656707764, 0.9473932385444641, -0.039502643048763275], [-0.0048849624581635, 0.04329428821802139, 0.9990504384040833]]], [0.006652203559875489, -0.05930621337890625, 0.465041015625, 0.03589248600947137, 0.015298691033079459, 0.31794050523481365, [[0.9497700929641724, -0.3118881583213806, 0.025739988312125206], [0.3125743567943573, 0.9494410753250122, -0.029307007789611816], [-0.015298094600439072, 0.03588058054447174, 0.9992389678955078]]], [0.004768116474151611, -0.06110174942016602, 0.4669608154296875, 0.030204099165542342, 0.013843642049744975, 0.3017102527821122, [[0.954738199710846, -0.2966189384460449, 0.022185763344168663], [0.2971251606941223, 0.9545183777809143, -0.024723704904317856], [-0.013843199238181114, 0.03019661270081997, 0.9994481205940247]]], [0.003036555767059326, -0.06705347442626954, 0.47027120971679687, 0.014837853473130519, 0.03172426884528656, 0.2980362472296192, [[0.9554339647293091, -0.29316139221191406, 0.034674160182476044], [0.2934958338737488, 0.9559479355812073, -0.004870165139436722], [-0.03171894699335098, 0.014829843305051327, 0.9993867874145508]]], [0.0028003368377685547, -0.07121624755859375, 0.47216802978515626, 0.03339938214449678, 0.028653830492443966, 0.2967616149676473, [[0.9558959603309631, -0.291346937417984, 0.037147294729948044], [0.2923048734664917, 0.9560348987579346, -0.023560231551527977], [-0.028649909421801567, 0.03337946534156799, 0.9990320205688477]]], [0.0012669527530670165, -0.07405049896240234, 0.4747857666015625, 0.028290050667709676, 0.04069648054283781, 0.301632856328793, [[0.9540620446205139, -0.29586198925971985, 0.04723615199327469], [0.29683375358581543, 0.9548124670982361, -0.014927301555871964], [-0.040685247629880905, 0.028262855485081673, 0.9987722039222717]]], [0.0008790106773376465, -0.08006285095214843, 0.4765199890136719, 0.004156866859486019, 0.03455094738244879, 0.29555570678771786, [[0.9560694694519043, -0.2911316156387329, 0.034256745129823685], [0.2910976707935333, 0.9566739797592163, 0.006085001863539219], [-0.034544073045253754, 0.00415437389165163, 0.9993945360183716]]], [0.0007561458349227906, -0.08236614227294922, 0.47818722534179686, 0.039782043681734214, 0.05924310981102998, 0.28474945550374453, [[0.9580483436584473, -0.27843475341796875, 0.06795180588960648], [0.28042417764663696, 0.9596342444419861, -0.021550528705120087], [-0.0592084601521492, 0.03970177844166756, 0.9974558353424072]]], [0.0006568955779075623, -0.0824997787475586, 0.47979119873046877, 0.020259825214519078, 0.05616939800428167, 0.2921688612913073, [[0.9561111927032471, -0.28688162565231323, 0.05958474054932594], [0.2875756025314331, 0.9577524662017822, -0.0032332767732441425], [-0.05613986775279045, 0.02022648975253105, 0.9982179999351501]]], [0.0025648245811462403, -0.08802135467529297, 0.47995709228515626, 0.006459736534344895, 0.05475679530366051, 0.2817762688656894, [[0.9591233730316162, -0.27771690487861633, 0.05436617508530617], [0.2776455581188202, 0.9606413245201111, 0.009012934751808643], [-0.054729435592889786, 0.006450009997934103, 0.9984803795814514]]], [0.005529492378234863, -0.08854584503173828, 0.4811217651367187, 0.03045373103510221, 0.06780569043552842, 0.27202299831413, [[0.9610158801078796, -0.2665688395500183, 0.0734131932258606], [0.26806318759918213, 0.9633370041847229, -0.011133716441690922], [-0.06775374710559845, 0.030379055067896843, 0.9972394704818726]]], [0.007838159084320069, -0.08946240234375, 0.4809927673339844, 0.03137471913943869, 0.07597984389766177, 0.26733994902534747, [[0.9616944193840027, -0.26174023747444153, 0.0814610943198204], [0.2634046673774719, 0.9646313786506653, -0.010213051922619343], [-0.07590676099061966, 0.0312790684401989, 0.9966241717338562]]], [0.010703819274902344, -0.09266564178466796, 0.4819512939453125, 0.00483594024523909, 0.07150971594195554, 0.2683875999451484, [[0.9617354869842529, -0.26484084129333496, 0.07017246633768082], [0.26449939608573914, 0.9642800688743591, 0.014283566735684872], [-0.07144878804683685, 0.0048235622234642506, 0.9974325895309448]]], [0.016907533645629882, -0.09291148376464843, 0.4837651672363281, 0.01854130598658102, 0.07896220705735724, 0.2796658651252242, [[0.9581528902053833, -0.2745814323425293, 0.08092021942138672], [0.27517440915107727, 0.9613862037658691, 0.003949996083974838], [-0.078880175948143, 0.018482474610209465, 0.9967127442359924]]], [0.019254396438598633, -0.09041233825683594, 0.4851929931640625, 0.017503817307511854, 0.08769704610923434, 0.28267433750894344, [[0.9566225409507751, -0.27740997076034546, 0.08897781372070312], [0.27785295248031616, 0.9605934023857117, 0.007617516443133354], [-0.08758468180894852, 0.01743566058576107, 0.9960044622421265]]], [0.0243256778717041, -0.09265859985351563, 0.48746527099609377, -0.008586473999665459, 0.07957626246171468, 0.2583521978155404, [[0.963752806186676, -0.25613826513290405, 0.07465758919715881], [0.25467929244041443, 0.9666022658348083, 0.028609970584511757], [-0.07949230819940567, -0.008559197187423706, 0.9967987537384033]]], [0.031217166900634766, -0.09190628814697266, 0.4905461120605469, 0.009222622943401038, 0.07468875272854114, 0.26760193555694495, [[0.9617190957069397, -0.2637445628643036, 0.07439900934696198], [0.2636823058128357, 0.9645487070083618, 0.010835723020136356], [-0.07461933046579361, 0.009196780622005463, 0.9971696734428406]]], [0.036220947265625, -0.08974002075195313, 0.4929272766113281, 0.036963263580012215, 0.08104526380064736, 0.26741832011067534, [[0.9612905979156494, -0.2611764967441559, 0.08779077976942062], [0.26337507367134094, 0.9645880460739136, -0.014263789169490337], [-0.08095657080411911, 0.03683354705572128, 0.9960368275642395]]], [0.040868106842041015, -0.0895188217163086, 0.4958788757324219, -0.0023117603708038836, 0.07470501637922777, 0.25677652989220096, [[0.9645159840583801, -0.2541303038597107, 0.07160122692584991], [0.2532557547092438, 0.9671672582626343, 0.021190663799643517], [-0.07463555037975311, -0.002305310219526291, 0.9972082376480103]]], [0.046731666564941404, -0.0900032730102539, 0.49804058837890625, 0.032824482463148286, 0.07363527298994765, 0.2745002440408338, [[0.9599524140357971, -0.2685958743095398, 0.07967224717140198], [0.27033138275146484, 0.9626967310905457, -0.01165864709764719], [-0.07356874644756317, 0.032729655504226685, 0.996752917766571]]], [0.05228542709350586, -0.08797731018066406, 0.5011060180664062, 0.03900070839328902, 0.07243650254145195, 0.25782776625064036, [[0.9644104242324829, -0.252058207988739, 0.07986965030431747], [0.25431206822395325, 0.9669303894042969, -0.019262293353676796], [-0.0723731741309166, 0.03888857364654541, 0.9966191649436951]]], [0.05681230163574219, -0.08820631408691407, 0.5043218994140625, 0.0007835461719374048, 0.047169308641680896, 0.2646395782394094, [[0.9641132950782776, -0.2615256607532501, 0.045715246349573135], [0.2612704932689667, 0.9651961922645569, 0.011576823890209198], [-0.04715181887149811, 0.0007826743531040847, 0.9988874197006226]]], [0.061894294738769534, -0.0876128692626953, 0.5069352416992188, 0.03796559180207873, 0.06192914186390497, 0.2593390767961784, [[0.9647067785263062, -0.2539864480495453, 0.06951047480106354], [0.2559501826763153, 0.9664655923843384, -0.020827561616897583], [-0.061889566481113434, 0.037883710116147995, 0.997363805770874]]], [0.06601821899414062, -0.08611177825927735, 0.5086991271972656, 0.019187229812375764, 0.056360331971052835, 0.2602902575692864, [[0.9647809863090515, -0.25626930594444275, 0.059360746294260025], [0.2569524049758911, 0.9664155840873718, -0.004045169334858656], [-0.056330498307943344, 0.019155588001012802, 0.9982283711433411]]], [0.0721466064453125, -0.08683811950683594, 0.5113429260253907, 0.004571174783681964, 0.049869836587532745, 0.27220245100956225, [[0.9619836211204529, -0.2686311602592468, 0.04924224689602852], [0.26851919293403625, 0.9632322788238525, 0.008999126963317394], [-0.049849167466163635, 0.004565475974231958, 0.9987463355064392]]], [0.07606523895263671, -0.08542736053466797, 0.5124520874023437, 0.03616396452623784, 0.05613792540475293, 0.256528211416019, [[0.965752899646759, -0.25159573554992676, 0.06341056525707245], [0.2533242106437683, 0.9671589732170105, -0.02074619010090828], [-0.056108444929122925, 0.03609912469983101, 0.9977718591690063]]], [0.0809615478515625, -0.08353926849365234, 0.5137993774414062, 0.03398299476051882, 0.05795962996758108, 0.24764010265396985, [[0.9678655862808228, -0.24306710064411163, 0.06445580720901489], [0.24470514059066772, 0.9694162607192993, -0.018749229609966278], [-0.05792718380689621, 0.033919401466846466, 0.9977444410324097]]], [0.08499153137207031, -0.08227972412109374, 0.5154093627929688, -0.008464932412531156, 0.04810102117782611, 0.24655724393564438, [[0.9686367511749268, -0.24445272982120514, 0.04456073045730591], [0.24378447234630585, 0.9696243405342102, 0.019943755120038986], [-0.04808247461915016, -0.008455040864646435, 0.9988076090812683]]], [0.08829006958007812, -0.08341355895996094, 0.5162249755859375, 0.027220753439957363, 0.059533728978798495, 0.23475678163157457, [[0.9708479046821594, -0.23094528913497925, 0.06417608261108398], [0.23219436407089233, 0.9725873470306396, -0.012636221013963223], [-0.05949856713414192, 0.02716917358338833, 0.9978585839271545]]], [0.09139360046386719, -0.080522705078125, 0.5182673950195312, 0.017430427318491107, 0.04402217859449142, 0.24563242381388234, [[0.9690439701080322, -0.24238885939121246, 0.04691886156797409], [0.2429342269897461, 0.9700229167938232, -0.006206592544913292], [-0.044007960706949234, 0.017412658780813217, 0.9988794326782227]]], [0.09453067016601563, -0.08199563598632813, 0.519817138671875, -0.0018021955152631858, 0.03847091624629284, 0.24642941035990723, [[0.9690720438957214, -0.24400962889194489, 0.036859799176454544], [0.2437622994184494, 0.969771146774292, 0.01113012246787548], [-0.03846142813563347, -0.0018008612096309662, 0.9992584586143494]]], [0.09897294616699219, -0.08006229400634765, 0.52326904296875, 0.020172442766059145, 0.052872082835033085, 0.2509564537739235, [[0.9673216938972473, -0.24724744260311127, 0.05619070306420326], [0.24798354506492615, 0.9687429666519165, -0.006418255623430014], [-0.05284745246171951, 0.02014288678765297, 0.9983994364738464]]], [0.1007939453125, -0.0755716552734375, 0.5256585693359375, 0.00038954695329151967, 0.052889213762320475, 0.23795574090886984, [[0.9704629778862, -0.2356964349746704, 0.05146675556898117], [0.23538686335086823, 0.9718266725540161, 0.012082476168870926], [-0.05286455899477005, 0.0003890023799613118, 0.9986016154289246]]], [0.1053216552734375, -0.07348912048339844, 0.5311761474609376, -0.025621260603439375, 0.07668233527746371, 0.24693035959758985, [[0.9668177962303162, -0.24625138938426971, 0.06799723953008652], [0.24371029436588287, 0.9688693284988403, 0.043560225516557693], [-0.07660720497369766, -0.025543173775076866, 0.996734082698822]]], [0.10873808288574219, -0.07023139953613282, 0.5349506225585937, -0.003596030216332438, 0.06284643360059117, 0.2426870186875047, [[0.968779444694519, -0.24052944779396057, 0.06010005623102188], [0.23983734846115112, 0.9706352353096008, 0.01858334429562092], [-0.06280507147312164, -0.003588923020288348, 0.9980193376541138]]], [0.11252120208740235, -0.06507340240478515, 0.5389904174804687, 0.002799316497958046, 0.06898424859181929, 0.24056717849589898, [[0.9688930511474609, -0.2380651831626892, 0.06761126965284348], [0.23768682777881622, 0.9712451696395874, 0.013703941367566586], [-0.06892954558134079, 0.0027926547918468714, 0.9976176023483276]]], [0.11810942077636719, -0.0649163818359375, 0.5432151489257813, -0.0017376842301205508, 0.07259707510539948, 0.2586029355366985, [[0.9642017483711243, -0.2558516561985016, 0.069676972925663], [0.25505658984184265, 0.9667145013809204, 0.020228834822773933], [-0.07253332436084747, -0.00173310621175915, 0.9973644614219666]]], [0.12342448425292969, -0.06234661865234375, 0.5456497192382812, 0.03953924861275766, 0.07559448147018744, 0.23696496557004693, [[0.9692788124084473, -0.2316681146621704, 0.08263420313596725], [0.23408305644989014, 0.971996009349823, -0.020708993077278137], [-0.07552250474691391, 0.039416056126356125, 0.9963647723197937]]], [0.1295283660888672, -0.05778497695922852, 0.5481796264648438, 0.037642933605189194, 0.08593743263575249, 0.23502692524262478, [[0.9689191579818726, -0.22956281900405884, 0.09217669069766998], [0.23200979828834534, 0.9725713729858398, -0.016626015305519104], [-0.08583169430494308, 0.03749516233801842, 0.9956038594245911]]], [0.13554783630371095, -0.055749141693115234, 0.550294677734375, -0.0018700044659411413, 0.07986616626341014, 0.2210769507693272, [[0.9725518226623535, -0.21942566335201263, 0.07742936909198761], [0.21858151257038116, 0.9756274223327637, 0.019318940117955208], [-0.07978128641843796, -0.0018640425987541676, 0.9968106746673584]]], [0.1423392333984375, -0.05150711059570313, 0.5526311645507812, 0.033669520057394556, 0.098604731567562, 0.23026149789807165, [[0.9688774347305298, -0.224876269698143, 0.1034754291176796], [0.22712348401546478, 0.9738112688064575, -0.01031909603625536], [-0.09844502061605453, 0.033499639481306076, 0.99457848072052]]], [0.1487963409423828, -0.04362207794189453, 0.5533850708007813, -0.01576655988158196, 0.08556178175827789, 0.22010161333568162, [[0.9723053574562073, -0.21961645781993866, 0.07994326949119568], [0.21753010153770447, 0.9754598140716553, 0.03404105454683304], [-0.08545742183923721, -0.015708232298493385, 0.9962179660797119]]], [0.1564057922363281, -0.037289497375488284, 0.5553262939453125, -0.06547797140833035, 0.07831372322567609, 0.2363872455801045, [[0.969210684299469, -0.2386665940284729, 0.06057161092758179], [0.23347409069538116, 0.9689082503318787, 0.08189401030540466], [-0.07823369652032852, -0.06523065268993378, 0.9947987198829651]]], [0.16297215270996093, -0.031199802398681642, 0.5565411987304687, -0.01459756200139778, 0.08183218081356847, 0.22525670071541543, [[0.9714749455451965, -0.2244958132505417, 0.07640700787305832], [0.22260914742946625, 0.9743664264678955, 0.03248369321227074], [-0.08174087852239609, -0.014548196457326412, 0.9965474009513855]]], [0.17072393798828125, -0.02312381362915039, 0.5575604858398437, -0.014328872281215613, 0.08153507805446147, 0.20647581671936682, [[0.975507915019989, -0.20613299310207367, 0.07676916569471359], [0.20433077216148376, 0.9784197807312012, 0.030719468370079994], [-0.08144477009773254, -0.014280781149864197, 0.9965755343437195]]], [0.176660400390625, -0.022441877365112304, 0.5587323608398438, -0.021286566733592638, 0.06639838447846658, 0.21682191224921388, [[0.9744340777397156, -0.21645748615264893, 0.060202453285455704], [0.21465298533439636, 0.9760609865188599, 0.035056956112384796], [-0.06634960323572159, -0.0212380550801754, 0.9975703954696655]]], [0.18322900390625, -0.018038675308227538, 0.559951171875, 0.044188375049447934, 0.06666969773857923, 0.2153494206434956, [[0.9747315049171448, -0.21060529351234436, 0.07445746660232544], [0.21321405470371246, 0.9765770435333252, -0.02893153764307499], [-0.06662032008171082, 0.044075857847929, 0.996804416179657]]], [0.18913461303710938, -0.015546399116516113, 0.5600025634765625, 0.048784614511361665, 0.04971857300423266, 0.2155709872005156, [[0.9756473302841187, -0.21128329634666443, 0.05892118811607361], [0.21364091336727142, 0.9762106537818909, -0.03701853007078171], [-0.04969809204339981, 0.04870500788092613, 0.9975759983062744]]], [0.1947220458984375, -0.016581539154052735, 0.5600761108398438, 0.05930521404436748, 0.04737889925314809, 0.21171788304175024, [[0.9765742421150208, -0.20702585577964783, 0.05867733806371689], [0.20990392565727234, 0.9765424728393555, -0.048012059181928635], [-0.04736117646098137, 0.059203945100307465, 0.9971217513084412]]], [0.20055992126464844, -0.010550420761108398, 0.5618802490234375, 0.0656248781408012, 0.0394790797213076, 0.21238673875382635, [[0.9767689108848572, -0.20780974626541138, 0.05232231318950653], [0.21062935888767242, 0.9759719967842102, -0.055802423506975174], [-0.03946882486343384, 0.06552668660879135, 0.9970699548721313]]], [0.20523770141601563, -0.007134552478790283, 0.5633135986328125, -0.003803786021949432, 0.05028989894501534, 0.23940046170314955, [[0.9702520966529846, -0.23730427026748657, 0.04793275147676468], [0.23682044446468353, 0.9714279174804688, 0.015614934265613556], [-0.05026870220899582, -0.003798968158662319, 0.9987285137176514]]], [0.2100628204345703, -0.0038710410594940186, 0.5643140869140625, -0.009732043139202978, 0.03334913955164165, 0.22381909439903327, [[0.9745147228240967, -0.2222609519958496, 0.030349699780344963], [0.22183164954185486, 0.974938690662384, 0.016889434307813644], [-0.033342957496643066, -0.009726477786898613, 0.9993966221809387]]], [0.21484933471679687, 0.0024109177589416502, 0.5657951049804687, -0.016890420436022, 0.03321120047876591, 0.2106899700007544, [[0.9773476123809814, -0.20965325832366943, 0.028933990746736526], [0.20901933312416077, 0.977630078792572, 0.023459481075406075], [-0.033205095678567886, -0.016880303621292114, 0.9993060231208801]]], [0.21819981384277343, 0.009512858390808105, 0.566737548828125, -0.04821141831523933, 0.0375579668668482, 0.21780737244691167, [[0.9756850600242615, -0.2176050841808319, 0.026205450296401978], [0.21593692898750305, 0.9748480916023254, 0.05515866354107857], [-0.03754913806915283, -0.048158757388591766, 0.998133659362793]]], [0.22154655456542968, 0.010987419128417969, 0.56823193359375, -0.021732603742729464, 0.03476445272677853, 0.2161285985348269, [[0.9761448502540588, -0.21513700485229492, 0.029280614107847214], [0.2143203318119049, 0.9763423800468445, 0.02867729589343071], [-0.034757450222969055, -0.02171776257455349, 0.9991597533226013]]], [0.22154655456542968, 0.010987419128417969, 0.56823193359375, -0.021732603742729464, 0.03476445272677853, 0.2161285985348269, [[0.9761448502540588, -0.21513700485229492, 0.029280614107847214], [0.2143203318119049, 0.9763423800468445, 0.02867729589343071], [-0.034757450222969055, -0.02171776257455349, 0.9991597533226013]]], [0.22896670532226562, 0.019808500289916993, 0.5747774047851563, 0.0012761012340707