{
    "amplitude": 0.08853568610375963,
    "frequency": 0.022150623741708786,
    "seed": 1762035873,
    "time_interval": 0.05,
    "pid_gains": {
        "pid_rate": {
            "roll_kp": "50.0",
            "roll_ki": "0.0",
            "roll_kd": "0.0",
            "pitch_kp": "50.0",
            "pitch_ki": "0.0",
            "pitch_kd": "0.0",
            "yaw_kp": "80.0",
            "yaw_ki": "0.0",
            "yaw_kd": "0.0"
        },
        "pid_attitude": {
            "roll_kp": "6.0",
            "roll_ki": "0.0",
            "roll_kd": "0.20000000298023224",
            "pitch_kp": "6.0",
            "pitch_ki": "0.0",
            "pitch_kd": "1.0",
            "yaw_kp": "10.0",
            "yaw_ki": "0.0",
            "yaw_kd": "0.3499999940395355"
        },
        "velCtlPid": {
            "vxKp": "15.0",
            "vxKi": "1.0",
            "vxKd": "0.0",
            "vyKp": "10.0",
            "vyKi": "1.0",
            "vyKd": "0.0",
            "vzKp": "12.5",
            "vzKi": "0.5",
            "vzKd": "0.0"
        },
        "posCtlPid": {
            "xKp": "1.5",
            "xKi": "0.0",
            "xKd": "0.0",
            "yKp": "1.5",
            "yKi": "0.0",
            "yKd": "0.0",
            "zKp": "5.0",
            "zKi": "0.5",
            "zKd": "0.0"
        }
    },
    "pose": [
        [
            -0.00850295066833496,
            0.014238777160644532,
            0.2622175598144531,
            0.013893254523535181,
            0.060123644550874156,
            0.7092618377909149,
            [
                [
                    0.7574716806411743,
                    -0.6505774855613708,
                    0.05464053526520729
                ],
                [
                    0.6500970125198364,
                    0.7593132853507996,
                    0.028587132692337036
                ],
                [
                    -0.060087427496910095,
                    0.013867704197764397,
                    0.998096764087677
                ]
            ]
        ],
        [
            -0.008601265907287598,
            0.01419562530517578,
            0.26220285034179686,
            0.01435728498044797,
            0.06015591805889753,
            0.7070288608733554,
            [
                [
                    0.7589199542999268,
                    -0.6488544940948486,
                    0.055029816925525665
                ],
                [
                    0.648402750492096,
                    0.7607775330543518,
                    0.028132954612374306
                ],
                [
                    -0.060119643807411194,
                    0.014330822974443436,
                    0.9980883002281189
                ]
            ]
        ],
        [
            -0.008496278762817383,
            0.01424072551727295,
            0.26218228149414063,
            0.01295859659237203,
            0.06059908339986997,
            0.7140283222546089,
            [
                [
                    0.7543427348136902,
                    -0.654235303401947,
                    0.0542508065700531
                ],
                [
                    0.6536813378334045,
                    0.7561804056167603,
                    0.02986479364335537
                ],
                [
                    -0.060561999678611755,
                    0.012934448197484016,
                    0.9980806112289429
                ]
            ]
        ],
        [
            -0.008082736015319824,
            0.013634345054626466,
            0.2623165283203125,
            0.02106794688498337,
            0.058446185614186685,
            0.8750957060761063,
            [
                [
                    0.6398290395736694,
                    -0.7666457891464233,
                    0.053600557148456573
                ],
                [
                    0.7662941813468933,
                    0.6417257189750671,
                    0.03132614493370056
                ],
                [
                    -0.05841291695833206,
                    0.02103041671216488,
                    0.9980709552764893
                ]
            ]
        ],
        [
            -0.009675359725952149,
            0.014532747268676758,
            0.2623106689453125,
            0.015163256031921646,
            0.05586426572489023,
            0.9147016453476062,
            [
                [
                    0.6090753674507141,
                    -0.7917730808258057,
                    0.04607168212532997
                ],
                [
                    0.7911444902420044,
                    0.6106277108192444,
                    0.03498801216483116
                ],
                [
                    -0.055835213512182236,
                    0.015139020048081875,
                    0.9983252286911011
                ]
            ]
        ],
        [
            -0.01163142490386963,
            0.015773963928222657,
            0.2660191345214844,
            -0.005358122422613132,
            0.04991824360101216,
            0.9009531252830019,
            [
                [
                    0.6200897097587585,
                    -0.7840737700462341,
                    0.02677876688539982
                ],
                [
                    0.782942533493042,
                    0.6206445693969727,
                    0.04244169592857361
                ],
                [
                    -0.049897514283657074,
                    -0.00535142095759511,
                    0.998740017414093
                ]
            ]
        ],
        [
            -0.009585926055908203,
            0.017538291931152344,
            0.2772351684570312,
            0.0073223887088292305,
            0.016368356302287834,
            0.708460085524188,
            [
                [
                    0.7592630386352539,
                    -0.650556743144989,
                    0.01719304546713829
                ],
                [
                    0.6505780220031738,
                    0.7594223618507385,
                    0.005089244339615107
                ],
                [
                    -0.016367625445127487,
                    0.0073213423602283,
                    0.9998392462730408
                ]
            ]
        ],
        [
            -0.013075126647949218,
            0.01886827278137207,
            0.299616943359375,
            -0.012307614120197818,
            0.037637307629038164,
            0.4956006853257037,
            [
                [
                    0.8790602087974548,
                    -0.4759315252304077,
                    0.027245720848441124
                ],
                [
                    0.4752233624458313,
                    0.879396378993988,
                    0.02871975116431713
                ],
                [
                    -0.037628423422575,
                    -0.012298587709665298,
                    0.9992161393165588
                ]
            ]
        ],
        [
            -0.01876840400695801,
            0.020664539337158203,
            0.32213262939453124,
            -0.023030334147380482,
            -0.012692723976234221,
            0.40306042198616737,
            [
                [
                    0.9197908043861389,
                    -0.3918624818325043,
                    -0.020704694092273712
                ],
                [
                    0.39220374822616577,
                    0.9197356104850769,
                    0.016205841675400734
                ],
                [
                    0.012692383490502834,
                    -0.023026444017887115,
                    0.9996542930603027
                ]
            ]
        ],
        [
            -0.02254817771911621,
            0.021402059555053712,
            0.34183465576171873,
            -0.002444712941939181,
            -0.0148853989246589,
            0.3878457856007148,
            [
                [
                    0.92562335729599,
                    -0.3781602680683136,
                    -0.014703826978802681
                ],
                [
                    0.3781531751155853,
                    0.9257369041442871,
                    -0.003366227960214019
                ],
                [
                    0.014884849078953266,
                    -0.0024444395676255226,
                    0.9998862147331238
                ]
            ]
        ],
        [
            -0.029219743728637695,
            0.019498994827270508,
            0.3612750244140625,
            0.018206444311841846,
            -0.019120079498803566,
            0.32543587520023254,
            [
                [
                    0.9473382830619812,
                    -0.3199986219406128,
                    -0.012291712686419487
                ],
                [
                    0.3196633756160736,
                    0.9472431540489197,
                    -0.023361582309007645
                ],
                [
                    0.019118914380669594,
                    0.01820211112499237,
                    0.9996514916419983
                ]
            ]
        ],
        [
            -0.03413706588745117,
            0.01886693000793457,
            0.3762030944824219,
            0.07665959903590709,
            -0.012512069816207338,
            0.30807335396207514,
            [
                [
                    0.9528449773788452,
                    -0.30324581265449524,
                    0.01133454404771328
                ],
                [
                    0.30319952964782715,
                    0.9498303532600403,
                    -0.07676161080598831
                ],
                [
                    0.012511743232607841,
                    0.0765785425901413,
                    0.9969850182533264
                ]
            ]
        ],
        [
            -0.04102372360229492,
            0.015810230255126952,
            0.3872126159667969,
            0.04130832814411278,
            -0.00900504630376453,
            0.3121530095491506,
            [
                [
                    0.9516359567642212,
                    -0.30720022320747375,
                    0.004120076075196266
                ],
                [
                    0.30709585547447205,
                    0.9507485032081604,
                    -0.042064033448696136
                ],
                [
                    0.009004924446344376,
                    0.04129490628838539,
                    0.9991064071655273
                ]
            ]
        ],
        [
            -0.046183494567871096,
            0.011695477485656738,
            0.39734835815429687,
            0.060663698425482485,
            -0.020292336563727975,
            0.30684582274670796,
            [
                [
                    0.9530947804450989,
                    -0.3026703894138336,
                    -0.000995159731246531
                ],
                [
                    0.3019911050796509,
                    0.9511659145355225,
                    -0.06391236931085587
                ],
                [
                    0.02029094472527504,
                    0.06061401590704918,
                    0.9979550242424011
                ]
            ]
        ],
        [
            -0.05181560134887695,
            0.0055339884757995604,
            0.40173309326171874,
            0.06590206136275778,
            -0.00039101788673057136,
            0.2740983504601977,
            [
                [
                    0.9626695513725281,
                    -0.27011626958847046,
                    0.017449794337153435
                ],
                [
                    0.2706790268421173,
                    0.9605729579925537,
                    -0.06350161135196686
                ],
                [
                    0.0003910179657395929,
                    0.06585436314344406,
                    0.9978291392326355
                ]
            ]
        ],
        [
            -0.0562831916809082,
            0.00030850958824157714,
            0.4050247497558594,
            0.07526076461131789,
            0.0056265550213903115,
            0.2868325390121993,
            [
                [
                    0.9591296315193176,
                    -0.2817089557647705,
                    0.026653725653886795
                ],
                [
                    0.28291112184524536,
                    0.9565494060516357,
                    -0.07053051888942719
                ],
                [
                    -0.0056265247985720634,
                    0.075188547372818,
                    0.9971534609794617
                ]
            ]
        ],
        [
            -0.06076063919067383,
            -0.0058999452590942384,
            0.4066872863769531,
            0.05062876898465621,
            0.004777475014549948,
            0.3021242972715664,
            [
                [
                    0.9546956419944763,
                    -0.29693686962127686,
                    0.019613327458500862
                ],
                [
                    0.29754555225372314,
                    0.953555166721344,
                    -0.04689526557922363
                ],
                [
                    -0.004777456633746624,
                    0.050606563687324524,
                    0.9987072348594666
                ]
            ]
        ],
        [
            -0.06448973083496094,
            -0.013956513404846192,
            0.4053498229980469,
            0.05496211766887976,
            0.006292963683526276,
            0.27900888495059695,
            [
                [
                    0.9613098502159119,
                    -0.2746548056602478,
                    0.021169545128941536
                ],
                [
                    0.27539753913879395,
                    0.9599724411964417,
                    -0.05107960104942322
                ],
                [
                    -0.006292921956628561,
                    0.05493336170911789,
                    0.9984701871871948
                ]
            ]
        ],
        [
            -0.06700958251953125,
            -0.021048025131225587,
            0.4060164794921875,
            0.04799748246628688,
            0.015808825728033105,
            0.2770637637094747,
            [
                [
                    0.9617425203323364,
                    -0.2724880278110504,
                    0.028311610221862793
                ],
                [
                    0.27349838614463806,
                    0.9609624743461609,
                    -0.04183019697666168
                ],
                [
                    -0.015808166936039925,
                    0.04797305911779404,
                    0.9987235069274902
                ]
            ]
        ],
        [
            -0.06969251251220702,
            -0.02853048324584961,
            0.4043907165527344,
            0.006139998732772822,
            0.021303695197085748,
            0.28436075601162486,
            [
                [
                    0.959623396396637,
                    -0.28041312098503113,
                    0.022168761119246483
                ],
                [
                    0.2804802656173706,
                    0.9598597884178162,
                    8.267108933068812e-05
                ],
                [
                    -0.021302083507180214,
                    0.006138566881418228,
                    0.9997542500495911
                ]
            ]
        ],
        [
            -0.07142755126953125,
            -0.035089244842529295,
            0.4029356384277344,
            -0.0003660583278237428,
            0.03349132326524451,
            0.264127618825836,
            [
                [
                    0.964779257774353,
                    -0.2610790431499481,
                    0.0322282537817955
                ],
                [
                    0.26092085242271423,
                    0.9653173685073853,
                    0.009095216169953346
                ],
                [
                    -0.033485062420368195,
                    -0.00036585284397006035,
                    0.9994391798973083
                ]
            ]
        ],
        [
            -0.07258838653564453,
            -0.040807106018066405,
            0.40266876220703124,
            0.003312929615807078,
            0.03743301541424238,
            0.25214422502395145,
            [
                [
                    0.9677013158798218,
                    -0.24935951828956604,
                    0.037067219614982605
                ],
                [
                    0.24930618703365326,
                    0.9684053063392639,
                    0.006128424312919378
                ],
                [
                    -0.037424273788928986,
                    0.0033106026239693165,
                    0.9992939829826355
                ]
            ]
        ],
        [
            -0.0731487808227539,
            -0.045468128204345704,
            0.40150225830078123,
            -0.04550310427544159,
            0.04839930187754771,
            0.26736960753122724,
            [
                [
                    0.9633397459983826,
                    -0.2660444676876068,
                    0.0345955491065979
                ],
                [
                    0.263886034488678,
                    0.9628894329071045,
                    0.05663985013961792
                ],
                [
                    -0.04838040843605995,
                    -0.0454341359436512,
                    0.9977951049804688
                ]
            ]
        ],
        [
            -0.07182491302490235,
            -0.04961091613769531,
            0.40027557373046874,
            -0.035369661030194136,
            0.05976383986663514,
            0.26516675473303886,
            [
                [
                    0.9633258581161499,
                    -0.2639445960521698,
                    0.048337243497371674
                ],
                [
                    0.2616023123264313,
                    0.9638916850090027,
                    0.04976954311132431
                ],
                [
                    -0.059728268533945084,
                    -0.035299152135849,
                    0.9975903630256653
                ]
            ]
        ],
        [
            -0.07035821533203125,
            -0.0510578498840332,
            0.4000907592773438,
            -0.02769562912574139,
            0.07350364317919333,
            0.22580217837681868,
            [
                [
                    0.9719831943511963,
                    -0.22578440606594086,
                    0.0653458684682846
                ],
                [
                    0.22328370809555054,
                    0.9737857580184937,
                    0.04342460259795189
                ],
                [
                    -0.07343747466802597,
                    -0.0276173148304224,
                    0.9969173669815063
                ]
            ]
        ],
        [
            -0.06865371704101562,
            -0.048880199432373046,
            0.39962918090820315,
            -0.08014627569072284,
            0.07015386332771012,
            0.2366460449039035,
            [
                [
                    0.9697385430335999,
                    -0.23914645612239838,
                    0.04915433004498482
                ],
                [
                    0.23386679589748383,
                    0.967693567276001,
                    0.09421007335186005
                ],
                [
                    -0.07009633630514145,
                    -0.07986357063055038,
                    0.9943381547927856
                ]
            ]
        ],
        [
            -0.06401554870605469,
            -0.050533668518066406,
            0.39885601806640625,
            -0.04372498440266634,
            0.08726434308652964,
            0.22372937346051405,
            [
                [
                    0.9713665246963501,
                    -0.2253701537847519,
                    0.07520219683647156
                ],
                [
                    0.2210233509540558,
                    0.9732996225357056,
                    0.06193971633911133
                ],
                [
                    -0.08715362846851349,
                    -0.04354472830891609,
                    0.995242714881897
                ]
            ]
        ],
        [
            -0.05897939682006836,
            -0.04821751785278321,
            0.39943450927734375,
            -0.023605586619692726,
            0.10468069904478816,
            0.226268949857406,
            [
                [
                    0.9691756963729858,
                    -0.2266840934753418,
                    0.09650257229804993
                ],
                [
                    0.22311508655548096,
                    0.9736854434013367,
                    0.046436749398708344
                ],
                [
                    -0.10448962450027466,
                    -0.023474188521504402,
                    0.9942489266395569
                ]
            ]
        ],
        [
            -0.05392345809936523,
            -0.046552238464355467,
            0.4001046142578125,
            -0.041911754804364126,
            0.11075888439618042,
            0.21491125602226754,
            [
                [
                    0.9710087776184082,
                    -0.21759817004203796,
                    0.09895945340394974
                ],
                [
                    0.21195396780967712,
                    0.9751496911048889,
                    0.06448715925216675
                ],
                [
                    -0.11053256690502167,
                    -0.04164274409413338,
                    0.9929997324943542
                ]
            ]
        ],
        [
            -0.046932979583740236,
            -0.045109745025634765,
            0.40031903076171876,
            -0.0010480789498931442,
            0.1152195693143725,
            0.21655228092300893,
            [
                [
                    0.9701684713363647,
                    -0.21498127281665802,
                    0.11205443739891052
                ],
                [
                    0.21343907713890076,
                    0.9766176342964172,
                    0.02572535164654255
                ],
                [
                    -0.1149648055434227,
                    -0.001041129231452942,
                    0.9933690428733826
                ]
            ]
        ],
        [
            -0.038799705505371096,
            -0.04163479995727539,
            0.40167779541015625,
            0.013618436255821181,
            0.12250202326054893,
            0.2038985323081972,
            [
                [
                    0.9719458818435669,
                    -0.20084026455879211,
                    0.12241092324256897
                ],
                [
                    0.20097118616104126,
                    0.9795307517051697,
                    0.011405065655708313
                ],
                [
                    -0.12219586223363876,
                    0.013515962287783623,
                    0.9924139976501465
                ]
            ]
        ],
        [
            -0.030216867446899415,
            -0.041112564086914063,
            0.40331192016601564,
            -0.015266737632055577,
            0.1138811987087176,
            0.20705679253117626,
            [
                [
                    0.9723011255264282,
                    -0.20725421607494354,
                    0.10805660486221313
                ],
                [
                    0.2042488157749176,
                    0.9781695604324341,
                    0.03829851746559143
                ],
                [
                    -0.11363520473241806,
                    -0.015167259611189365,
                    0.9934067726135254
                ]
            ]
        ],
        [
            -0.02103733444213867,
            -0.04067129516601563,
            0.40474090576171873,
            0.030248148028114263,
            0.10116584440265308,
            0.2103923622110269,
            [
                [
                    0.9729489088058472,
                    -0.20576104521751404,
                    0.10503736138343811
                ],
                [
                    0.20777583122253418,
                    0.9781395792961121,
                    -0.008494463749229908
                ],
                [
                    -0.10099336504936218,
                    0.03008890338242054,
                    0.9944319725036621
                ]
            ]
        ],
        [
            -0.01119614315032959,
            -0.037040809631347656,
            0.40722027587890625,
            0.034028379169803225,
            0.09549909849372762,
            0.22218852701056302,
            [
                [
                    0.9709729552268982,
                    -0.21707293391227722,
                    0.10045333206653595
                ],
                [
                    0.21936076879501343,
                    0.9755676984786987,
                    -0.012184962630271912
                ],
                [
                    -0.09535400569438934,
                    0.03386678919196129,
                    0.9948671460151672
                ]
            ]
        ],
        [
            -0.0028823118209838866,
            -0.03606499481201172,
            0.41056024169921873,
            -0.01277214977376831,
            0.06455622430095298,
            0.2225294222493446,
            [
                [
                    0.973310649394989,
                    -0.2214829921722412,
                    0.0600968562066555
                ],
                [
                    0.22023765742778778,
                    0.9750809669494629,
                    0.02669321373105049
                ],
                [
                    -0.06451139599084854,
                    -0.012745198793709278,
                    0.9978355765342712
                ]
            ]
        ],
        [
            0.007996467590332032,
            -0.0357843132019043,
            0.41337435913085935,
            0.03066499469557281,
            0.06552165861268233,
            0.2126561296579254,
            [
                [
                    0.975376307964325,
                    -0.20899546146392822,
                    0.07044084370136261
                ],
                [
                    0.21060405671596527,
                    0.9774379134178162,
                    -0.01615711860358715
                ],
                [
                    -0.06547478586435318,
                    0.030594399198889732,
                    0.9973850846290588
                ]
            ]
        ],
        [
            0.016665563583374024,
            -0.03080204391479492,
            0.41566311645507814,
            0.008209044329935702,
            0.06262968854031259,
            0.2149285766641023,
            [
                [
                    0.9750761389732361,
                    -0.21276849508285522,
                    0.06289741396903992
                ],
                [
                    0.21285949647426605,
                    0.977068305015564,
                    0.005328254774212837
                ],
                [
                    -0.06258875131607056,
                    0.008192857727408409,
                    0.998005747795105
                ]
            ]
        ],
        [
            0.024582656860351562,
            -0.02800764846801758,
            0.41890524291992187,
            -0.031022877753890926,
            0.05360810661323434,
            0.2033969309072891,
            [
                [
                    0.9779791235923767,
                    -0.20352795720100403,
                    0.04618710279464722
                ],
                [
                    0.20170721411705017,
                    0.9785791039466858,
                    0.041196804493665695
                ],
                [
                    -0.053582433611154556,
                    -0.030973343178629875,
                    0.9980829358100891
                ]
            ]
        ],
        [
            0.033138980865478514,
            -0.02715214729309082,
            0.420695556640625,
            -0.0012079304984820433,
            0.04810631364556128,
            0.20707501938495748,
            [
                [
                    0.977504312992096,
                    -0.20565497875213623,
                    0.04681205376982689
                ],
                [
                    0.20536044239997864,
                    0.9786238074302673,
                    0.011068878695368767
                ],
                [
                    -0.04808776080608368,
                    -0.0012065328191965818,
                    0.9988423585891724
                ]
            ]
        ],
        [
            0.040680110931396486,
            -0.02043735694885254,
            0.4220819702148437,
            -0.014680962342267748,
            0.046041378773759245,
            0.22140050775587877,
            [
                [
                    0.9745569825172424,
                    -0.22023166716098785,
                    0.041673075407743454
                ],
                [
                    0.21936345100402832,
                    0.9753373265266418,
                    0.024427946656942368
                ],
                [
                    -0.0460251122713089,
                    -0.014664878137409687,
                    0.998832643032074
                ]
            ]
        ],
        [
            0.04632114791870117,
            -0.017426740646362304,
            0.42466207885742185,
            -0.04616237762897771,
            0.04691572352315254,
            0.20849181675072795,
            [
                [
                    0.9772676825523376,
                    -0.2088814228773117,
                    0.0362825021147728
                ],
                [
                    0.2067568600177765,
                    0.9768540263175964,
                    0.054843585938215256
                ],
                [
                    -0.04689851403236389,
                    -0.04609520733356476,
                    0.9978355169296265
                ]
            ]
        ],
        [
            0.05431619262695313,
            -0.015118795394897461,
            0.42579766845703126,
            -0.007538851141735553,
            0.04645882591219186,
            0.2241500940728483,
            [
                [
                    0.9739313721656799,
                    -0.22261284291744232,
                    0.04360330104827881
                ],
                [
                    0.22203795611858368,
                    0.9748778343200684,
                    0.017672942951321602
                ],
                [
                    -0.04644211381673813,
                    -0.007530645001679659,
                    0.998892605304718
                ]
            ]
        ],
        [
            0.05997812271118164,
            -0.008997730255126953,
            0.42666473388671877,
            -0.013824262224995956,
            0.061675106009131175,
            0.20958222732539117,
            [
                [
                    0.9762582182884216,
                    -0.20886480808258057,
                    0.057405464351177216
                ],
                [
                    0.20765571296215057,
                    0.977847158908844,
                    0.026343554258346558
                ],
                [
                    -0.06163601204752922,
                    -0.013797538354992867,
                    0.9980033040046692
                ]
            ]
        ],
        [
            0.0650010986328125,
            -0.006292170524597168,
            0.4283048400878906,
            -0.02772074684402323,
            0.0555416594031668,
            0.18796465621198036,
            [
                [
                    0.9808717370033264,
                    -0.18829956650733948,
                    0.04933515191078186
                ],
                [
                    0.1865716427564621,
                    0.9817216396331787,
                    0.03759818524122238
                ],
                [
                    -0.055513106286525726,
                    -0.02767445519566536,
                    0.9980743527412415
                ]
            ]
        ],
        [
            0.07296973419189454,
            -0.001585689425468445,
            0.4299516906738281,
            0.01401355831520247,
            0.061571450313334886,
            0.19661293399846347,
            [
                [
                    0.978875458240509,
                    -0.19448381662368774,
                    0.06307857483625412
                ],
                [
                    0.1949784755706787,
                    0.9808059930801392,
                    -0.0017240005545318127
                ],
                [
                    -0.061532553285360336,
                    0.013986545614898205,
                    0.99800705909729
                ]
            ]
        ],
        [
            0.08154344940185547,
            0.006159812927246094,
            0.43077371215820315,
            0.010554969389536858,
            0.08099764905797446,
            0.2078917510631953,
            [
                [
                    0.975260317325592,
                    -0.205550417304039,
                    0.08134106546640396
                ],
                [
                    0.20572082698345184,
                    0.9785899519920349,
                    0.006370998453348875
                ],
                [
                    -0.0809091106057167,
                    0.010520169511437416,
                    0.9966659545898438
                ]
            ]
        ],
        [
            0.08609767150878907,
            0.008139404296875,
            0.4321351623535156,
            0.0004970183766168645,
            0.07449301146345433,
            0.19317946450444576,
            [
                [
                    0.9786770939826965,
                    -0.19194385409355164,
                    0.07313516736030579
                ],
                [
                    0.19144776463508606,
                    0.9814057946205139,
                    0.013800184242427349
                ],
                [
                    -0.0744241327047348,
                    0.000495640211738646,
                    0.9972265362739563
                ]
            ]
        ],
        [
            0.09600629425048827,
            0.01421873950958252,
            0.4334308776855469,
            0.028870958876666603,
            0.08703144357099091,
            0.1868201943702089,
            [
                [
                    0.9788808226585388,
                    -0.18319246172904968,
                    0.09073518216609955
                ],
                [
                    0.18503238260746002,
                    0.9826563596725464,
                    -0.012226968072354794
                ],
                [
                    -0.08692161738872528,
                    0.028757691383361816,
                    0.9958000183105469
                ]
            ]
        ],
        [
            0.10452509307861328,
            0.02094667625427246,
            0.4336848754882813,
            -0.0003978684815301864,
            0.10272024613681574,
            0.2114360816952789,
            [
                [
                    0.9725768566131592,
                    -0.20990408957004547,
                    0.10017269104719162
                ],
                [
                    0.20875801146030426,
                    0.9777219295501709,
                    0.02190842106938362
                ],
                [
                    -0.10253970324993134,
                    -0.00039577094139531255,
                    0.9947288632392883
                ]
            ]
        ],
        [
            0.11439247131347656,
            0.026767377853393556,
            0.4356785583496094,
            -0.017638860532846662,
            0.08997231519505267,
            0.1876128382424764,
            [
                [
                    0.9784784913063049,
                    -0.18804211914539337,
                    0.08497083932161331
                ],
                [
                    0.1857597529888153,
                    0.9820038676261902,
                    0.03408431261777878
                ],
                [
                    -0.08985097706317902,
                    -0.017566604539752007,
                    0.9958003163337708
                ]
            ]
        ],
        [
            0.12718119049072266,
            0.030517498016357423,
            0.43657257080078127,
            0.026281536105860426,
            0.10303969674947822,
            0.19598088195684615,
            [
                [
                    0.9756547808647156,
                    -0.1920102834701538,
                    0.10597081482410431
                ],
                [
                    0.19369591772556305,
                    0.9810447692871094,
                    -0.005753078032284975
                ],
                [
                    -0.10285746306180954,
                    0.02613913267850876,
                    0.9943525791168213
                ]
            ]
        ],
        [
            0.13751385498046875,
            0.039168861389160155,
            0.43703375244140624,
            0.01309543989381834,
            0.118100916993235,
            0.18992654019752125,
            [
                [
                    0.975177526473999,
                    -0.1872553676366806,
                    0.11817007511854172
                ],
                [
                    0.18747170269489288,
                    0.9822251796722412,
                    0.009382596239447594
                ],
                [
                    -0.11782656610012054,
                    0.013003847561776638,
                    0.9929490685462952
                ]
            ]
        ],
        [
            0.1478974151611328,
            0.044218921661376955,
            0.4391325988769531,
            -0.016917170853098865,
            0.09598578959741477,
            0.189471328920236,
            [
                [
                    0.9775832295417786,
                    -0.18990498781204224,
                    0.09092384576797485
                ],
                [
                    0.18747276067733765,
                    0.9816580414772034,
                    0.03466123342514038
                ],
                [
                    -0.09583846479654312,
                    -0.016838496550917625,
                    0.9952544569969177
                ]
            ]
        ],
        [
            0.15904722595214843,
            0.0493527717590332,
            0.4399095153808594,
            0.026390609568414464,
            0.10768510761097883,
