{
    "amplitude": 0.09207518746765832,
    "frequency": 0.018799586519237334,
    "seed": 1762036837,
    "time_interval": 0.05,
    "pid_gains": {
        "pid_rate": {
            "roll_kp": "50.0",
            "roll_ki": "0.0",
            "roll_kd": "0.0",
            "pitch_kp": "50.0",
            "pitch_ki": "0.0",
            "pitch_kd": "0.0",
            "yaw_kp": "80.0",
            "yaw_ki": "0.0",
            "yaw_kd": "0.0"
        },
        "pid_attitude": {
            "roll_kp": "6.0",
            "roll_ki": "0.0",
            "roll_kd": "0.20000000298023224",
            "pitch_kp": "6.0",
            "pitch_ki": "0.0",
            "pitch_kd": "1.0",
            "yaw_kp": "10.0",
            "yaw_ki": "0.0",
            "yaw_kd": "0.3499999940395355"
        },
        "velCtlPid": {
            "vxKp": "15.0",
            "vxKi": "1.0",
            "vxKd": "0.0",
            "vyKp": "10.0",
            "vyKi": "1.0",
            "vyKd": "0.0",
            "vzKp": "12.5",
            "vzKi": "0.5",
            "vzKd": "0.0"
        },
        "posCtlPid": {
            "xKp": "1.5",
            "xKi": "0.0",
            "xKd": "0.0",
            "yKp": "1.5",
            "yKi": "0.0",
            "yKd": "0.0",
            "zKp": "5.0",
            "zKi": "0.5",
            "zKd": "0.0"
        }
    },
    "pose": [
        [
            -0.03564912796020508,
            0.007031176567077637,
            0.26289437866210935,
            0.0037546224826369157,
            0.03183879885557661,
            1.481761688806626,
            [
                [
                    0.08887199312448502,
                    -0.9960213899612427,
                    0.006570254452526569
                ],
                [
                    0.9955342411994934,
                    0.08903548121452332,
                    0.03137325495481491
                ],
                [
                    -0.03183342143893242,
                    0.0037527093663811684,
                    0.9994861483573914
                ]
            ]
        ],
        [
            -0.03566288757324219,
            0.007000413894653321,
            0.262881103515625,
            0.004897776706788037,
            0.03003522226891353,
            1.4812681915979513,
            [
                [
                    0.08936826139688492,
                    -0.9959699511528015,
                    0.007563112303614616
                ],
                [
                    0.9955458045005798,
                    0.08955400437116623,
                    0.029472174122929573
                ],
                [
                    -0.030030706897377968,
                    0.004895547870546579,
                    0.9995369911193848
                ]
            ]
        ],
        [
            -0.03572932434082031,
            0.006615445137023925,
            0.2628506164550781,
            0.0031260617838309024,
            0.03306801187818409,
            1.4865578623115523,
            [
                [
                    0.0840928703546524,
                    -0.9964404702186584,
                    0.005896756891161203
                ],
                [
                    0.9959092736244202,
                    0.08424144238233566,
                    0.03268156573176384
                ],
                [
                    -0.03306198492646217,
                    0.0031243483535945415,
                    0.9994484186172485
                ]
            ]
        ],
        [
            -0.03485472869873047,
            0.006950511455535889,
            0.2631315612792969,
            0.01189159274552054,
            0.029944966425764274,
            1.6781250003042554,
            [
                [
                    -0.10707468539476395,
                    -0.9942136406898499,
                    0.008615807630121708
                ],
                [
                    0.9938000440597534,
                    -0.1067611500620842,
                    0.031039932742714882
                ],
                [
                    -0.029940491542220116,
                    0.01188598107546568,
                    0.9994810223579407
                ]
            ]
        ],
        [
            -0.0365450439453125,
            0.007501929759979248,
            0.2628900451660156,
            0.005654356069849764,
            0.03526263947784081,
            1.6894649168594378,
            [
                [
                    -0.11831668764352798,
                    -0.9929748773574829,
                    0.0014407376293092966
                ],
                [
                    0.9923498630523682,
                    -0.11819044500589371,
                    0.035676244646310806
                ],
                [
                    -0.03525533154606819,
                    0.005650810431689024,
                    0.9993623495101929
                ]
            ]
        ],
        [
            -0.03813528060913086,
            0.007362161636352539,
            0.26583285522460937,
            0.004850644728874198,
            0.031128605399806775,
            1.6610173004352138,
            [
                [
                    -0.09005498141050339,
                    -0.9959347248077393,
                    0.0020267388317734003
                ],
                [
                    0.9954503774642944,
                    -0.08994720876216888,
                    0.03143366426229477
                ],
                [
                    -0.031123578548431396,
                    0.004848275799304247,
                    0.9995037913322449
                ]
            ]
        ],
        [
            -0.04184664154052734,
            0.0021773042678833007,
            0.2765841979980469,
            0.015713312302527815,
            -0.020312629995220544,
            1.4570283193407567,
            [
                [
                    0.11349932104349136,
                    -0.9934489727020264,
                    0.013305586762726307
                ],
                [
                    0.9933304190635681,
                    0.1131916493177414,
                    -0.021961182355880737
                ],
                [
                    0.020311232656240463,
                    0.015709424391388893,
                    0.9996702671051025
                ]
            ]
        ],
        [
            -0.04538273239135742,
            -0.0008232836127281189,
            0.2972314147949219,
            0.10305841009560524,
            -0.04808561899187813,
            1.2673276116999008,
            [
                [
                    0.2984868288040161,
                    -0.9507200121879578,
                    0.08388743549585342
                ],
                [
                    0.9532026052474976,
                    0.2925276756286621,
                    -0.0763700008392334
                ],
                [
                    0.048067085444927216,
                    0.10275716334581375,
                    0.9935443997383118
                ]
            ]
        ],
        [
            -0.04979457092285156,
            -0.003537282705307007,
            0.32373046875,
            0.06184317255647431,
            -0.055269129466337,
            1.0969828750596786,
            [
                [
                    0.4555862247943878,
                    -0.8896914720535278,
                    0.029837794601917267
                ],
                [
                    0.8884760141372681,
                    0.4523726999759674,
                    -0.07726138830184937
                ],
                [
                    0.055240996181964874,
                    0.061709389090538025,
                    0.9965642690658569
                ]
            ]
        ],
        [
            -0.05276422882080078,
            -0.01292473316192627,
            0.34549139404296875,
            0.06488261155503577,
            -0.14454938892431257,
            0.9216847184024604,
            [
                [
                    0.5981747508049011,
                    -0.8005905151367188,
                    -0.03523928299546242
                ],
                [
                    0.788313090801239,
                    0.5957669615745544,
                    -0.15370172262191772
                ],
                [
                    0.14404653012752533,
                    0.06416090577840805,
                    0.9874887466430664
                ]
            ]
        ],
        [
            -0.05870366668701172,
            -0.015888066291809083,
            0.36717340087890626,
            0.0810322276497441,
            -0.08902603466530423,
            0.7523343597038257,
            [
                [
                    0.7272043228149414,
                    -0.6863568425178528,
                    -0.009386317804455757
                ],
                [
                    0.6806387305259705,
                    0.7227822542190552,
                    -0.11965236067771912
                ],
                [
                    0.08890848606824875,
                    0.08062302321195602,
                    0.9927715063095093
                ]
            ]
        ],
        [
            -0.06261751556396485,
            -0.021754369735717774,
            0.3837831726074219,
            0.021152945987656102,
            -0.0913627409081359,
            0.7162379250874806,
            [
                [
                    0.7511351704597473,
                    -0.6578603386878967,
                    -0.054914992302656174
                ],
                [
                    0.6538134217262268,
                    0.7528453469276428,
                    -0.07584162056446075
                ],
                [
                    0.0912356898188591,
                    0.021063152700662613,
                    0.995606541633606
                ]
            ]
        ],
        [
            -0.06690412902832031,
            -0.03291279983520508,
            0.3955221252441406,
            0.05825500903994418,
            -0.10725064268290674,
            0.655421544053036,
            [
                [
                    0.7882358431816101,
                    -0.6134005784988403,
                    -0.049234505742788315
                ],
                [
                    0.6059914231300354,
                    0.7876476049423218,
                    -0.1112905815243721
                ],
                [
                    0.10704515129327774,
                    0.05788752809166908,
                    0.9925675392150879
                ]
            ]
        ],
        [
            -0.0716905746459961,
            -0.03860688018798828,
            0.4039556884765625,
            0.033817657573533555,
            -0.09403198749449437,
            0.6234154169937975,
            [
                [
                    0.8083025217056274,
                    -0.5860551595687866,
                    -0.05644814297556877
                ],
                [
                    0.5812323689460754,
                    0.8095716238021851,
                    -0.08223570883274078
                ],
                [
                    0.09389347583055496,
                    0.033661842346191406,
                    0.9950129985809326
                ]
            ]
        ],
        [
            -0.07839810180664063,
            -0.04953997039794922,
            0.407185546875,
            0.008567779474387749,
            -0.11521710877759239,
            0.61274334422961,
            [
                [
                    0.8126494288444519,
                    -0.5758985280990601,
                    -0.08911680430173874
                ],
                [
                    0.5713008046150208,
                    0.8174768686294556,
                    -0.0731230080127716
                ],
                [
                    0.11496236175298691,
                    0.008510870859026909,
                    0.9933333992958069
                ]
            ]
        ],
        [
            -0.08626866912841796,
            -0.05581919479370117,
            0.40943087768554687,
            0.014191875785312835,
            -0.11627090851058841,
            0.5592239648270638,
            [
                [
                    0.8419437408447266,
                    -0.5318706631660461,
                    -0.0907982587814331
                ],
                [
                    0.526946485042572,
                    0.8467082977294922,
                    -0.07356952875852585
                ],
                [
                    0.11600910872220993,
                    0.014095580205321312,
                    0.993148148059845
                ]
            ]
        ],
        [
            -0.09705072021484375,
            -0.06281750869750977,
            0.4094097595214844,
            -0.051630436148353664,
            -0.11476947065899612,
            0.5590357287264824,
            [
                [
                    0.8421896696090698,
                    -0.5246519446372986,
                    -0.1243259459733963
                ],
                [
                    0.5268797874450684,
                    0.8497716784477234,
                    -0.0169045552611351
                ],
                [
                    0.1145176813006401,
                    -0.05126798525452614,
                    0.9920974373817444
                ]
            ]
        ],
        [
            -0.10631352233886719,
            -0.0713775634765625,
            0.4096793518066406,
            -0.04746520710224242,
            -0.10039815668632035,
            0.5384035535621409,
            [
                [
                    0.8542051315307617,
                    -0.5081056952476501,
                    -0.11028242856264114
                ],
                [
                    0.5101839303970337,
                    0.85999995470047,
                    -0.010601514019072056
                ],
                [
                    0.10022957623004913,
                    -0.04720845818519592,
                    0.9938437342643738
                ]
            ]
        ],
        [
            -0.11835389709472656,
            -0.07627821350097656,
            0.4096220397949219,
            -0.02961667510133406,
            -0.08268296939925235,
            0.5157446320169803,
            [
                [
                    0.8669537901878357,
                    -0.4908389449119568,
                    -0.08641890436410904
                ],
                [
                    0.4914979040622711,
                    0.870750367641449,
                    -0.014952963218092918
                ],
                [
                    0.082588791847229,
                    -0.02951117977499962,
                    0.9961466789245605
                ]
            ]
        ],
        [
            -0.13077389526367186,
            -0.08064357757568359,
            0.4100877685546875,
            -0.06685075362046355,
            -0.07001346614373727,
            0.5119027185705339,
            [
                [
                    0.8696781992912292,
                    -0.48466870188713074,
                    -0.09357422590255737
                ],
                [
                    0.48863688111305237,
                    0.8721557855606079,
                    0.024047397077083588
                ],
                [
                    0.06995628029108047,
                    -0.0666373148560524,
                    0.9953218698501587
                ]
            ]
        ],
        [
            -0.14156109619140625,
            -0.08657785797119141,
            0.40948928833007814,
            -0.04160367923026978,
            -0.054206071107573583,
            0.5060401461864683,
            [
                [
                    0.8733860850334167,
                    -0.48232707381248474,
                    -0.06750845909118652
                ],
                [
                    0.48400554060935974,
                    0.8750061988830566,
                    0.01013998407870531
                ],
                [
                    0.05417953059077263,
                    -0.04153059050440788,
                    0.9976671934127808
                ]
            ]
        ],
        [
            -0.1527828369140625,
            -0.0875888214111328,
            0.40953482055664064,
            -0.02974709122528868,
            -0.027743272967023946,
            0.4987849100481631,
            [
                [
                    0.8778265118598938,
                    -0.47742268443107605,
                    -0.03857693821191788
                ],
                [
                    0.47817474603652954,
                    0.8781706094741821,
                    0.012855318374931812
                ],
                [
                    0.027739714831113815,
                    -0.029731258749961853,
                    0.9991729259490967
                ]
            ]
        ],
        [
            -0.16388795471191406,
            -0.08978231811523438,
            0.4095357055664062,
            -0.05675540650736363,
            -0.021509647013660427,
            0.48962908095031565,
            [
                [
                    0.8823032379150391,
                    -0.4684646427631378,
                    -0.045628055930137634
                ],
                [
                    0.47018977999687195,
                    0.8816601634025574,
                    0.03996128961443901
                ],
                [
                    0.0215079877525568,
                    -0.056711819022893906,
                    0.998158872127533
                ]
            ]
        ],
        [
            -0.17182872009277345,
            -0.09192977142333984,
            0.40845211791992186,
            -0.006321165005007706,
            0.004898243594313456,
            0.4863871458078074,
            [
                [
                    0.8840168118476868,
                    -0.46745312213897705,
                    0.0013753632083535194
                ],
                [
                    0.4674294888973236,
                    0.8839952945709229,
                    0.007877602241933346
                ],
                [
                    -0.004898224025964737,
                    -0.006321046967059374,
                    0.9999680519104004
                ]
            ]
        ],
        [
            -0.18138339233398437,
            -0.08995803070068359,
            0.40758294677734375,
            0.0007348912212707115,
            0.00857693886409261,
            0.4764109241449741,
            [
                [
                    0.8886138796806335,
                    -0.45858699083328247,
                    0.007958787493407726
                ],
                [
                    0.4585758447647095,
                    0.8886492252349854,
                    0.0032802140340209007
                ],
                [
                    -0.0085768336430192,
                    0.0007348642684519291,
                    0.9999629259109497
                ]
            ]
        ],
        [
            -0.188110595703125,
            -0.08985647583007812,
            0.406847412109375,
            -0.03610347218457277,
            0.020467142626982904,
            0.4860721909395157,
            [
                [
                    0.8839893937110901,
                    -0.4675053656101227,
                    0.0012211595894768834
                ],
                [
                    0.46705877780914307,
                    0.883253276348114,
                    0.04146930202841759
                ],
                [
                    -0.020465712994337082,
                    -0.036088068038225174,
                    0.9991390109062195
                ]
            ]
        ],
        [
            -0.19213687133789062,
            -0.08975111389160156,
            0.4047883605957031,
            0.017803404513046628,
            0.035724589446059385,
            0.47260877443348687,
            [
                [
                    0.8898156881332397,
                    -0.4545723497867584,
                    0.03990066051483154
                ],
                [
                    0.4549202024936676,
                    0.8905321359634399,
                    0.00040515282307751477
                ],
                [
                    -0.03571699187159538,
                    0.017791105434298515,
                    0.9992035627365112
                ]
            ]
        ],
        [
            -0.19701072692871094,
            -0.08508595275878907,
            0.40254104614257813,
            0.0075699835813526906,
            0.05339780059225285,
            0.46142759080867024,
            [
                [
                    0.8941415548324585,
                    -0.4448523223400116,
                    0.051159583032131195
                ],
                [
                    0.44459226727485657,
                    0.8955720663070679,
                    0.01698392443358898
                ],
                [
                    -0.05337242782115936,
                    0.007559122052043676,
                    0.9985460638999939
                ]
            ]
        ],
        [
            -0.19914613342285156,
            -0.0819706802368164,
            0.400545654296875,
            -0.022881933202244242,
            0.06566698794334935,
            0.4788256788614699,
            [
                [
                    0.8856236934661865,
                    -0.4619491696357727,
                    0.04768309369683266
                ],
                [
                    0.4597442150115967,
                    0.8866125345230103,
                    0.05053235590457916
                ],
                [
                    -0.0656198039650917,
                    -0.022830622270703316,
                    0.9975835084915161
                ]
            ]
        ],
        [
            -0.19914688110351564,
            -0.08051956939697266,
            0.39899774169921876,
            0.01605013546419784,
            0.07220797932185397,
            0.444404109289394,
            [
                [
                    0.9005142450332642,
                    -0.4288191497325897,
                    0.07202915102243423
                ],
                [
                    0.4287996292114258,
                    0.9032484889030457,
                    0.01652217097580433
                ],
                [
                    -0.0721452459692955,
                    0.016007624566555023,
                    0.9972656965255737
                ]
            ]
        ],
        [
            -0.19953077697753907,
            -0.07372669982910156,
            0.39703280639648436,
            0.0028094253521731283,
            0.08142016783218664,
            0.4493902933126852,
            [
                [
                    0.8977282643318176,
                    -0.4342089295387268,
                    0.07447530329227448
                ],
                [
                    0.4329773187637329,
                    0.9008078575134277,
                    0.032800573855638504
                ],
                [
                    -0.08133023977279663,
                    0.0028001146856695414,
                    0.9966832995414734
                ]
            ]
        ],
        [
            -0.1977303009033203,
            -0.06974802398681641,
            0.3969686279296875,
            -0.02308975689654863,
            0.07801288674719764,
            0.44347219093767803,
            [
                [
                    0.9005200266838074,
                    -0.4305892586708069,
                    0.06046983227133751
                ],
                [
                    0.4277733266353607,
                    0.9022544622421265,
                    0.05428515374660492
                ],
                [
                    -0.07793378084897995,
                    -0.023017484694719315,
                    0.9966927766799927
                ]
            ]
        ],
        [
            -0.194486572265625,
            -0.06529443359375,
            0.3975478515625,
            0.011611947259634381,
            0.07361206373705387,
            0.4250209002816808,
            [
                [
                    0.9085628986358643,
                    -0.41153401136398315,
                    0.07178570330142975
                ],
                [
                    0.4112231433391571,
                    0.9113208055496216,
                    0.01974513940513134
                ],
                [
                    -0.07354559749364853,
                    0.011580239981412888,
                    0.9972246289253235
                ]
            ]
        ],
        [
            -0.19193695068359376,
            -0.057197071075439455,
            0.39853167724609373,
            -0.0002893500948303873,
            0.07163465833659477,
            0.42817463703647146,
            [
                [
                    0.9073920249938965,
                    -0.4152297377586365,
                    0.06499198824167252
                ],
                [
                    0.4141460359096527,
                    0.9097165465354919,
                    0.029981287196278572
                ],
                [
                    -0.071573406457901,
                    -0.0002886088623199612,
                    0.9974352717399597
                ]
            ]
        ],
        [
            -0.18797415161132813,
            -0.05215591049194336,
            0.4013197937011719,
            -0.019995832222782728,
            0.06315885927606768,
            0.428594837867551,
            [
                [
                    0.907737135887146,
                    -0.4166578948497772,
                    0.04908693954348564
                ],
                [
                    0.41476452350616455,
                    0.9088442921638489,
                    0.044411707669496536
                ],
                [
                    -0.0631168782711029,
                    -0.019954632967710495,
                    0.9978066086769104
                ]
            ]
        ],
        [
            -0.18274195861816406,
            -0.047733741760253905,
            0.40378091430664065,
            0.03108657538698914,
            0.06131578067262744,
            0.40991709123198505,
            [
                [
                    0.9154303073883057,
                    -0.39659392833709717,
                    0.0685606598854065
                ],
                [
                    0.39778435230255127,
                    0.9174697995185852,
                    -0.004097308963537216
                ],
                [
                    -0.0612773671746254,
                    0.031023159623146057,
                    0.9976385235786438
                ]
            ]
        ],
        [
            -0.17922622680664063,
            -0.04010376739501953,
            0.40655816650390625,
            0.018396998286838245,
            0.05283061508957276,
            0.41573830774511,
            [
                [
                    0.9135420322418213,
                    -0.40290844440460205,
                    0.05572925880551338
                ],
                [
                    0.40330198407173157,
                    0.9150559306144714,
                    0.0044939653016626835
                ],
                [
                    -0.05280604213476181,
                    0.01837029494345188,
                    0.9984357953071594
                ]
            ]
        ],
        [
            -0.17491839599609374,
            -0.03656608200073242,
            0.4100783386230469,
            -0.0005946486070650681,
            0.027885561911280554,
            0.424550017618222,
            [
                [
                    0.9108698964118958,
                    -0.4119258224964142,
                    0.025161758065223694
                ],
                [
                    0.4117506444454193,
                    0.911217212677002,
                    0.012026730924844742
                ],
                [
                    -0.02788194827735424,
                    -0.0005944177391938865,
                    0.9996110200881958
                ]
            ]
        ],
        [
            -0.16957315063476563,
            -0.03316192626953125,
            0.4135091247558594,
            0.04015170147423763,
            0.029585154405201708,
            0.39112562641663345,
            [
                [
                    0.9240759611129761,
                    -0.37982428073883057,
                    0.04262775927782059
                ],
                [
                    0.38106244802474976,
                    0.9241880774497986,
                    -0.025841500610113144
                ],
                [
                    -0.029580838978290558,
                    0.0401233471930027,
                    0.9987567663192749
                ]
            ]
        ],
        [
            -0.1665533447265625,
            -0.02699077033996582,
            0.416122314453125,
            0.027072183347585016,
            0.01648259112903072,
            0.3970624300893226,
            [
                [
                    0.9220756888389587,
                    -0.3861578404903412,
                    0.025661835446953773
                ],
                [
                    0.3866584599018097,
                    0.9220355749130249,
                    -0.018591569736599922
                ],
                [
                    -0.01648184470832348,
                    0.027065198868513107,
                    0.9994977712631226
                ]
            ]
        ],
        [
            -0.16334251403808595,
            -0.025264747619628908,
            0.4187317810058594,
            0.013619556276942002,
            0.0015669369413031653,
            0.39065837263821523,
            [
                [
                    0.92465740442276,
                    -0.38074222207069397,
                    0.006634876132011414
                ],
                [
                    0.38079679012298584,
                    0.9245809316635132,
                    -0.011996420100331306
                ],
                [
                    -0.0015669362619519234,
                    0.013619118370115757,
                    0.9999060034751892
                ]
            ]
        ],
        [
            -0.15900538635253905,
            -0.022578868865966797,
            0.4206121520996094,
            0.041934601388953,
            -0.0010342335956983195,
            0.393815991752359,
            [
                [
                    0.9234510660171509,
                    -0.3834177851676941,
                    0.015131998807191849
                ],
                [
                    0.383714884519577,
                    0.9226230382919312,
                    -0.0391097255051136
                ],
                [
                    0.0010342334862798452,
                    0.04192228987812996,
                    0.9991203546524048
                ]
            ]
        ],
        [
            -0.157200927734375,
            -0.018625852584838867,
            0.42112579345703127,
            0.01208655803512107,
            0.0041853188192853,
            0.39331530235871726,
            [
                [
                    0.9236354231834412,
                    -0.3831779658794403,
                    0.008497541770339012
                ],
                [
                    0.38324931263923645,
                    0.9235954880714417,
                    -0.009559486992657185
                ],
                [
                    -0.004185306839644909,
                    0.012086157687008381,
                    0.9999182224273682
                ]
            ]
        ],
        [
            -0.1544157409667969,
            -0.01932147789001465,
            0.42173696899414065,
            0.014902971564022371,
            -0.0023130143122613855,
            0.38126647626120136,
            [
                [
                    0.9281916618347168,
                    -0.3720869719982147,
                    0.003398449392989278
                ],
                [
                    0.3720953166484833,
                    0.9280782341957092,
                    -0.01469290629029274
                ],
                [
                    0.002313012257218361,
                    0.014902380295097828,
                    0.9998862743377686
                ]
            ]
        ],
        [
            -0.15302540588378907,
            -0.018051538467407226,
            0.42241632080078123,
            0.0585084196048041,
            -0.012610795608650971,
            0.3621926874535456,
            [
                [
                    0.9350478053092957,
                    -0.35440877079963684,
                    0.008947056718170643
                ],
                [
                    0.35429733991622925,
                    0.9332607388496399,
                    -0.059141870588064194
                ],
                [
                    0.012610461562871933,
                    0.05847039446234703,
                    0.9982094764709473
                ]
            ]
        ],
        [
            -0.15083970642089845,
            -0.016796138763427733,
            0.4222930908203125,
            0.037611168233207454,
            -0.0076578393018198465,
            0.3880178115269721,
            [
                [
                    0.9256337285041809,
                    -0.3783532977104187,
                    0.007143513765186071
                ],
                [
                    0.37834322452545166,
                    0.9248972535133362,
                    -0.037702277302742004
                ],
                [
                    0.007657764479517937,
                    0.03760119900107384,
                    0.9992634654045105
                ]
            ]
        ],
        [
            -0.14960910034179686,
            -0.018794708251953125,
            0.4226835632324219,
            0.015698976803557724,
            -0.011773433629639785,
            0.38170690832367415,
            [
                [
                    0.9279658198356628,
                    -0.37263068556785583,
                    -0.005076794419437647
                ],
                [
                    0.37247925996780396,
                    0.9278469681739807,
                    -0.01895354688167572
                ],
                [
                    0.011773161590099335,
                    0.015697244554758072,
                    0.9998074769973755
                ]
            ]
        ],
        [
            -0.14762716674804688,
            -0.017937456130981445,
            0.42335107421875,
            0.06311242566114769,
            -6.520350457162039e-05,
            0.3680687338542341,
            [
                [
                    0.933023989200592,
                    -0.35910165309906006,
                    0.022632958367466927
                ],
                [
                    0.35981419682502747,
                    0.9311649203300476,
                    -0.05886973813176155
                ],
                [
                    6.520342867588624e-05,
                    0.06307053565979004,
                    0.9980090856552124
                ]
            ]
        ],
        [
            -0.14637303161621093,
            -0.016767839431762695,
            0.4231720886230469,
            0.010077724996484266,
            0.004117037846947502,
            0.3876051719275231,
            [
                [
                    0.9258090257644653,
                    -0.3779147267341614,
                    0.007620455697178841
                ],
                [
                    0.3779691159725189,
                    0.9257855415344238,
                    -0.007773926947265863
                ],
                [
                    -0.0041170259937644005,
                    0.010077469050884247,
                    0.9999407529830933
                ]
            ]
        ],
        [
            -0.1442299499511719,
            -0.019355413436889648,
            0.42368661499023436,
            0.02399905929741475,
            0.01579833404252029,
            0.36368306709062714,
            [
                [
                    0.934476375579834,
                    -0.35526207089424133,
                    0.02329624444246292
                ],
                [
                    0.3556744158267975,
                    0.9344587326049805,
                    -0.016809288412332535
                ],
                [
                    -0.015797676518559456,
                    0.023993760347366333,
                    0.9995872974395752
                ]
            ]
        ],
        [
            -0.14309298706054688,
            -0.01774086570739746,
            0.4245108642578125,
            0.03139719490954593,
            0.0172103180699803,
            0.3573948288709482,
            [
                [
                    0.9366726279258728,
                    -0.34915634989738464,
                    0.027096109464764595
                ],
                [
                    0.3497830629348755,
                    0.9365386962890625,
                    -0.023390911519527435
                ],
                [
                    -0.01720946840941906,
                    0.031387388706207275,
                    0.999359130859375
                ]
            ]
        ],
        [
            -0.14034846496582032,
            -0.016967926025390625,
            0.4242503051757813,
            0.0003625552948099131,
            0.022687554871126503,
            0.37336898524697304,
            [
                [
                    0.930864155292511,
                    -0.36474668979644775,
                    0.021254898980259895
                ],
                [
                    0.36466050148010254,
                    0.9311067461967468,
                    0.007937097921967506
                ],
                [
                    -0.02268560789525509,
                    0.00036246213130652905,
                    0.9997425675392151
                ]
            ]
        ],
        [
            -0.13739556884765625,
            -0.01920417022705078,
            0.4246639404296875,
            0.011931117122638946,
            0.023360963559969417,
            0.36290258106090373,
            [
                [
                    0.9346153140068054,
                    -0.35470345616340637,
                    0.026071250438690186
                ],
                [
                    0.35489240288734436,
                    0.9349027872085571,
                    -0.0028622366953641176
                ],
                [
                    -0.023358838632702827,
                    0.01192757859826088,
                    0.9996559619903564
                ]
            ]
        ],
        [
            -0.1358843231201172,
            -0.016742677688598634,
            0.4249237976074219,
            0.025137971540298037,
            0.0237799719413625,
