{"amplitude": 0.06603828130927, "frequency": 0.010991518866518859, "seed": 1762492671, "time_interval": 0.05, "pid_gains": {"pid_rate": {"roll_kp": "50.0", "roll_ki": "0.0", "roll_kd": "0.0", "pitch_kp": "50.0", "pitch_ki": "0.0", "pitch_kd": "0.0", "yaw_kp": "80.0", "yaw_ki": "0.0", "yaw_kd": "0.0"}, "pid_attitude": {"roll_kp": "8.0", "roll_ki": "0.0", "roll_kd": "0.20000000298023224", "pitch_kp": "8.0", "pitch_ki": "0.0", "pitch_kd": "1.0", "yaw_kp": "10.0", "yaw_ki": "0.0", "yaw_kd": "0.3499999940395355"}, "velCtlPid": {"vxKp": "15.0", "vxKi": "1.0", "vxKd": "0.0", "vyKp": "10.0", "vyKi": "1.0", "vyKd": "0.0", "vzKp": "12.5", "vzKi": "0.5", "vzKd": "0.0"}, "posCtlPid": {"xKp": "1.5", "xKi": "0.0", "xKd": "0.0", "yKp": "1.5", "yKi": "0.0", "yKd": "0.0", "zKp": "5.0", "zKi": "0.5", "zKd": "0.0"}}, "mocap_pose": [[0.026719297409057617, -0.01011744785308838, 0.2580235290527344, 0.015747325697450992, 0.05589871874831509, 0.3880763379954463, [[0.9241929054260254, -0.3775472342967987, 0.057667337357997894], [0.37781745195388794, 0.9258568286895752, 0.006563182920217514], [-0.05586961284279823, 0.015722079202532768, 0.9983142614364624]]], [0.02658323097229004, -0.010151629447937011, 0.25793283081054685, 0.014990150016903708, 0.053104362101081826, 0.38776965121480234, [[0.9244496822357178, -0.37734556198120117, 0.05480092018842697], [0.3775915503501892, 0.9259515404701233, 0.006191691849380732], [-0.053079407662153244, 0.014968457631766796, 0.99847811460495]]], [0.026377580642700196, -0.01022169589996338, 0.25801150512695314, 0.015957595916566536, 0.05488831226741464, 0.3888918130044209, [[0.9239363074302673, -0.3783048987388611, 0.05680810660123825], [0.37859219312667847, 0.9255439043045044, 0.0060331192798912525], [-0.05486075580120087, 0.01593288779258728, 0.9983668923377991]]], [0.026531814575195312, -0.010437853813171387, 0.25799099731445313, 0.018548425222955384, 0.05527157364961055, 0.5059887874516841, [[0.8733599185943604, -0.4836929440498352, 0.05730227753520012], [0.4839324355125427, 0.8750417828559875, 0.010547075420618057], [-0.05524343624711037, 0.01851903833448887, 0.9983011484146118]]], [0.02623527145385742, -0.010555505752563477, 0.25797683715820313, 0.020633955726578113, 0.052985917321731746, 0.5627081294784448, [[0.8446264266967773, -0.5324409008026123, 0.05579269677400589], [0.5327300429344177, 0.8462163805961609, 0.010796381160616875], [-0.05296112596988678, 0.020603535696864128, 0.9983839988708496]]], [0.026507062911987303, -0.008587241172790527, 0.26226416015625, 0.01546504943681859, 0.05605849122335105, 0.6377079282343356, [[0.8022003173828125, -0.594588041305542, 0.05421875789761543], [0.5944201946258545, 0.8038822412490845, 0.020928168669342995], [-0.05602913349866867, 0.015440140850841999, 0.9983097314834595]]], [0.02511160087585449, -0.006148112773895264, 0.2736517028808594, 0.039570589190552286, 0.02516053481538183, 0.48375805119337983, [[0.8849731087684631, -0.46386414766311646, 0.04065350815653801], [0.46496206521987915, 0.8850231766700745, -0.02332885004580021], [-0.025157880038022995, 0.039547741413116455, 0.9989009499549866]]], [0.02099774742126465, -0.0016543905735015869, 0.2967156982421875, -0.03602870638171898, -0.014568051228405654, 0.28940113497562914, [[0.9583132266998291, -0.2846902012825012, -0.024232270196080208], [0.2853480279445648, 0.9579427242279053, 0.030368419364094734], [0.014567536301910877, -0.03601709008216858, 0.9992449879646301]]], [0.01878071403503418, 0.0005338037014007568, 0.32005001831054686, -0.07978297609791547, -0.03267378446812996, 0.25540308779780246, [[0.9670451283454895, -0.24931269884109497, -0.05164235830307007], [0.25250059366226196, 0.9651415348052979, 0.06888623535633087], [0.03266797214746475, -0.07965582609176636, 0.9962869882583618]]], [0.014152365684509277, 0.007505730628967285, 0.3435963134765625, -0.017313631037123814, -0.020511790951232456, 0.23214755114478985, [[0.9729698300361633, -0.22968794405460358, -0.023940274491906166], [0.23001959919929504, 0.9731103777885437, 0.01213027536869049], [0.02051035314798355, -0.017309123650193214, 0.9996398091316223]]], [0.006855027198791504, 0.007593057155609131, 0.3642282409667969, -0.0011761141217560833, -0.02154853980365168, 0.18489064228048183, [[0.9827281832695007, -0.18381400406360626, -0.021395836025476456], [0.18379636108875275, 0.9829603433609009, -0.0028050849214196205], [0.021546872332692146, -0.0011758407345041633, 0.9997671246528625]]], [0.006061263561248779, 0.00901103687286377, 0.3820726318359375, 0.04502063521088111, 0.04753033399848672, 0.20488143276942955, [[0.9779793620109558, -0.20115132629871368, 0.05562799051403999], [0.20322130620479584, 0.9785280823707581, -0.03440748155117035], [-0.04751243814826012, 0.04495460167527199, 0.9978585243225098]]], [0.0015788792371749878, 0.011650348663330078, 0.394895751953125, 0.04128643908321994, 0.025345865357302433, 0.14330292027933328, [[0.9894317984580994, -0.14165593683719635, 0.030956564471125603], [0.14276708662509918, 0.9890556335449219, -0.03723538666963577], [-0.02534315176308155, 0.0412614531815052, 0.9988269209861755]]], [-0.004077150344848633, 0.012459088325500488, 0.4056192626953125, 0.024574815522995036, 0.02390035908423882, 0.13112975619532655, [[0.9911316633224487, -0.13013261556625366, 0.0268986988812685], [0.130716934800148, 0.9911922216415405, -0.021237550303339958], [-0.023898083716630936, 0.024565324187278748, 0.9994125366210938]]], [-0.004348134517669678, 0.016633464813232423, 0.4095639343261719, 0.05790459995302243, 0.04224824023180718, 0.17619202238579193, [[0.9836397767066956, -0.17258162796497345, 0.05165605619549751], [0.17512542009353638, 0.9832966923713684, -0.04958554729819298], [-0.04223567247390747, 0.05782060697674751, 0.9974331855773926]]], [-0.005597739696502685, 0.01822444534301758, 0.41093890380859377, 0.025676840486975085, 0.06668339388877365, 0.1389809016820716, [[0.9881566166877747, -0.13679398596286774, 0.06952644884586334], [0.13822601735591888, 0.9902682304382324, -0.01619843766093254], [-0.06663398444652557, 0.025616958737373352, 0.9974485635757446]]], [-0.004866867065429687, 0.01850173759460449, 0.41188735961914064, 0.04310357135348051, 0.07456436960334556, 0.16113270538794622, [[0.9843035340309143, -0.15711888670921326, 0.08037523925304413], [0.15999054908752441, 0.9866443872451782, -0.030591391026973724], [-0.07449529320001602, 0.04297049343585968, 0.996295154094696]]], [-0.004554524898529053, 0.02542588233947754, 0.409489990234375, 0.01755673481532776, 0.0878344724769311, 0.14086954012897282, [[0.9862775206565857, -0.13885769248008728, 0.08930415660142899], [0.13986283540725708, 0.9901579022407532, -0.005067359656095505], [-0.0877215787768364, 0.017488155514001846, 0.9959915280342102]]], [0.000417434424161911, 0.028334699630737304, 0.408421630859375, -0.001123713055082201, 0.09368684623142265, 0.1436614935972273, [[0.9853581786155701, -0.1432717889547348, 0.09242520481348038], [0.14253999292850494, 0.9896827340126038, 0.014505458995699883], [-0.09354985505342484, -0.0011187848867848516, 0.9956139922142029]]], [0.004386967182159424, 0.030721038818359376, 0.40640109252929685, 0.0055089466522922625, 0.10307603007408739, 0.13645440695556502, [[0.9854462146759033, -0.13546770811080933, 0.10268499702215195], [0.1353093385696411, 0.9907665848731995, 0.008538831025362015], [-0.10289359837770462, 0.005479678977280855, 0.9946772456169128]]], [0.010783616065979005, 0.0394869384765625, 0.4036758117675781, 0.011831829190315668, 0.08383171321236071, 0.15274494891687412, [[0.9848862290382385, -0.15116187930107117, 0.0845530554652214], [0.1516173630952835, 0.9884387254714966, 0.001045510172843933], [-0.08373355865478516, 0.011790002696216106, 0.9964184165000916]]], [0.016345869064331053, 0.04311394119262695, 0.40262899780273437, -0.023779967622408832, 0.08723454475707015, 0.1729988626552849, [[0.9813272356987, -0.17412923276424408, 0.08170615136623383], [0.17148266732692719, 0.984437882900238, 0.038415830582380295], [-0.08712394535541534, -0.02368731051683426, 0.9959158301353455]]], [0.021994972229003908, 0.04837936019897461, 0.3997920837402344, 0.010618447408167128, 0.0768935149658958, 0.1238737122872252, [[0.9894052743911743, -0.12274076789617538, 0.07753680646419525], [0.12319206446409225, 0.992382287979126, -0.0010460357880219817], [-0.07681776583194733, 0.010586872696876526, 0.9969889521598816]]], [0.028163421630859376, 0.05571857070922852, 0.3983696594238281, 0.03736455001091773, 0.06035347806066382, 0.1159590275619583, [[0.9914758205413818, -0.11338052153587341, 0.06419200450181961], [0.11548867076635361, 0.9928516745567322, -0.03013123758137226], [-0.060316845774650574, 0.037287842482328415, 0.9974825978279114]]], [0.035317646026611325, 0.060722240447998045, 0.39749258422851563, 0.008077364445150406, 0.03105409765526379, 0.1529239324857833, [[0.9878534078598022, -0.15207575261592865, 0.03191616013646126], [0.15225514769554138, 0.9883358478546143, -0.0032535018399357796], [-0.031049106270074844, 0.008073382079601288, 0.9994852542877197]]], [0.041305618286132814, 0.06100106048583984, 0.3964429931640625, 0.04963620922585688, 0.035255233585780976, 0.10603009940856956, [[0.993766188621521, -0.10396216064691544, 0.040257733315229416], [0.10576577484607697, 0.9933444261550903, -0.045611441135406494], [-0.03524792939424515, 0.049584999680519104, 0.99814772605896]]], [0.04418854141235352, 0.06466283416748046, 0.3968286743164062, 0.09534240668550589, 0.008193584528904285, 0.11882849236682463, [[0.9929148554801941, -0.11723612993955612, 0.01938439905643463], [0.1185450628399849, 0.9885310530662537, -0.09355978667736053], [-0.008193492889404297, 0.09519483149051666, 0.9954249262809753]]], [0.04818890762329102, 0.06331836700439453, 0.397328369140625, 0.0825892036452157, -0.013868768378233698, 0.14613607088912905, [[0.9892459511756897, -0.14625202119350433, -0.0016610537422820926], [0.14560247957706451, 0.9858022928237915, -0.08362860977649689], [0.013868323527276516, 0.08248741179704666, 0.9964956045150757]]], [0.054165145874023435, 0.062250907897949216, 0.39805313110351564, 0.11305696274498743, -0.021877585995718762, 0.15564382653175082, [[0.9876755475997925, -0.15646465122699738, -0.0039850869216024876], [0.15497907996177673, 0.98122239112854, -0.11482200026512146], [0.021875841543078423, 0.11278927326202393, 0.9933781027793884]]], [0.05630006408691406, 0.06348038101196289, 0.399371826171875, 0.11141863248828988, -0.024552340243999105, 0.14764284066886652, [[0.9888224601745605, -0.14889483153820038, -0.00777564337477088], [0.14706268906593323, 0.9825858473777771, -0.11356765031814575], [0.024549873545765877, 0.11115473508834839, 0.9934998154640198]]], [0.05790320205688477, 0.0607901725769043, 0.4009867248535156, 0.06455442737989561, -0.039407318859555174, 0.15477064699037887, [[0.9872798323631287, -0.1563435196876526, -0.028900742530822754], [0.1540338099002838, 0.9855971336364746, -0.06979906558990479], [0.03939712047576904, 0.06445951759815216, 0.9971423149108887]]], [0.059877723693847654, 0.05969061279296875, 0.4024493713378906, 0.07091105046086477, -0.03699602346318254, 0.11171102061580171, [[0.9930868148803711, -0.1138029545545578, -0.028766201809048653], [0.11140253394842148, 0.9909771680831909, -0.0745229721069336], [0.036987584084272385, 0.07080315798521042, 0.9968042969703674]]], [0.061058204650878904, 0.06138970565795898, 0.4051174621582031, 0.06290639428484579, -0.030354637319324862, 0.13046902282303363, [[0.9910442233085632, -0.13173359632492065, -0.021853836253285408], [0.1300392597913742, 0.9892916083335876, -0.06627131998538971], [0.03034997545182705, 0.06283595412969589, 0.9975622892379761]]], [0.061098297119140624, 0.05776413726806641, 0.40728805541992186, 0.032033745028846546, -0.0358106515824117, 0.13420051151358847, [[0.9903732538223267, -0.13486580550670624, -0.03117755800485611], [0.1337122768163681, 0.9903467893600464, -0.03652820363640785], [0.03580299764871597, 0.03200773149728775, 0.998846173286438]]], [0.06120713806152344, 0.057551437377929685, 0.40875274658203126, 0.056568338684238266, -0.0271549720954114, 0.1249536313146429, [[0.9918376207351685, -0.12595251202583313, -0.01985057257115841], [0.12458277493715286, 0.9904250502586365, -0.05947583168745041], [0.02715163491666317, 0.056517329066991806, 0.9980323314666748]]], [0.061504493713378905, 0.055404598236083985, 0.4105190734863281, 0.0638744007333519, -0.02881775305429235, 0.12096737480237671, [[0.9922801852226257, -0.12225225567817688, -0.02084222622215748], [0.12062246352434158, 0.9904460310935974, -0.0668344646692276], [0.028813764452934265, 0.06380447000265121, 0.997546374797821]]], [0.06128788375854492, 0.05176437759399414, 0.41116537475585935, 0.042357821811465794, -0.022804483577377077, 0.11427002632873137, [[0.9932199716567993, -0.11487851291894913, -0.01780521683394909], [0.11399185657501221, 0.9924770593643188, -0.04466663673520088], [0.022802507504820824, 0.04233414679765701, 0.998843252658844]]], [0.06015246963500977, 0.04743009185791015, 0.41099285888671877, 0.0833093199947914, -0.018426667199336277, 0.08143276623160241, [[0.99651700258255, -0.08258885145187378, -0.011532096192240715], [0.08132898807525635, 0.9931047558784485, -0.08443082869052887], [0.018425624817609787, 0.08319886028766632, 0.9963626265525818]]], [0.05927071762084961, 0.046803962707519534, 0.41164523315429685, 0.06363662649748776, -0.018519675920361856, 0.10611603756843833, [[0.9942044615745544, -0.10687364637851715, -0.011641524732112885], [0.10589883476495743, 0.9922375082969666, -0.06519343703985214], [0.018518617376685143, 0.06358277797698975, 0.9978047609329224]]], [0.06001105880737305, 0.04023640441894531, 0.4117555541992188, 0.0723938671781315, -0.00735434235354071, 0.1265859606307435, [[0.9919718503952026, -0.12644515931606293, 0.0018552883993834257], [0.12624475359916687, 0.9893332123756409, -0.07267794013023376], [0.00735427625477314, 0.07232869416475296, 0.997353732585907]]], [0.06036006164550781, 0.03713354110717773, 0.4125184020996094, 0.08192478807464053, -0.0008333231311723477, 0.1173812164148575, [[0.993118405342102, -0.11678678542375565, 0.00875882152467966], [0.11711180955171585, 0.9897798895835876, -0.08136732876300812], [0.0008333228761330247, 0.08183314651250839, 0.9966456890106201]]], [0.06041275405883789, 0.03292273712158203, 0.4139690246582031, 0.0972420122882063, 0.009421567873822756, 0.09692005311055911, [[0.9952627420425415, -0.09540080279111862, 0.018728042021393776], [0.09676409512758255, 0.9906933307647705, -0.09572579711675644], [-0.00942142866551876, 0.09708452224731445, 0.995231568813324]]], [0.059945568084716794, 0.027966428756713867, 0.41632083129882813, 0.03814310630897013, -0.0022831041267863394, 0.09314478931537387, [[0.9956625699996948, -0.0930291935801506, 0.0012752844486385584], [0.09300991892814636, 0.9949328303337097, -0.038180749863386154], [0.002283102134242654, 0.038133759051561356, 0.9992700219154358]]], [0.06087539291381836, 0.022916614532470705, 0.416829833984375, 0.08658461996189866, -0.001433137621842162, 0.11202240718099703, [[0.9937310218811035, -0.11149264127016068, 0.00824823509901762], [0.11178814619779587, 0.989995539188385, -0.08609405159950256], [0.0014331369893625379, 0.0864763855934143, 0.9962528944015503]]], [0.0603633804321289, 0.01566454792022705, 0.4198105773925781, 0.08257868856310056, 0.023488131043007954, 0.10720561886297574, [[0.9939847588539124, -0.10470964759588242, 0.032097477465867996], [0.10697086900472641, 0.9910781383514404, -0.07950687408447266], [-0.023485971614718437, 0.0824621170759201, 0.996317446231842]]], [0.058954551696777345, 0.010957439422607422, 0.42060552978515625, 0.047648078122571325, 0.005329259439702749, 0.10118875587891837, [[0.994870662689209, -0.10064898431301117, 0.01010736171156168], [0.10101472586393356, 0.9937812685966492, -0.046848684549331665], [-0.005329234059900045, 0.047629375010728836, 0.9988508820533752]]], [0.0581742057800293, 0.006183538913726807, 0.42232681274414063, 0.07703701436413261, -0.0034996840683749753, 0.11049892268936849, [[0.9938951134681702, -0.11021482944488525, 0.005018777679651976], [0.11027351766824722, 0.9909237027168274, -0.07687624543905258], [0.003499676939100027, 0.07696036994457245, 0.9970279932022095]]], [0.056739131927490236, -0.0010849115848541259, 0.4249832763671875, 0.08928168955680565, 0.0036743684641522556, 0.09464143831629179, [[0.995518147945404, -0.09379767626523972, 0.012069282121956348], [0.09449958056211472, 0.991590678691864, -0.08841826021671295], [-0.0036743602249771357, 0.08916252106428146, 0.9960103034973145]]], [0.05434753799438476, -0.004710949420928955, 0.4268115234375, 0.03295809878774287, -0.012203304641382529, 0.11030169835125808, [[0.9938489198684692, -0.11041805893182755, -0.008494946174323559], [0.11006997525691986, 0.9933388829231262, -0.0340944342315197], [0.012203001417219639, 0.03294967859983444, 0.999382495880127]]], [0.0525774040222168, -0.01118047046661377, 0.4275736083984375, 0.07011093550798236, 0.0009285925972304376, 0.09345922957442113, [[0.995635449886322, -0.0930291935801506, 0.0074598887003958225], [0.09332319349050522, 0.9931958913803101, -0.06966134160757065], [-0.0009285925189033151, 0.07005348056554794, 0.9975427985191345]]], [0.050405868530273436, -0.01571967697143555, 0.42900833129882815, 0.06216790688143116, 0.0040939669072761475, 0.09731248439739558, [[0.9952605366706848, -0.09671813249588013, 0.010102994740009308], [0.09715815633535385, 0.9933709502220154, -0.06143693998456001], [-0.004093955736607313, 0.06212734803557396, 0.9980598092079163]]], [0.04746392059326172, -0.023056013107299805, 0.430052978515625, 0.03869267379083804, -0.0077882417675816384, 0.1083685340266402, [[0.994103729724884, -0.10837510228157043, -0.0035528596490621567], [0.10815326869487762, 0.993357241153717, -0.039297811686992645], [0.007788163144141436, 0.03868184611201286, 0.9992212057113647]]], [0.043970035552978515, -0.030400476455688476, 0.4300113525390625, 0.04970234537902637, -0.008999447771466551, 0.11835691758895331, [[0.9929637908935547, -0.11837893724441528, -0.003058855654671788], [0.11807599663734436, 0.9917249083518982, -0.05039564520120621], [0.008999326266348362, 0.049679871648550034, 0.998724639415741]]], [0.04175369644165039, -0.03243728256225586, 0.43091244506835935, 0.07670542818754303, -0.0044395593464021665, 0.13031100403661636, [[0.9915117621421814, -0.12989774346351624, 0.005568563938140869], [0.12994123995304108, 0.9885618090629578, -0.07655571401119232], [0.004439544398337603, 0.07662947475910187, 0.9970497488975525]]], [0.03801816177368164, -0.03803240966796875, 0.4317257080078125, 0.025263968512488452, -0.0050383097030861634, 0.11085106710028535, [[0.9938496947288513, -0.11071537435054779, -0.0022112582810223103], [0.11062277853488922, 0.9935310482978821, -0.025663413107395172], [0.005038288421928883, 0.025260960683226585, 0.9996681809425354]]], [0.03501823043823242, -0.044198486328125, 0.4320477294921875, 0.063396286495433, -0.0015250099078001345, 0.12777582964696205, [[0.9918466210365295, -0.1272682547569275, 0.006563539616763592], [0.12742827832698822, 0.98984295129776, -0.06303129345178604], [0.0015250090509653091, 0.0633537545800209, 0.9979899525642395]]], [0.03129589462280274, -0.049621906280517575, 0.4348313293457031, 0.05284690815315678, -0.004360816285644331, 0.1296726584308811, [[0.9915948510169983, -0.1293574422597885, 0.002512276405468583], [0.1293083280324936, 0.9901901483535767, -0.0529419369995594], [0.004360802471637726, 0.0528218112885952, 0.9985944032669067]]], [0.027070823669433593, -0.050835433959960936, 0.43672393798828124, 0.022019957939393063, -0.006034340128951987, 0.12509057075156987, [[0.9921683073043823, -0.12486617267131805, -0.0032386130187660456], [0.12476232647895813, 0.9919292330741882, -0.02259882166981697], [0.006034303456544876, 0.02201777696609497, 0.9997393488883972]]], [0.023937339782714843, -0.05904501724243164, 0.43942306518554686, 0.036038555228306866, -0.006190137584120903, 0.12566298729383574, [[0.9920957684516907, -0.12547241151332855, -0.001621474977582693], [0.1253301203250885, 0.9914426207542419, -0.03652196004986763], [0.006190097890794277, 0.03603006526827812, 0.999331533908844]]], [0.02159579086303711, -0.06147750854492187, 0.4420524291992188, 0.07231579971674279, 0.00376191001432602, 0.14365557631451598, [[0.9896922707557678, -0.1425188034772873, 0.014057272113859653], [0.14316096901893616, 0.9871514439582825, -0.07097137719392776], [-0.003761901054531336, 0.07225227355957031, 0.9973793029785156]]], [0.018010719299316406, -0.0627820930480957, 0.4461422119140625, 0.04218838704870368, 0.015826324783334345, 0.13567856076445636, [[0.9906857013702393, -0.13448098301887512, 0.021371090784668922], [0.13524572551250458, 0.9900184273719788, -0.03964954987168312], [-0.0158256646245718, 0.04217059165239334, 0.9989850521087646]]], [0.01568901824951172, -0.06985811614990234, 0.44938226318359376, 0.05514451350804587, -0.00648031943726024, 0.14725605593346475, [[0.9891566634178162, -0.1468547135591507, 0.0016865511424839497], [0.14672136306762695, 0.9876213669776917, -0.05546943470835686], [0.006480274256318808, 0.055115412920713425, 0.998458981513977]]], [0.013199708938598632, -0.0715533676147461, 0.4538404846191406, 0.08917051331286183, -0.0009675427731719033, 0.14967182993871406, [[0.9888195991516113, -0.14860640466213226, 0.012326001189649105], [0.14911356568336487, 0.9848785996437073, -0.08820048719644547], [0.0009675424662418664, 0.08905234932899475, 0.9960264563560486]]], [0.010553628921508788, -0.07242555999755859, 0.4590893249511719, 0.03414403114443484, 0.004819017073088183, 0.15656634339083328, [[0.9877570271492004, -0.15567409992218018, 0.010080238804221153], [0.1559256613254547, 0.98721843957901, -0.03296887129545212], [-0.004818998277187347, 0.034136999398469925, 0.999405562877655]]], [0.008636678695678711, -0.08003099060058594, 0.46292752075195315, 0.03266156064583972, -0.0012055139463864606, 0.1615939923664759, [[0.986971378326416, -0.16084468364715576, 0.0040648640133440495], [0.16089151799678802, 0.9864393472671509, -0.03242417052388191], [0.0012055137194693089, 0.032655730843544006, 0.9994659423828125]]], [0.00570758581161499, -0.08229375457763671, 0.46633685302734373, 0.05575250010252552, -0.0034255382162904358, 0.136873080398763, [[0.9906416535377502, -0.13642320036888123, 0.004215050023049116], [0.1364453136920929, 0.9890822172164917, -0.055669140070676804], [0.003425531554967165, 0.055723294615745544, 0.9984403848648071]]], [0.005031443119049072, -0.08360279083251954, 0.4697664489746094, 0.04941507122047534, 0.006677905401638595, 0.14446313235393707, [[0.9895612597465515, -0.1434590220451355, 0.013711185194551945], [0.1439579725265503, 0.9884228706359863, -0.04792025312781334], [-0.006677855737507343, 0.04939386248588562, 0.9987570643424988]]], [0.004401780605316162, -0.08946250152587891, 0.47173583984375, 0.062814793442208, 0.019644970756456548, 0.1690899874899824, [[0.9855481386184692, -0.16673797369003296, 0.02988922782242298], [0.16825291514396667, 0.9840017557144165, -0.058579009026288986], [-0.01964370720088482, 0.06276138126850128, 0.9978352189064026]]], [0.0005752788782119751, -0.09249310302734375, 0.474057373046875, 0.07050292269404694, -0.0013384654040353716, 0.14257372806613705, [[0.9898526668548584, -0.14183153212070465, 0.008687954396009445], [0.1420910656452179, 0.987381100654602, -0.06991948187351227], [0.0013384649064391851, 0.07044446468353271, 0.9975147843360901]]], [-0.0014140676259994506, -0.09362962341308594, 0.47609710693359375, 0.05358130717085756, 0.005064886476385144, 0.14461570907227927, [[0.9895486831665039, -0.14363692700862885, 0.01272282563149929], [0.144110307097435, 0.9881802797317505, -0.05226776376366615], [-0.00506486464291811, 0.05355498567223549, 0.9985520839691162]]], [-0.0020603246688842775, -0.10134494781494141, 0.476729736328125, 0.05094149896141631, 0.0020992851855965444, 0.16211976155317323, [[0.9868851900100708, -0.16109564900398254, 0.01028800755739212], [0.16141018271446228, 0.985624372959137, -0.049913372844457626], [-0.0020992837380617857, 0.05091935768723488, 0.9987005591392517]]], [-0.007342749118804932, -0.1037145767211914, 0.4780374450683594, 0.061504207249166484, -0.004799284272202886, 0.11857467457207015, [[0.9929668307304382, -0.11836625635623932, 0.0025146217085421085], [0.11829564720392227, 0.9910658597946167, -0.06160051003098488], [0.004799265880137682, 0.06146473065018654, 0.9980977177619934]]], [-0.008366751670837402, -0.10567142486572266, 0.48064349365234377, 0.044565911444453564, 0.009408951463282245, 0.1384702711196592, [[0.9903844594955444, -0.13747598230838776, 0.015458817593753338], [0.13802208006381989, 0.9895027875900269, -0.042827337980270386], [-0.00940881296992302, 0.04454918950796127, 0.9989628791809082]]], [-0.01122925567626953, -0.11187102508544922, 0.4820823974609375, 0.02303844701233749, -0.004330107327495503, 0.1389528543246274, [[0.9903522729873657, -0.13856817781925201, -0.0010965362889692187], [0.13850483298301697, 0.9900849461555481, -0.02341395989060402], [0.00433009397238493, 0.02303619310259819, 0.9997252821922302]]], [-0.015238471031188965, -0.11448885345458984, 0.4837037048339844, 0.05580279103915474, -0.002003149405023219, 0.13526947613289847, [[0.990863025188446, -0.1347581148147583, 0.005539750214666128], [0.13485705852508545, 0.9893075823783875, -0.055534061044454575], [0.0020031477324664593, 0.055773720145225525, 0.9984413981437683]]], [-0.017290897369384765, -0.1165203857421875, 0.4862027587890625, 0.04404972365686418, -0.002501668216779329, 0.1383792046848656, [[0.9904377460479736, -0.1379133015871048, 0.0035988176241517067], [0.13793756067752838, 0.9894649386405945, -0.043959278613328934], [0.002501665847375989, 0.04403534159064293, 0.9990268349647522]]], [-0.0195714111328125, -0.12215389251708984, 0.4878184814453125, 0.057290896350564904, -0.0014592531520871699, 0.15710602205102475, [[0.9876831769943237, -0.156286358833313, 0.007519945036619902], [0.15646035969257355, 0.9860506653785706, -0.056782305240631104], [0.001459252554923296, 0.05725950002670288, 0.9983582496643066]]], [-0.024995092391967774, -0.12453792572021484, 0.4893017578125, 0.06109211386267942, -0.005319193846712533, 0.12506418754047133, [[0.9921756386756897, -0.12482793629169464, 0.00234801578335464], [0.12473665177822113, 0.9902981519699097, -0.06123953312635422], [0.005319168791174889, 0.06105325371026993, 0.9981203079223633]]], [-0.02818832015991211, -0.12459864807128906, 0.49056124877929685, 0.02126903972708539, 0.0020069496399384157, 0.13078826351511763, [[0.9914574027061462, -0.13034389913082123, 0.0047629657201468945], [0.13041545450687408, 0.9912407398223877, -0.020824121311306953], [-0.0020069482270628214, 0.021267393603920937, 0.9997718334197998]]], [-0.03040936470031738, -0.13074069213867187, 0.4917806701660156, 0.038388679939879516, 0.006704785591681084, 0.14860676528424155, [[0.988956093788147, -0.1476968228816986, 0.012308400124311447], [0.14805707335472107, 0.9882878065109253, -0.03696427494287491], [-0.006704735103994608, 0.038378387689590454, 0.9992407560348511]]], [-0.03737835693359375, -0.1307798767089844, 0.4928287353515625, 0.03532212862786779, 0.003305316352428367, 0.10453442889540454, [[0.9945358037948608, -0.10416297614574432, 0.006970108021050692], [0.10434357821941376, 0.9939330816268921, -0.034777335822582245], [-0.003305310383439064, 0.035314589738845825, 0.9993707537651062]]], [-0.03845734024047852, -0.13137954711914063, 0.4954425964355469, 0.02941294820677573, 0.023883132080239733, 0.11534374949636275, [[0.993071973323822, -0.11434074491262436, 0.027096513658761978], [0.11505533754825592, 0.9930064678192139, -0.02646607905626297], [-0.023880861699581146, 0.02940032072365284, 0.9992824196815491]]], [-0.040366111755371095, -0.1346910400390625, 0.4974675598144531, 0.017939639770257317, 0.03153702007963921, 0.13481144763843084, [[0.990433931350708, -0.13382133841514587, 0.0336516872048378], [0.13433663547039032, 0.9908432364463806, -0.01353861391544342], [-0.031531792134046555, 0.01792975701391697, 0.9993419051170349]]], [-0.04520267486572266, -0.13426101684570313, 0.49999288940429687, 0.047003871274140914, 0.02943087402133182, 0.10453036671326948, [[0.9941110014915466, -0.10284975916147232, 0.03413626551628113], [0.10429492592811584, 0.9935874938964844, -0.043663110584020615], [-0.02942662499845028, 0.04696621745824814, 0.9984629154205322]]], [-0.04578375244140625, -0.13178720092773438, 0.5032596740722656, 0.020652852164326906, 0.03422706791121466, 0.11951267970778584, [[0.9922853708267212, -0.11850129067897797, 0.03643127158284187], [0.1191585510969162, 0.9927393794059753, -0.01642490364611149], [-0.034220386296510696, 0.020639289170503616, 0.9992011785507202]]], [-0.046197757720947266, -0.13421669006347656, 0.5051084899902344, -0.0026994991562650714, 0.053677055235367366, 0.11625844393534429, [[0.9918190240859985, -0.11614015698432922, 0.052975788712501526], [0.11582966148853302, 0.9932291507720947, 0.008904623799026012], [-0.05365128070116043, -0.0026956077199429274, 0.9985560774803162]]], [-0.05002401351928711, -0.1308757781982422, 0.5076036682128906, 0.001867905269111049, 0.03437775573902413, 0.08787378925862518, [[0.9955530166625977, -0.0876966342329979, 0.034402236342430115], [0.08770889043807983, 0.996145486831665, 0.001155720790848136], [-0.03437098488211632, 0.0018668004777282476, 0.9994074106216431]]], [-0.04800831985473633, -0.1285255889892578, 0.5102124938964844, 0.008725281055443637, 0.05054640603963789, 0.12412872285822905, [[0.9910385608673096, -0.1233680471777916, 0.05121449753642082], [0.12365207821130753, 0.9923227429389954, -0.002402779646217823], [-0.050524886697530746, 0.008714026771485806, 0.9986847639083862]]], [-0.04889643859863281, -0.1268569107055664, 0.5118334655761718, 0.0008675422500863811, 0.04399142217177476, 0.1283315331558182, [[0.9908173084259033, -0.12794168293476105, 0.043726611882448196], [0.12785576283931732, 0.9917812943458557, 0.004767777398228645], [-0.04397723451256752, 0.0008667027577757835, 0.9990321397781372]]], [-0.049771888732910156, -0.1262675094604492, 0.5122388916015626, 0.0039425602945698385, 0.036823971999257576, 0.09973140966909975, [[0.9943563938140869, -0.09942096471786499, 0.03702497109770775], [0.09949866682291031, 0.9950376749038696, -0.0002573948004283011], [-0.03681565076112747, 0.003939877264201641, 0.9993143081665039]]], [-0.04878826522827148, -0.12237278747558594, 0.513530517578125, -0.0064022498434250785, 0.04067033298962097, 0.09343178849553134, [[0.9948151111602783, -0.09355317056179047, 0.039883654564619064], [0.09321876615285873, 0.9955937266349792, 0.010167534463107586], [-0.04065912216901779, -0.006396912038326263, 0.9991526007652283]]], [-0.0487717170715332, -0.11860787200927735, 0.5137472534179688, -0.01684196073342882, 0.027726012509420306, 0.1041630604098715, [[0.99419766664505, -0.10442440211772919, 0.025817235931754112], [0.10393483936786652, 0.9943903088569641, 0.01963191293179989], [-0.02772245928645134, -0.016834691166877747, 0.9994738698005676]]], [-0.0512383918762207, -0.11256573486328125, 0.5154713134765625, -0.01174811057654581, 0.025890948039044792, 0.09299613593108028, [[0.9953452944755554, -0.09315855801105499, 0.024683484807610512], [0.09283103048801422, 0.9955820441246033, 0.014100932516157627], [-0.025888055562973022, -0.011743903160095215, 0.9995958805084229]]], [-0.05021399307250977, -0.10854047393798828, 0.51823486328125, -0.01474503118345314, 0.03374359033738683, 0.09735611977543593, [[0.9946980476379395, -0.09768691658973694, 0.0321405790746212], [0.09714706242084503, 0.9951080679893494, 0.017953654751181602], [-0.0337371863424778, -0.01473610382527113, 0.9993221163749695]]], [-0.0509355354309082, -0.1005947265625, 0.5191022338867187, -0.03387755224470193, 0.024998733195462197, 0.09099652100737636, [[0.9955515265464783, -0.09166199713945389, 0.021800531074404716], [0.0908425971865654, 0.9952143430709839, 0.036001056432724], [-0.024996129795908928, -0.03386048972606659, 0.999113917350769]]], [-0.05351968765258789, -0.09797122955322266, 0.5216865234375, 0.04110838921737521, 0.02910941720505722, 0.06547853211935514, [[0.9974343180656433, -0.06418289989233017, 0.031707435846328735], [0.06540403515100479, 0.9970923066139221, -0.039105940610170364], [-0.029105305671691895, 0.04107940196990967, 0.9987318515777588]]], [-0.052061927795410155, -0.09364099884033203, 0.5263101196289063, 0.049698964752187935, 0.04953178856289009, 0.07336444143069411, [[0.9960868954658508, -0.07075510174036026, 0.05295875295996666], [0.073208749294281, 0.9962589144706726, -0.045920226722955704], [-0.049511536955833435, 0.04961758106946945, 0.9975403547286987]]], [-0.05306784057617187, -0.08866697692871094, 0.529470947265625, 0.09135068380718793, 0.052776212835744296, 0.08109895890848705, [[0.99532550573349, -0.07587592303752899, 0.059749145060777664], [0.08089729398488998, 0.9929472208023071, -0.08666825294494629], [-0.05275171622633934, 0.0910966694355011, 0.9944438934326172]]], [-0.054403053283691404, -0.08435164642333984, 0.5347850341796875, 0.07105962823574273, 0.05228499961708133, 0.06144960061647749, [[0.9967486262321472, -0.05755242332816124, 0.056391067802906036], [0.061327014118433, 0.9958215355873108, -0.06766452640295029], [-0.05226118117570877, 0.07090281695127487, 0.9961132407188416]]], [-0.05192647171020508, -0.0827815170288086, 0.5392637329101563, 0.059899937111342436, 0.06488012468596138, 0.09676767229948684, [[0.9932275414466858, -0.09258033335208893, 0.07019943743944168], [0.09641344100236893, 0.9939115643501282, -0.05333118513226509], [-0.06483461707830429, 0.059738170355558395, 0.9961063265800476]]], [-0.04927894973754883, -0.08198902130126953, 0.5441988525390625, 0.08563108281203355, 0.10210998352472278, 0.08261234009936708, [[0.9913986325263977, -0.07352784276008606, 0.10827028751373291], [0.08208858966827393, 0.9936573505401611, -0.07685428857803345], [-0.10193263739347458, 0.08508098870515823, 0.9911462664604187]]], [-0.04762901306152344, -0.08203363037109375, 0.5456990966796875, 0.10289320418493014, 0.11996104672647134, 0.05403924751499786, [[0.9913640022277832, -0.04145335033535957, 0.1244145929813385], [0.053624775260686874, 0.9939230680465698, -0.0961320772767067], [-0.11967353522777557, 0.10197358578443527, 0.9875624775886536]]], [-0.03685060501098633, -0.08112401580810547, 0.5499407348632812, 0.08275482954274774, 0.15300925933908305, 0.0771830011338962, [[0.9853745698928833, -0.06428150832653046, 0.15781277418136597], [0.0762055516242981, 0.9945822358131409, -0.07070252299308777], [-0.15241292119026184, 0.08169467747211456, 0.9849346876144409]]], [-0.030288293838500978, -0.08236630249023437, 0.55109423828125, 0.0828832854794165, 0.1717426808014597, 0.0631297607090663, [[0.983325719833374, -0.04875093698501587, 0.17519664764404297], [0.062159717082977295, 0.9954745769500732, -0.0718788281083107], [-0.1708996593952179, 0.08157047629356384, 0.9819061160087585]]], [-0.023056066513061524, -0.08352520751953126, 0.5517329711914063, 0.0721412557467631, 0.15903986355392563, 0.03651224375650018, [[0.9867216944694519, -0.02500166743993759, 0.1604842245578766], [0.0360434427857399, 0.9971508979797363, -0.06626452505588531], [-0.1583702564239502, 0.07116904854774475, 0.984811544418335]]], [-0.007876986980438233, -0.08426173400878906, 0.5549103393554687, 0.04169836955308055, 0.16190187625929142, 0.06563180896215766, [[0.9847976565361023, -0.05882251635193825, 0.16344261169433594], [0.06472701579332352, 0.9974203109741211, -0.031033767387270927], [-0.16119550168514252, 0.04114113375544548, 0.986064612865448]]], [0.004252482414245606, -0.0840868911743164, 0.554699462890625, -0.0022263603475991267, 0.16391510770602924, 0.07356975878746015, [[0.9839271903038025, -0.07386554777622223, 0.1625766158103943], [0.07251816987991333, 0.9972658157348633, 0.014214745722711086], [-0.1631820797920227, -0.002196516375988722, 0.9865935444831848]]], [0.016870784759521484, -0.08392451477050782, 0.5560403442382813, -0.00533230190350956, 0.13986852938633376, 0.04197856292311823, [[0.9893619418144226, -0.042708370834589005, 0.13906435668468475], [0.041556406766176224, 0.9990736246109009, 0.011178131215274334], [-0.13941292464733124, -0.005280203651636839, 0.9902202486991882]]], [0.031108041763305665, -0.0832929458618164, 0.55928076171875, -0.025584532668914417, 0.11718777279146475, 0.041310852925111566, [[0.9922940731048584, -0.04427404701709747, 0.11572524905204773], [0.04101584851741791, 0.9986963272094727, 0.030387016013264656], [-0.11691973358392715, -0.025406286120414734, 0.9928163290023804]]], [0.043528911590576175, -0.08355878448486329, 0.5608966064453125, 0.039092001886017205, 0.12434256749956418, 0.06886974789279283, [[0.9899271130561829, -0.06392718106508255, 0.12632331252098083], [0.06828402727842331, 0.9972007870674133, -0.030461277812719345], [-0.12402240186929703, 0.03878030925989151, 0.9915212988853455]]], [0.05481258010864258, -0.08414485931396484, 0.5632461547851563, 0.027227711405051758, 0.0774825863781996, 0.047676488406147105, [[0.9958668351173401, -0.0455358549952507, 0.07858593761920929], [0.04751544073224068, 0.9985938668251038, -0.02350577525794506], [-0.07740508019924164, 0.027142666280269623, 0.9966301918029785]]], [0.06728600311279297, -0.08326580047607422, 0.56753515625, 0.05097176573267946, 0.07763576110415937, 0.042437837950631344, [[0.9960902333259583, -0.03842201083898544, 0.07954887300729752], [0.04229731112718582, 0.9979696869850159, -0.047617699950933456], [-0.07755779474973679, 0.050796229392290115, 0.9956929683685303]]], [0.07734967803955078, -0.08462528228759765, 0.5712630615234375, 0.07087284348307507, 0.06216791803034627, 0.055135946402334775, [[0.996551513671875, -0.05057686194777489, 0.06578013300895691], [0.05500155687332153, 0.9962162375450134, -0.0672907680273056], [-0.06212788075208664, 0.07067672908306122, 0.9955626130104065]]], [0.08461908721923828, -0.08530332946777344, 0.5735435791015625, 0.06155607646258752, 0.04038156831820339, 0.0549773159035107, [[0.9976751208305359, -0.05236581712961197, 0.043613601475954056], [0.05490482971072197, 0.9967344999313354, -0.059210117906332016], [-0.04037059471011162, 0.06146705895662308, 0.9972923398017883]]], [0.093936767578125, -0.08587393951416016, 0.5785149536132812, 0.06922729938690647, 0.031453208134826216, 0.03863771131945331, [[0.998759388923645, -0.036361873149871826, 0.03402126580476761], [0.03860899433493614, 0.9969442486763, -0.06790852546691895], [-0.03144802153110504, 0.069137804210186, 0.9971113204956055]]], [0.0995866928100586, -0.088411376953125, 0.5791426391601563, 0.08255711757767487, 0.029800790713290226, 0.05084958823211938, [[0.9982640147209167, -0.04820062965154648, 0.03384793549776077], [0.05080511048436165, 0.9954308271408081, -0.08084745705127716], [-0.029796380549669266, 0.0824267566204071, 0.9961516261100769]]], [0.10410809326171876, -0.09084097290039063, 0.579424560546875, 0.0954494512381978, 0.025914382500176636, 0.028790008368296705, [[0.9992499947547913, -0.026186542585492134, 0.028526289388537407], [0.028776366263628006, 0.9951067566871643, -0.09452259540557861], [-0.0259114820510149, 0.09527258574962616, 0.9951139092445374]]], [0.10851327514648437, -0.09338449859619141, 0.580866455078125, 0.0652722045727557, 0.017386385485219202, 0.04106216514872607, [[0.9990060329437256, -0.03983018174767494, 0.020011426880955696], [0.04104442149400711, 0.9970759153366089, -0.06445872038602829], [-0.017385508865118027, 0.06521600484848022, 0.9977197051048279]]], [0.1125730438232422, -0.09545439910888671, 0.5798187255859375, 0.053046727073843385, 0.03154093066103947, 0.045484696479387805, [[0.9984688758850098, -0.043734703212976456, 0.03386962413787842], [0.045446399599313736, 0.9976365566253662, -0.05153513327240944], [-0.03153569996356964, 0.052995480597019196, 0.9980967044830322]]], [0.11461444091796875, -0.09640486907958984, 0.5795822143554688, 0.014085794081154367, 0.033075612802590415, 0.0044824640706296395, [[0.999442994594574, -0.004016213119029999, 0.03312910720705986], [0.0044799