{"amplitude": 0.06421291302552481, "frequency": 0.025634159174629592, "seed": 1762489816, "time_interval": 0.05, "pid_gains": {"pid_rate": {"roll_kp": "50.0", "roll_ki": "0.0", "roll_kd": "0.0", "pitch_kp": "50.0", "pitch_ki": "0.0", "pitch_kd": "0.0", "yaw_kp": "80.0", "yaw_ki": "0.0", "yaw_kd": "0.0"}, "pid_attitude": {"roll_kp": "8.0", "roll_ki": "0.0", "roll_kd": "0.20000000298023224", "pitch_kp": "8.0", "pitch_ki": "0.0", "pitch_kd": "1.0", "yaw_kp": "10.0", "yaw_ki": "0.0", "yaw_kd": "0.3499999940395355"}, "velCtlPid": {"vxKp": "15.0", "vxKi": "1.0", "vxKd": "0.0", "vyKp": "10.0", "vyKi": "1.0", "vyKd": "0.0", "vzKp": "12.5", "vzKi": "0.5", "vzKd": "0.0"}, "posCtlPid": {"xKp": "1.5", "xKi": "0.0", "xKd": "0.0", "yKp": "1.5", "yKi": "0.0", "yKd": "0.0", "zKp": "5.0", "zKi": "0.5", "zKd": "0.0"}}, "mocap_pose": [[0.006345272064208984, 0.023008670806884766, 0.2579859924316406, 0.025841063764729832, 0.04768119146118521, 0.3665863239483506, [[0.9324953556060791, -0.3571613132953644, 0.053742557764053345], [0.3580232858657837, 0.9336860775947571, -0.007043181452900171], [-0.0476631261408329, 0.025808822363615036, 0.9985299706459045]]], [0.006366513729095459, 0.02299075698852539, 0.2580162658691406, 0.027978484341955517, 0.047767391626938105, 0.3678894946222684, [[0.9320241212844849, -0.35825979709625244, 0.0545978806912899], [0.3592367172241211, 0.9332036972045898, -0.008936851285398006], [-0.04774922877550125, 0.027942925691604614, 0.9984684586524963]]], [0.006120486259460449, 0.022931367874145507, 0.2580397033691406, 0.024796402384820282, 0.04552338447643267, 0.3648338012847021, [[0.9332152605056763, -0.3556303083896637, 0.05134572088718414], [0.35642439126968384, 0.9342984557151794, -0.006930135190486908], [-0.04550766199827194, 0.024768173694610596, 0.9986568689346313]]], [0.00663038969039917, 0.023046348571777345, 0.2579842224121094, 0.02831858069126242, 0.050623529990863725, 0.4741570437567721, [[0.8885381817817688, -0.4551308751106262, 0.057929567992687225], [0.45600372552871704, 0.8899754285812378, -0.00209605460986495], [-0.050601910799741745, 0.028278522193431854, 0.9983184933662415]]], [0.005762564182281494, 0.02253593635559082, 0.25813079833984376, 0.031675490009825, 0.04582599662062292, 0.5498967300651225, [[0.8516834378242493, -0.5211001038551331, 0.05558781325817108], [0.5220505595207214, 0.8529090285301208, -0.0030730871949344873], [-0.04580995813012123, 0.03163694590330124, 0.9984490871429443]]], [0.007156518936157227, 0.024966976165771485, 0.26363961791992185, 0.013950791398910978, 0.047658254692819924, 0.6285705061199358, [[0.8079504370689392, -0.5873942971229553, 0.04673358425498009], [0.5873214602470398, 0.8091809153556824, 0.0167252067476511], [-0.04764021560549736, 0.013934499584138393, 0.9987673759460449]]], [0.005654491424560547, 0.028814130783081055, 0.2823392639160156, 0.06537045642383307, 0.033299298116446385, 0.47238326108773854, [[0.8899927735328674, -0.45210132002830505, 0.0593067929148674], [0.45475760102272034, 0.8895739912986755, -0.043053701519966125], [-0.033293142914772034, 0.06528769433498383, 0.9973109364509583]]], [0.003602093458175659, 0.03424684143066406, 0.30175247192382815, -0.01042933963942505, -0.03760034135429602, 0.26874455480748793, [[0.9634235501289368, -0.26512885093688965, -0.039009325206279755], [0.2653335928916931, 0.9641566872596741, 7.40013419999741e-05], [0.03759148344397545, -0.01042177900671959, 0.9992388486862183]]], [0.00438424015045166, 0.040736473083496094, 0.3261815490722656, 0.03175059415281779, -0.04511718996046321, 0.2448715368249611, [[0.96918123960495, -0.24369856715202332, -0.036038316786289215], [0.24218499660491943, 0.9693323969841003, -0.041726864874362946], [0.04510188475251198, 0.031712956726551056, 0.998478889465332]]], [0.0025319063663482664, 0.04878716278076172, 0.34585861206054686, -0.004389670654582373, -0.05837722166745829, 0.19415740175981847, [[0.979539155960083, -0.19268667697906494, -0.05809420719742775], [0.19261117279529572, 0.981250524520874, -0.006949609145522118], [0.05834406986832619, -0.004382178653031588, 0.9982869029045105]]], [-0.002927706956863403, 0.05591238021850586, 0.3721249389648438, 0.026506177619265395, -0.06431345306903835, 0.1602883981851992, [[0.9851403832435608, -0.16122834384441376, -0.05919302627444267], [0.1592729538679123, 0.9865626692771912, -0.03641727566719055], [0.06426912546157837, 0.026448281481862068, 0.9975820779800415]]], [-0.003714014768600464, 0.0631889533996582, 0.3865181884765625, 0.01985303641378061, -0.05901850938564168, 0.18180905131183078, [[0.9818058013916016, -0.18192511796951294, -0.054411280900239944], [0.1804942935705185, 0.9831126928329468, -0.030187329277396202], [0.05898425355553627, 0.0198171678930521, 0.9980621933937073]]], [-0.005712453365325928, 0.07110790252685546, 0.39449325561523435, -0.006295186417570486, -0.037437019566479046, 0.15180312061841167, [[0.9878073930740356, -0.15098485350608826, -0.03794907405972481], [0.1511148065328598, 0.9885160326957703, 0.0005629306542687118], [0.037428274750709534, -0.006290733814239502, 0.9992794990539551]]], [-0.010890316963195801, 0.07972999572753907, 0.4051205749511719, 0.04108985566141788, -0.026493267696201306, 0.10373460115128785, [[0.9942753314971924, -0.10454357415437698, -0.022071925923228264], [0.10351231694221497, 0.9936721920967102, -0.04359817877411842], [0.026490168645977974, 0.04106387868523598, 0.9988052845001221]]], [-0.012835027694702149, 0.09031387329101563, 0.4088336181640625, 0.05436825507799008, -0.03269377185313327, 0.15573553772937926, [[0.9873697757720947, -0.1566324084997177, -0.023815903812646866], [0.15502388775348663, 0.9861624836921692, -0.058746449649333954], [0.032687947154045105, 0.054312434047460556, 0.9979888200759888]]], [-0.014794522285461426, 0.0972968521118164, 0.41038018798828124, 0.043439765111366845, -0.0189004595143778, 0.1330669145222914, [[0.9909826517105103, -0.13336287438869476, -0.012953046709299088], [0.13265086710453033, 0.990115761756897, -0.04554729908704758], [0.018899334594607353, 0.04341834783554077, 0.9988781809806824]]], [-0.01859433937072754, 0.10243544769287109, 0.41155581665039065, 0.0846126096158633, -0.008698506881017698, 0.1291451979008633, [[0.9916348457336426, -0.12905476987361908, 0.0022888642270118], [0.12878163158893585, 0.988029956817627, -0.0849241316318512], [0.008698397316038609, 0.0845084860920906, 0.9963847994804382]]], [-0.020452741622924805, 0.11451769256591797, 0.41027896118164064, 0.057121648406195415, -0.000494659281779608, 0.13312409181256601, [[0.9911519289016724, -0.13254274427890778, 0.007088221609592438], [0.13273121416568756, 0.9895317554473877, -0.056651003658771515], [0.0004946592962369323, 0.05709058418869972, 0.9983688592910767]]], [-0.020989288330078126, 0.12002727508544922, 0.40965435791015625, 0.059482006139047486, 0.011470172998394812, 0.11907840322306674, [[0.9928532242774963, -0.11791006475687027, 0.018430685624480247], [0.11878937482833862, 0.9912435412406921, -0.05766578018665314], [-0.011469921097159386, 0.05944302678108215, 0.9981657862663269]]], [-0.02244800567626953, 0.12383994293212891, 0.4092709655761719, 0.07574542626690409, 0.015005384530729637, 0.13185560071768676, [[0.991208016872406, -0.12997128069400787, 0.02478094771504402], [0.1314590573310852, 0.9886264801025391, -0.07304906100034714], [-0.015004821121692657, 0.07566449791193008, 0.997020423412323]]], [-0.024367094039916992, 0.13320780944824218, 0.4080451354980469, 0.06019269420781051, 0.02073686811307973, 0.10199710547267712, [[0.9945889115333557, -0.10039506107568741, 0.02671539969742298], [0.10179845243692398, 0.9931281805038452, -0.05773624777793884], [-0.020735381171107292, 0.06014341861009598, 0.9979743361473083]]], [-0.02332491111755371, 0.13879029846191407, 0.4069856262207031, 0.04761421247010687, 0.009193526740925995, 0.1130025914926588, [[0.9935799837112427, -0.11219966411590576, 0.014491465874016285], [0.11275748163461685, 0.9925452470779419, -0.04625716060400009], [-0.009193397127091885, 0.047594211995601654, 0.998824417591095]]], [-0.02600419807434082, 0.14173971557617188, 0.4055863037109375, 0.0757113096769726, 0.01582682141557079, 0.10510408940220756, [[0.9943571090698242, -0.10341967642307281, 0.02362907864153385], [0.10489754378795624, 0.9917582869529724, -0.0735660195350647], [-0.015826160088181496, 0.07562952488660812, 0.9970104098320007]]], [-0.02733335494995117, 0.15010879516601563, 0.4042200012207031, 0.05129442870755252, -0.012383237379486767, 0.09526426854831288, [[0.995389461517334, -0.09562715142965317, -0.007433562073856592], [0.09511294960975647, 0.9940961003303528, -0.05221577733755112], [0.01238292083144188, 0.05126800760626793, 0.9986081719398499]]], [-0.026481407165527344, 0.15297502136230468, 0.40288250732421876, 0.027941361807394025, -0.010024286268784044, 0.10792153493399466, [[0.9941321611404419, -0.10794854164123535, -0.006952676456421614], [0.10770674794912338, 0.9937638640403748, -0.028854485601186752], [0.0100241182371974, 0.02793632261455059, 0.9995594620704651]]], [-0.030032012939453127, 0.15638081359863282, 0.40134774780273436, 0.059410677609817206, -0.007251806871535926, 0.08803312269928103, [[0.9961013793945312, -0.08819325268268585, -0.0019906344823539257], [0.08791714906692505, 0.9943322539329529, -0.059782251715660095], [0.0072517432272434235, 0.05937417224049568, 0.9982094764709473]]], [-0.0320380859375, 0.16511561584472656, 0.4001807861328125, 0.0472628701089658, -0.007913621618721889, 0.08979061447187828, [[0.9959403276443481, -0.08994224667549133, -0.003636373672634363], [0.08966720104217529, 0.9948258399963379, -0.04776376485824585], [0.007913539186120033, 0.04724379628896713, 0.998852014541626]]], [-0.03233132553100586, 0.165525634765625, 0.39936227416992187, 0.010492480547616409, -0.014802972154016159, 0.12238909625546011, [[0.9924110770225525, -0.12223120778799057, -0.013409959152340889], [0.12207040190696716, 0.9924461841583252, -0.012220840901136398], [0.01480243168771267, 0.010491138324141502, 0.9998353719711304]]], [-0.03618437957763672, 0.16908633422851563, 0.3988173828125, 0.05499219897137077, -0.0012189312732873159, 0.07023522357991245, [[0.9975337982177734, -0.07013823837041855, 0.00264318217523396], [0.07017744332551956, 0.9960218667984009, -0.054914385080337524], [0.0012189309345558286, 0.054964445531368256, 0.9984875917434692]]], [-0.039690132141113284, 0.1731888122558594, 0.39905084228515625, 0.05779767827784397, -0.012244300096356131, 0.05325414389594257, [[0.9985074996948242, -0.05384637042880058, -0.009131421335041523], [0.05322498828172684, 0.9968772530555725, -0.05833426117897034], [0.012243994511663914, 0.05776117369532585, 0.9982553720474243]]], [-0.0405683364868164, 0.17204774475097656, 0.39891021728515624, 0.071576156476501, -0.014195070607005533, 0.11721838345058695, [[0.993037760257721, -0.11765884608030319, -0.005697396583855152], [0.11693835258483887, 0.990476131439209, -0.07268011569976807], [0.014194593764841557, 0.07150784879922867, 0.9973390102386475]]], [-0.04318101119995117, 0.17302188110351563, 0.398791259765625, 0.11969729242884874, -0.012908664281184423, 0.08762986022523275, [[0.9960799813270569, -0.08842703700065613, -0.0023161282297223806], [0.08751045912504196, 0.988900363445282, -0.12007510662078857], [0.01290830597281456, 0.1194017231464386, 0.9927620887756348]]], [-0.04817406463623047, 0.17302130126953125, 0.398273193359375, 0.08945058728878884, -0.01995449684716255, 0.0816628164696619, [[0.9964690208435059, -0.08302245289087296, -0.01252022571861744], [0.08155584335327148, 0.9925373196601868, -0.09065476059913635], [0.019953172653913498, 0.0893135592341423, 0.9958036541938782]]], [-0.05001021194458008, 0.17013352966308593, 0.39798214721679687, 0.081206135326108, -0.012318342319521891, 0.09459315464343464, [[0.9954538941383362, -0.0951356291770935, -0.0045608836226165295], [0.09444498270750046, 0.9921543598175049, -0.08191390335559845], [0.012318030931055546, 0.08111076056957245, 0.996628999710083]]], [-0.05226100158691406, 0.1706305236816406, 0.39863800048828124, 0.09610963626584466, -0.009364554125177449, 0.09228402920202257, [[0.9957011938095093, -0.09262261539697647, -0.0004383660852909088], [0.09214905649423599, 0.9910666942596436, -0.09641239047050476], [0.0093644168227911, 0.09595753252506256, 0.9953413605690002]]], [-0.05816311264038086, 0.1689773406982422, 0.398352294921875, 0.06255073635271494, -0.014482724049990736, 0.07847545684185614, [[0.9968178272247314, -0.07914412021636963, -0.009508947841823101], [0.07838670909404755, 0.9949017763137817, -0.06345068663358688], [0.014482217840850353, 0.0625033974647522, 0.9979396462440491]]], [-0.06145894241333008, 0.16488522338867187, 0.3983809814453125, 0.05729387712800131, -0.01664848212427783, 0.09745512613925573, [[0.9951170682907104, -0.0980900451540947, -0.01096983440220356], [0.09728745371103287, 0.993529200553894, -0.058608006685972214], [0.016647713258862495, 0.0572546012699604, 0.9982208013534546]]], [-0.06408545684814453, 0.1639125671386719, 0.3993595275878906, 0.07048530274137274, -0.0045790314116500586, 0.10770465388901401, [[0.9941950440406799, -0.1075502410531044, 0.0030294759199023247], [0.10749541223049164, 0.991702139377594, -0.07050986588001251], [0.004579015541821718, 0.07042621821165085, 0.9975064992904663]]], [-0.06984596252441407, 0.16360279846191406, 0.3991277770996094, 0.03459014090379364, -0.005119367582542278, 0.0701210046095411, [[0.9975294470787048, -0.07019825279712677, -0.00268068490549922], [0.07006263732910156, 0.9969334006309509, -0.03485672175884247], [0.005119345150887966, 0.03458278998732567, 0.9993887543678284]]], [-0.07289373016357421, 0.15827450561523437, 0.39922869873046873, 0.0448839607169273, -0.009827054624524045, 0.0840657642505124, [[0.9964204430580139, -0.08432158082723618, -0.006014834623783827], [0.08396273106336594, 0.9954279661178589, -0.04553474113345146], [0.009826896712183952, 0.04486672580242157, 0.9989446401596069]]], [-0.07619512176513672, 0.1573066864013672, 0.39925942993164065, 0.07496693398850912, -0.01121626926256547, 0.06551515410358977, [[0.9977918863296509, -0.06612265855073929, -0.006257175002247095], [0.06546417623758316, 0.994996964931488, -0.0754682868719101], [0.011216034181416035, 0.07489202171564102, 0.9971285462379456]]], [-0.0801439208984375, 0.154461669921875, 0.40001467895507814, 0.03097163760190192, -0.009854251913035128, 0.06775206154105728, [[0.9976572394371033, -0.06797222048044205, -0.007730317302048206], [0.0676969513297081, 0.9972065687179565, -0.0315624438226223], [0.009854092262685299, 0.030965182930231094, 0.99947190284729]]], [-0.08353229522705079, 0.15032501220703126, 0.3992396240234375, 0.051302759826935246, -0.0012411624151049683, 0.07242144833809543, [[0.9973779320716858, -0.07232643663883209, 0.0024742651730775833], [0.07235810160636902, 0.9960618615150452, -0.05123552680015564], [0.0012411621864885092, 0.05128021910786629, 0.998683512210846]]], [-0.08701032257080078, 0.14762643432617187, 0.4005700988769531, 0.10081581758701691, 0.005972458023830285, 0.08939718119324908, [[0.9959889650344849, -0.08822613954544067, 0.0149037791416049], [0.08927655965089798, 0.9910030364990234, -0.09971272200345993], [-0.005972422659397125, 0.1006433293223381, 0.994904637336731]]], [-0.0906019058227539, 0.14465419006347657, 0.40143283081054687, 0.06101590796727625, 0.004231800349238313, 0.07691768678923576, [[0.9970343708992004, -0.07644158601760864, 0.008897091262042522], [0.07684117555618286, 0.9952077269554138, -0.06047318875789642], [-0.0042317877523601055, 0.0609775073826313, 0.9981301426887512]]], [-0.0928810043334961, 0.13870933532714844, 0.4011797790527344, 0.05505644404266283, 0.0018479448218744476, 0.06894952325605876, [[0.9976221919059753, -0.06868906319141388, 0.005631952080875635], [0.06889478862285614, 0.9961193203926086, -0.054770760238170624], [-0.0018479436403140426, 0.05502853915095329, 0.9984830617904663]]], [-0.09511426544189452, 0.13465153503417968, 0.40302923583984374, 0.08916974873223378, 0.012078477183659286, 0.07384615454933492, [[0.9972018599510193, -0.07241328060626984, 0.018567554652690887], [0.07377367466688156, 0.9933918118476868, -0.08792135119438171], [-0.012078183703124523, 0.08904512971639633, 0.9959543347358704]]], [-0.09698301696777344, 0.13236285400390624, 0.40380264282226563, 0.03454333193140446, 0.006097796581140624, 0.057899612076016564, [[0.9983057379722595, -0.057622503489255905, 0.008082440122961998], [0.05786619335412979, 0.9977409243583679, -0.03412593901157379], [-0.006097758654505014, 0.03453582152724266, 0.999384880065918]]], [-0.09855789947509766, 0.1268224868774414, 0.40566549682617187, 0.04474912727665504, 0.020619761693151384, 0.07715483825261008, [[0.9968131184577942, -0.07608155161142349, 0.02398441918194294], [0.07706192880868912, 0.9960980415344238, -0.04301347956061363], [-0.020618300884962082, 0.044724684208631516, 0.9987865686416626]]], [-0.0993639907836914, 0.12459374237060547, 0.40811212158203125, 0.07328934046397562, 0.020236247192078283, 0.06790545019764918, [[0.9974910616874695, -0.0661928653717041, 0.025102507323026657], [0.06783938407897949, 0.9951175451278687, -0.07168567180633545], [-0.020234866067767143, 0.0732087567448616, 0.9971113204956055]]], [-0.10055355072021484, 0.12000071716308594, 0.41264898681640627, 0.04861504901558074, 0.024804234060013863, 0.07237295094915194, [[0.9970754384994507, -0.07102224975824356, 0.028221499174833298], [0.07228754460811615, 0.9962909817695618, -0.04667740315198898], [-0.024801690131425858, 0.04858095198869705, 0.9985112547874451]]], [-0.10037234497070313, 0.11324333953857423, 0.4151419067382813, 0.046197841219145455, 0.029693856593950407, 0.06366487959998866, [[0.9975341558456421, -0.06218567490577698, 0.03253588080406189], [0.06359383463859558, 0.9969965219497681, -0.04420096427202225], [-0.029689492657780647, 0.04616105183959007, 0.9984927177429199]]], [-0.10025473022460937, 0.10948052978515625, 0.4203729248046875, 0.04772130630496774, 0.02568333953962809, 0.07999651275997652, [[0.9964732527732849, -0.07859911769628525, 0.029381267726421356], [0.07988486438989639, 0.9957650899887085, -0.04550081491470337], [-0.02568051591515541, 0.04768746346235275, 0.9985321164131165]]], [-0.0999808578491211, 0.10642722320556641, 0.42541818237304685, 0.04177721147705814, 0.02497023388724373, 0.07938042566085515, [[0.9965402483940125, -0.07818840444087982, 0.028179148212075233], [0.07927236706018448, 0.9960639476776123, -0.0396554097533226], [-0.02496763877570629, 0.04175204038619995, 0.9988160133361816]]], [-0.09919051361083984, 0.10040045928955078, 0.42856573486328126, 0.0445712349996133, 0.028040151418129655, 0.062005085105134895, [[0.997685968875885, -0.060657016932964325, 0.030715767294168472], [0.0619410015642643, 0.9971644878387451, -0.04273528978228569], [-0.02803647704422474, 0.044538963586091995, 0.9986141324043274]]], [-0.09780925750732422, 0.09779884338378907, 0.4338766784667969, 0.06830619044878204, 0.033601753481084407, 0.06038078907844098, [[0.9976142048835754, -0.057914573699235916, 0.03757467865943909], [0.06031004339456558, 0.9959883093833923, -0.0661061480641365], [-0.033595431596040726, 0.06821455806493759, 0.9971048831939697]]], [-0.09600371551513671, 0.09287364196777344, 0.4391357116699219, 0.027222606878011934, 0.03191524704481252, 0.045637240388253494, [[0.9984501004219055, -0.0447368398308754, 0.033106572926044464], [0.045598167926073074, 0.9986283183097839, -0.025735672563314438], [-0.03190983086824417, 0.02720538340508938, 0.9991204142570496]]], [-0.09493036651611328, 0.08836354064941407, 0.4403900146484375, 0.05211024331165831, 0.02830058981775152, 0.07017409632269742, [[0.9971393346786499, -0.06855107843875885, 0.031840987503528595], [0.07008843868970871, 0.9962880611419678, -0.04997708648443222], [-0.028296811506152153, 0.05206580460071564, 0.9982426762580872]]], [-0.09327584075927735, 0.08577145385742188, 0.44291522216796875, 0.04278443243310795, 0.03559548289309955, 0.061681080739822786, [[0.9974660873413086, -0.06006631627678871, 0.03812429681420326], [0.06160292774438858, 0.9972787499427795, -0.040498338639736176], [-0.035587966442108154, 0.042744286358356476, 0.9984520077705383]]], [-0.09232796478271485, 0.08034534454345703, 0.4444608154296875, 0.006353190211387805, 0.0205509765666001, 0.042657458596063715, [[0.9988793134689331, -0.042513225227594376, 0.020801348611712456], [0.04263551905751228, 0.999075710773468, -0.005471060983836651], [-0.020549530163407326, 0.006351805757731199, 0.9997686743736267]]], [-0.09232796478271485, 0.08034534454345703, 0.4444608154296875, 0.006353190211387805, 0.0205509765666001, 0.042657458596063715, [[0.9988793134689331, -0.042513225227594376, 0.020801348611712456], [0.04263551905751228, 0.999075710773468, -0.005471060983836651], [-0.020549530163407326, 0.006351805757731199, 0.9997686743736267]]], [-0.08882096099853516, 0.07416548919677735, 0.44472650146484377, 0.043925456478378276, 0.019415552070018105, 0.06303986524349045, [[0.997825562953949, -0.06208653748035431, 0.022123411297798157], [0.06298624724149704, 0.9971047043800354, -0.04260222241282463], [-0.019414331763982773, 0.043903056532144547, 0.9988471269607544]]], [-0.0884316635131836, 0.0685947494506836, 0.4444961242675781, 0.027457249930855042, 0.014399549003276668, 0.058713487309906255, [[0.9981733560562134, -0.05826301500201225, 0.01597980409860611], [0.0586736761033535, 0.9979237914085388, -0.026561878621578217], [-0.014399051666259766, 0.027450954541563988, 0.9995194673538208]]], [-0.08822776031494141, 0.06602840423583985, 0.4440018615722656, 0.04015644647724376, 0.003112082290000373, 0.04584674377837879, [[0.9989444017410278, -0.04566893354058266, 0.004946203902363777], [0.045830462127923965, 0.9981496334075928, -0.03996095806360245], [-0.003112077247351408, 0.04014546051621437, 0.999189019203186]]], [-0.08787898254394531, 0.06523748016357422, 0.44421560668945315, 0.02317554525229977, -0.0009656746204322886, 0.06333704938337352, [[0.9979944229125977, -0.06330005079507828, 0.0005032787448726594], [0.0632946789264679, 0.9977254867553711, -0.023188110440969467], [0.0009656744659878314, 0.023173460736870766, 0.9997310042381287]]], [-0.08752750396728516, 0.06054937362670899, 0.44414926147460937, 0.013445353396616181, 0.0023946413966651203, 0.04948452366647588, [[0.9987730383872986, -0.04942770302295685, 0.0030565368942916393], [0.049464188516139984, 0.998687207698822, -0.013310051523149014], [-0.002394639188423753, 0.013444909825921059, 0.9999067187309265]]], [-0.08879676055908203, 0.059660793304443356, 0.4443641052246094, 0.03845849764242103, 0.0005511410646630299, 0.051651039332882676, [[0.9986662268638611, -0.051568739116191864, 0.0025350479409098625], [0.05162806808948517, 0.997929036617279, -0.0383693091571331], [-0.0005511409835889935, 0.038449011743068695, 0.999260425567627]]], [-0.08970276641845704, 0.057632461547851566, 0.4444477233886719, 0.01460690831595145, 0.004933285964502376, 0.04697592394101552, [[0.9988846778869629, -0.04688166081905365, 0.005613194312900305], [0.046958077698946, 0.9987936615943909, -0.014358640648424625], [-0.004933265969157219, 0.014606211334466934, 0.9998811483383179]]], [-0.09034140014648437, 0.05274050140380859, 0.4442766723632813, -0.004358102206452927, 0.0018536178362911215, 0.04141985178618513, [[0.9991406202316284, -0.04141568765044212, 0.0016715496312826872], [0.04140793904662132, 0.999132513999939, 0.00443110428750515], [-0.0018536167917773128, -0.004358081147074699, 0.9999887943267822]]], [-0.09086647796630859, 0.05338993072509766, 0.4448524475097656, 0.03726400831358469, 0.014361446415177781, 0.049832847050215776, [[0.9986556172370911, -0.04924328625202179, 0.01618894189596176], [0.04980708658695221, 0.9980918765068054, -0.03649428114295006], [-0.014360952191054821, 0.0372515432536602, 0.9992027282714844]]], [-0.09314237213134766, 0.051290950775146484, 0.44561343383789065, 0.020609708882836992, 0.010274942317936464, 0.05434697493985312, [[0.9984708428382874, -0.0540972575545311, 0.01137685775756836], [0.05431735888123512, 0.9983230233192444, -0.020019814372062683], [-0.010274761356413364, 0.02060716226696968, 0.9997348785400391]]], [-0.0937558364868164, 0.04834951400756836, 0.4464382019042969, 0.008081708738674292, 0.017497035575958497, 0.0562734672602392, [[0.9982642531394958, -0.056100763380527496, 0.017922418192029], [0.05623516067862511, 0.9983924031257629, -0.007084811106324196], [-0.01749614253640175, 0.008080383762717247, 0.9998142719268799]]], [-0.09354650115966796, 0.0503903923034668, 0.4470535888671875, 0.031406145400724755, 0.03606547700670171, 0.04458586870493873, [[0.9983565807342529, -0.043417997658252716, 0.037403639405965805], [0.044542115181684494, 0.9985640645027161, -0.029763439670205116], [-0.03605765849351883, 0.03138056397438049, 0.9988569021224976]]], [-0.09495743560791016, 0.05062427520751953, 0.44818609619140626, -0.012189560533891575, 0.03512673047962256, 0.05325464001599037, [[0.9979662895202637, -0.053652990609407425, 0.03441828489303589], [0.053196635097265244, 0.9984853267669678, 0.014041231945157051], [-0.03511950746178627, -0.012181739322841167, 0.9993088841438293]]], [-0.09498957061767578, 0.05052899932861328, 0.449910888671875, -0.026309355071999645, 0.040184008824952544, 0.040574238233978197, [[0.998370349407196, -0.04160500690340996, 0.039059173315763474], [0.040530361235141754, 0.9987882971763611, 0.02791365422308445], [-0.04017319530248642, -0.02628508396446705, 0.9988469481468201]]], [-0.0941618194580078, 0.05418987655639648, 0.4499950256347656, 0.014735785433561674, 0.04942423875679425, 0.03085992412846087, [[0.9983032941818237, -0.030124040320515633, 0.04982989281415939], [0.030817348510026932, 0.9994378089904785, -0.01320403628051281], [-0.049404118210077286, 0.014717258512973785, 0.9986704587936401]]], [-0.09324280548095704, 0.053822032928466795, 0.4508081970214844, -0.01168918187195014, 0.050585205049666904, 0.05173680499773986, [[0.9973844885826111, -0.05230043828487396, 0.04988805204629898], [0.051647577434778214, 0.9985631704330444, 0.01428793091326952], [-0.05056363344192505, -0.011673963628709316, 0.9986526370048523]]], [-0.0925183334350586, 0.05674353790283203, 0.45089581298828124, 0.012338015195174766, 0.05361352456467605, 0.04530319564803498, [[0.9975386261940002, -0.044623780995607376, 0.05408753454685211], [0.045222628861665726, 0.998927891254425, -0.009898358024656773], [-0.05358784273266792, 0.012319974601268768, 0.998487114906311]]], [-0.09008106231689453, 0.06321244812011718, 0.4519189758300781, 0.010755195277433922, 0.043249599347667145, 0.05317247107536138, [[0.9976528882980347, -0.05267999693751335, 0.04374411329627037], [0.05309772118926048, 0.9985536336898804, -0.008442032150924206], [-0.04323611781001091, 0.010744931176304817, 0.9990071058273315]]], [-0.08822757720947266, 0.06373031997680664, 0.4527002868652344, -0.015907591192092705, 0.05255586615026253, 0.062177781816673106, [[0.99668949842453, -0.06296386569738388, 0.05143510922789574], [0.0620519295334816, 0.9978893995285034, 0.01913996785879135], [-0.05253167450428009, -0.01588495634496212, 0.9984928965568542]]], [-0.0861938018798828, 0.06847848510742187, 0.4546315002441406, 0.03332216163318642, 0.04404429695929113, 0.055654914567729044, [[0.9974833726882935, -0.0541306734085083, 0.045790720731019974], [0.05557224154472351, 0.9979789853096008, -0.030816547572612762], [-0.04403005912899971, 0.03328368440270424, 0.9984756112098694]]], [-0.0828202133178711, 0.07424269866943359, 0.4570540161132812, 0.01955241630147784, 0.04477193185408401, 0.05444489562456852, [[0.9975176453590393, -0.05353384464979172, 0.04574605077505112], [0.054363470524549484, 0.9983749985694885, -0.01708708144724369], [-0.04475697502493858, 0.019531577825546265, 0.9988069534301758]]], [-0.08004637908935547, 0.07580001831054688, 0.45913470458984373, -0.0053649860202389515, 0.038976366726620304, 0.06236707775017043, [[0.9972978234291077, -0.0625344067811966, 0.038555800914764404], [0.062279317528009415, 0.9980283975601196, 0.007783146575093269], [-0.038966499269008636, -0.00536088552325964, 0.9992261528968811]]], [-0.076144287109375, 0.08114876556396484, 0.4628604736328125, 0.0156845547574707, 0.05059043439719679, 0.044223169585275494, [[0.9977441430091858, -0.043410975486040115, 0.051206570118665695], [0.04415219649672508, 0.9989345073699951, -0.013433266431093216], [-0.05056885629892349, 0.01566384546458721, 0.9985977411270142]]], [-0.07398446655273437, 0.08711354064941407, 0.46630975341796876, 0.0011907303086243597, 0.034922019228575296, 0.04139146306827239, [[0.9985343217849731, -0.041338078677654266, 0.03493426367640495], [0.04135441407561302, 0.9991444945335388, 0.00025505590019747615], [-0.03491492196917534, 0.0011900040553882718, 0.9993895888328552]]], [-0.07022147369384765, 0.08897663879394531, 0.46871368408203123, 0.0060436225642916536, 0.032744209545036096, 0.05977736100693551, [[0.9976787567138672, -0.059543170034885406, 0.03304034098982811], [0.05970974266529083, 0.9982074499130249, -0.004076979588717222], [-0.03273835778236389, 0.006040345877408981, 0.9994456768035889]]], [-0.06744204711914062, 0.09450211334228516, 0.47062945556640623, 0.03243973032025191, 0.0222524829808044, 0.05232183115123551, [[0.9983842968940735, -0.0515497550368309, 0.023904740810394287], [0.05228501558303833, 0.9981438517570496, -0.03122660517692566], [-0.022250646725296974, 0.03242601081728935, 0.999226450920105]]], [-0.06612661743164062, 0.09729734039306641, 0.47230819702148436, -0.016198843696685363, 0.01377974757704159, 0.05428843997956567, [[0.998431921005249, -0.05447752773761749, 0.012878266163170338], [0.0542566254734993, 0.998383641242981, 0.016921862959861755], [-0.013779311440885067, -0.0161965973675251, 0.9997738599777222]]], [-0.0626145248413086, 0.09986495971679688, 0.47378182983398437, 0.03744901418197594, 0.018580693171761364, 0.06101798930556436, [[0.9979667067527771, -0.06024304777383804, 0.020815156400203705], [0.060969606041908264, 0.9974815845489502, -0.03623839095234871], [-0.018579624593257904, 0.03743379935622215, 0.9991263747215271]]], [-0.06042911911010742, 0.10631189727783204, 0.47419894409179686, 0.018981122210373638, 0.02269271708338083, 0.06212877276404673, [[0.9978136420249939, -0.06164778769016266, 0.023821355774998665], [0.06207282468676567, 0.9979175925254822, -0.0175347737967968], [-0.022690769284963608, 0.018975095823407173, 0.9995624423027039]]], [-0.059324382781982425, 0.1091570816040039, 0.475822998046875, 2.3823558855842752e-05, 0.015021825036809489, 0.036085981924894484, [[0.9992362260818481, -0.036077793687582016, 0.015012340620160103], [0.03607407957315445, 0.9993489980697632, 0.0005181312444619834], [-0.015021259896457195, 2.3820879505365156e-05, 0.9998871684074402]]], [-0.05718628311157226, 0.11291021728515625, 0.4755722961425781, 0.009329358735298304, 0.01489062810775299, 0.039395002196548776, [[0.9991133213043213, -0.03924429416656494, 0.015245307236909866], [0.03938044607639313, 0.999186098575592, -0.008735567331314087], [-0.014890077523887157, 0.009328189305961132, 0.9998456239700317]]], [-0.05457799530029297, 0.11972136688232422, 0.47554946899414063, 0.005232405186670477, 0.0243629414067541, 0.04993174842785937, [[0.9984572529792786, -0.04978301376104355, 0.02459098957479], [0.04989619180560112, 0.9987463355064392, -0.004010017961263657], [-0.02436053194105625, 0.005230828654021025, 0.9996895790100098]]], [-0.05435899353027344, 0.12486089324951172, 0.476491455078125, -0.015401413787693196, 0.021358407578041305, 0.0448681372186219, [[0.998765766620636, -0.045176345854997635, 0.020641986280679703], [0.044842854142189026, 0.9988603591918945, 0.01634310930967331], [-0.02135678380727768, -0.01539729256182909, 0.9996533393859863]]], [-0.05213816070556641, 0.1292901611328125, 0.47662796020507814, 0.02923578190658569, 0.01608368886714051, 0.060317014614856716, [[0.9980523586273193, -0.05978541076183319, 0.017808983102440834], [0.06027264893054962, 0.9977832436561584, -0.02820938266813755], [-0.016082994639873505, 0.029227836057543755, 0.9994433522224426]]], [-0.0497580451965332, 0.1359606170654297, 0.4776282958984375, -0.02037606523608418, 0.023275356976815154, 0.05645954121142435, [[0.9981361627578735, -0.056891266256570816, 0.022081615403294563], [0.05641426518559456, 0.9981725811958313, 0.021655216813087463], [-0.023273255676031113, -0.020369136705994606, 0.9995216131210327]]], [-0.049363502502441405, 0.13850013732910157, 0.47923129272460935, -0.00919763042607736, 0.026206918893764364, 0.03477482386343019, [[0.9990522265434265, -0.035007208585739136, 0.025867192074656487], [0.034755878150463104, 0.9993447661399841, 0.0101029546931386], [-0.02620391920208931, -0.00919434241950512, 0.9996143579483032]]], [-0.046995704650878906, 0.1460746612548828, 0.48119741821289064, 0.01903389503131548, 0.026014407169622444, 0.038234663669505065, [[0.9989310503005981, -0.03772371634840965, 0.026715287938714027], [0.03821241483092308, 0.9991070628166199, -0.018024718388915062], [-0.026011472567915916, 0.01902630552649498, 0.9994805455207825]]], [-0.04395294189453125, 0.15381739807128905, 0.4828565673828125, -0.008171479080575503, 0.019939562341336092, 0.056854014963312854, [[0.9981857538223267, -0.056984152644872665, 0.019441034644842148], [0.0568120963871479, 0.9983416795730591, 0.009291105903685093], [-0.019938241690397263, -0.008169763721525669, 0.9997678399085999]]], [-0.044258708953857424, 0.1592386932373047, 0.48576730346679686, -0.021873665096975067, 0.0039810624221585655, 0.04373183635299094, [[0.9990360140800476, -0.043794430792331696, 0.0030200998298823833], [0.04371755197644234, 0.9988011121749878, 0.022025011479854584], [-0.003981051966547966, -0.021871747449040413, 0.9997528791427612]]], [-0.04192031478881836, 0.16475224304199218, 0.4879615478515625, 0.012400480511783465, 0.011340811263927941, 0.04635373580134659, [[0.9988616108894348, -0.04619310051202774, 0.011902104131877422], [0.046334158629179, 0.9988555908203125, -0.01186139415949583], [-0.011340567842125893, 0.012399365194141865, 0.9998587965965271]]], [-0.039316505432128904, 0.16930516052246095, 0.49066055297851563, -0.0038828926913162184, 0.01488916912181093, 0.06866103524950362, [[0.9975332021713257, -0.06866426020860672, 0.014587032608687878], [0.06859949231147766, 0.9976322650909424, 0.004895191174000502], [-0.01488861907273531, -0.0038824526127427816, 0.9998816251754761]]], [-0.038009483337402346, 0.17288517761230468, 0.4935971374511719, 0.025688432299983667, 0.029819291127357372, 0.0245090354710142, [[0.9992552399635315, -0.02373291365802288, 0.030425550416111946], [0.0244956873357296, 0.9993886351585388, -0.024947473779320717], [-0.02981487289071083, 0.025674188509583473, 0.9992256760597229]]], [-0.03742395782470703, 0.18083790588378906, 0.49501971435546877, 0.021748177246875215, 0.02403210003334766, 0.015599896047004, [[0.9995896220207214, -0.015073074959218502, 0.024360409006476402], [0.01559475902467966, 0.9996500015258789, -0.02136905863881111], [-0.024029787629842758, 0.021740183234214783, 0.999474823474884]]], [-0.033888439178466796, 0.1854116973876953, 0.49720077514648436, -0.002301322818397865, 0.025329010627109794, 0.04862222429830818, [[0.9984977841377258, -0.04866115376353264, 0.025184452533721924], [0.04858747869729996, 0.9988126754760742, 0.0035295337438583374], [-0.025326302275061607, -0.002300582593306899, 0.9996765851974487]]], [-0.0335971794128418, 0.19007968139648437, 0.4975059814453125, 0.027390190154803307, 0.029256418148912333, 0.02776218948566535, [[0.9991868734359741, -0.026947395876049995, 0.029990224167704582], [0.027746744453907013, 0.9992619752883911, -0.02656451426446438], [-0.029252244159579277, 0.02737504616379738, 0.9991971254348755]]], [-0.03185469627380371, 0.19839349365234374, 0.4978837890625, 0.02034196691187195, 0.03630771525428589, -0.003800386780072244, [[0.9993337392807007, 0.004537943284958601, 0.036214664578437805], [-0.0037978729233145714, 0.9997830986976624, -0.020478341728448868], [-0.03629973903298378, 0.020327158272266388, 0.9991341829299927]]], [-0.028446680068969728, 0.2011176300048828, 0.49813763427734375, -0.020085248845300427, 0.03159930812811229, 0.05437106218202892, [[0.9980238080024719, -0.05496691167354584, 0.030449554324150085], [0.05431714653968811, 0.9982863664627075, 0.02177082933485508], [-0.03159404918551445, -0.020073872059583664, 0.999299168586731]]], [-0.027230878829956055, 0.20669398498535158, 0.4990531005859375, 0.011670150582729213, 0.03470073057938783, 0.029347753524574516, [[0.9989676475524902, -0.02893684431910515, 0.03501890227198601], [0.029325876384973526, 0.9995132088661194, -0.01064689178019762], [-0.03469376638531685, 0.01166286040097475, 0.9993299245834351]]], [-0.0259077205657959, 0.2140241241455078, 0.5003080139160156, 0.014689780005437197, 0.021780268549230986, 0.016546626714628223, [[0.9996259808540344, -0.016224220395088196, 0.022016262635588646], [0.016541946679353714, 0.9997605085372925, -0.014326934702694416], [-0.021778546273708344, 0.014685767702758312, 0.9996549487113953]]], [-0.021856237411499023, 0.21602621459960938, 0.5014490966796875, -0.006217142911015577, 0.027027389624833198, 0.07127941103722463, [[0.9970964193344116, -0.07138527929782867, 0.026512179523706436], [0.07119305431842804, 0.9974294304847717, 0.008125909604132175], [-0.027024099603295326, -0.006214832421392202, 0.999615490436554]]], [-0.019505874633789062, 0.22156983947753905, 0.5040616149902344, 0.0490286301011878, 0.03574635882955102, 0.04856094453807927, [[0.9981830716133118, -0.046734075993299484, 0.03803270682692528], [0.048510849475860596, 0.9977059364318848, -0.04721847549080849], [-0.0357387475669384, 0.04897768050432205, 0.9981602430343628]]], [-0.019693681716918945, 0.2274475555419922, 0.505235595703125, 0.015376588885155234, 0.014362422394342378, -0.011169499408660712, [[0.9998344779014587, 0.011388761922717094, 0.01418759673833847], [-0.011168114840984344, 0.9998169541358948, -0.015535417012870312], [-0.014361928217113018, 0.015374396927654743, 0.9997786283493042]]], [-0.013341304779052734, 0.23205296325683594, 0.5084130249023437, 0.015131016950356319, 0.026888607527969066, 0.049212783931318074, [[0.9984282851219177, -0.04878099635243416, 0.027594054117798805], [0.049175139516592026, 0.9986949563026428, -0.013789703138172626], [-0.026885367929935455, 0.015124970115721226, 0.9995241165161133]]], [-0.01201675033569336, 0.23675054931640624, 0.5109254760742188, 0.04098776731360203, 0.028294454337486563, 0.03498928567009715, [[0.9989879131317139, -0.03379422798752785, 0.029683055356144905], [0.034968145191669464, 0.9985890984535217, -0.03996237367391586], [-0.028290679678320885, 0.04095989093184471, 0.9987602233886719]]], [-0.012174911499023437, 0.2420762176513672, 0.5127835693359375, -0.0031626908391584546, 0.010633642752866379, 0.017166599523525, [[0.9997961521148682, -0.01719929650425911, 0.010577532462775707], [0.01716478541493416, 0.9998470544815063, 0.0033447497989982367], [-0.010633442550897598, -0.0031625067349523306, 0.9999384880065918]]], [-0.007471346855163574, 0.24406163024902344, 0.5155069580078125, 0.010443301502305033, 0.012087361776984551, 0.05040420668745572, [[0.9986570477485657, -0.05025405436754227, 0.012597212567925453], [0.0503791868686676, 0.998681902885437, -0.009820900857448578], [-0.01208706758916378, 0.010442349128425121, 0.9998724460601807]]], [-0.006880982398986817, 0.2502883453369141, 0.5176783447265625, 0.031144777087008635, 0.011944973214902843, 0.057727625842080965, [[0.9982630014419556, -0.057296253740787506, 0.013715634122490883], [0.05769145116209984, 0.9978715181350708, -0.030399048700928688], [-0.011944688856601715, 0.03113752044737339, 0.9994437098503113]]], [-0.008250060081481934, 0.2563349609375, 0.518644775390625, 0.025692171545543672, 0.0012917710392330584, 0.011766459899807109, [[0.9999299645423889, -0.011729123070836067, 0.0015935206320136786], [0.011766178533434868, 0.9996011853218079, -0.025672372430562973], [-0.0012917707208544016, 0.025689324364066124, 0.9996691346168518]]], [-0.004655943393707275, 0.257130859375, 0.51980407