{
    "amplitude": 0.05348055908370166,
    "frequency": 0.02660919024881188,
    "seed": 1762038067,
    "time_interval": 0.05,
    "pid_gains": {
        "pid_rate": {
            "roll_kp": "50.0",
            "roll_ki": "0.0",
            "roll_kd": "0.0",
            "pitch_kp": "50.0",
            "pitch_ki": "0.0",
            "pitch_kd": "0.0",
            "yaw_kp": "80.0",
            "yaw_ki": "0.0",
            "yaw_kd": "0.0"
        },
        "pid_attitude": {
            "roll_kp": "6.0",
            "roll_ki": "0.0",
            "roll_kd": "0.20000000298023224",
            "pitch_kp": "6.0",
            "pitch_ki": "0.0",
            "pitch_kd": "1.0",
            "yaw_kp": "10.0",
            "yaw_ki": "0.0",
            "yaw_kd": "0.3499999940395355"
        },
        "velCtlPid": {
            "vxKp": "15.0",
            "vxKi": "1.0",
            "vxKd": "0.0",
            "vyKp": "10.0",
            "vyKi": "1.0",
            "vyKd": "0.0",
            "vzKp": "12.5",
            "vzKi": "0.5",
            "vzKd": "0.0"
        },
        "posCtlPid": {
            "xKp": "1.5",
            "xKi": "0.0",
            "xKd": "0.0",
            "yKp": "1.5",
            "yKi": "0.0",
            "yKd": "0.0",
            "zKp": "5.0",
            "zKi": "0.5",
            "zKd": "0.0"
        }
    },
    "pose": [
        [
            0.053916351318359375,
            0.002784715414047241,
            0.2619466247558594,
            0.020993782360873542,
            0.0271951896497844,
            0.42900773602211895,
            [
                [
                    0.9090426564216614,
                    -0.41535791754722595,
                    0.033454351127147675
                ],
                [
                    0.4158148467540741,
                    0.9094160199165344,
                    -0.007781441323459148
                ],
                [
                    -0.02719183638691902,
                    0.020984478294849396,
                    0.9994099736213684
                ]
            ]
        ],
        [
            0.05389634323120117,
            0.002805300712585449,
            0.261918212890625,
            0.022326849919168917,
            0.027706260840337116,
            0.4297951001958181,
            [
                [
                    0.9087022542953491,
                    -0.4160184860229492,
                    0.03447939082980156
                ],
                [
                    0.41652461886405945,
                    0.909082293510437,
                    -0.008754146285355091
                ],
                [
                    -0.02770271524786949,
                    0.022316426038742065,
                    0.9993670582771301
                ]
            ]
        ],
        [
            0.05352623748779297,
            0.0025573201179504394,
            0.2620606689453125,
            0.021332603317035348,
            0.026230624566112803,
            0.433171219254269,
            [
                [
                    0.9073269367218018,
                    -0.41914793848991394,
                    0.03275350481271744
                ],
                [
                    0.4196068346500397,
                    0.9076675176620483,
                    -0.008354268968105316
                ],
                [
                    -0.026227615773677826,
                    0.02132364735007286,
                    0.9994285702705383
                ]
            ]
        ],
        [
            0.05438740921020508,
            0.0022134559154510496,
            0.2619966125488281,
            0.025065651943936007,
            0.027974584811991887,
            0.5640487891275288,
            [
                [
                    0.8447668552398682,
                    -0.5338518023490906,
                    0.03702974319458008
                ],
                [
                    0.5344030261039734,
                    0.8452067971229553,
                    -0.006231795065104961
                ],
                [
                    -0.02797093614935875,
                    0.025053221732378006,
                    0.9992947578430176
                ]
            ]
        ],
        [
            0.053809471130371093,
            0.003271045684814453,
            0.26204156494140624,
            0.022059745489532046,
            0.029789715969615438,
            0.6379729454177967,
            [
                [
                    0.8029482364654541,
                    -0.5948956608772278,
                    0.03705787658691406
                ],
                [
                    0.5953040719032288,
                    0.8035005331039429,
                    1.561203862365801e-05
                ],
                [
                    -0.029785310849547386,
                    0.022048169746994972,
                    0.9993131160736084
                ]
            ]
        ],
        [
            0.052391876220703126,
            0.00439331865310669,
            0.2657851867675781,
            0.014923506754140503,
            0.02191104747134731,
            0.6350191584999789,
            [
                [
                    0.8048670887947083,
                    -0.5928636789321899,
                    0.02648852951824665
                ],
                [
                    0.5930505394935608,
                    0.805164635181427,
                    0.000981113757006824
                ],
                [
                    -0.02190929464995861,
                    0.014919370412826538,
                    0.9996486306190491
                ]
            ]
        ],
        [
            0.050174373626708985,
            0.005410515785217286,
            0.2733734130859375,
            0.018410166091090224,
            0.04188942253638883,
            0.42680460261975095,
            [
                [
                    0.9094946384429932,
                    -0.4131922423839569,
                    0.04573476314544678
                ],
                [
                    0.4136010408401489,
                    0.9104580283164978,
                    0.0005750089767389
                ],
                [
                    -0.04187717288732529,
                    0.018392976373434067,
                    0.9989534616470337
                ]
            ]
        ],
        [
            0.045681243896484376,
            0.006120934963226319,
            0.29519598388671875,
            0.01837626810728807,
            -0.034107077451161816,
            0.23441072925866388,
            [
                [
                    0.97208571434021,
                    -0.23284012079238892,
                    -0.028894251212477684
                ],
                [
                    0.23213478922843933,
                    0.9723415970802307,
                    -0.025791870430111885
                ],
                [
                    0.03410046547651291,
                    0.018364546820521355,
                    0.9992496967315674
                ]
            ]
        ],
        [
            0.04246985244750977,
            0.005362178802490234,
            0.31644406127929686,
            0.07557553917537166,
            -0.05572127086326839,
            0.26737036785850476,
            [
                [
                    0.962972104549408,
                    -0.26749759912490845,
                    -0.03361254185438156
                ],
                [
                    0.26378610730171204,
                    0.9606049656867981,
                    -0.08749262243509293
                ],
                [
                    0.05569244176149368,
                    0.07538643479347229,
                    0.9955979585647583
                ]
            ]
        ],
        [
            0.037161296844482425,
            0.0026664583683013916,
            0.3385923767089844,
            0.02904345243113264,
            -0.06519525097248291,
            0.21563190312946912,
            [
                [
                    0.9747661352157593,
                    -0.21572257578372955,
                    -0.05740007385611534
                ],
                [
                    0.2135101854801178,
                    0.9760246276855469,
                    -0.04230058565735817
                ],
                [
                    0.06514907628297806,
                    0.02897767536342144,
                    0.9974547028541565
                ]
            ]
        ],
        [
            0.028574752807617187,
            0.0008145750164985656,
            0.35751229858398437,
            0.0009685542934548541,
            -0.09202521347531323,
            0.1827687985983409,
            [
                [
                    0.9791833758354187,
                    -0.18184038996696472,
                    -0.09018871188163757
                ],
                [
                    0.18098388612270355,
                    0.9833275675773621,
                    -0.017654670402407646
                ],
                [
                    0.09189537912607193,
                    0.0009644560050219297,
                    0.9957681894302368
                ]
            ]
        ],
        [
            0.018645856857299806,
            -0.0014362492561340332,
            0.3729734497070312,
            -0.0017904998242101455,
            -0.11881875016383625,
            0.22673344291747954,
            [
                [
                    0.9675357341766357,
                    -0.22458860278129578,
                    -0.11590777337551117
                ],
                [
                    0.22321082651615143,
                    0.9744520783424377,
                    -0.024902435019612312
                ],
                [
                    0.11853937059640884,
                    -0.0017778753535822034,
                    0.9929477572441101
                ]
            ]
        ],
        [
            0.0072917242050170895,
            -0.004142955303192138,
            0.38376956176757815,
            0.01655029127158912,
            -0.133936238889532,
            0.16894920784320322,
            [
                [
                    0.976933479309082,
                    -0.17030207812786102,
                    -0.1288340836763382
                ],
                [
                    0.16664068400859833,
                    0.9852554202079773,
                    -0.038764480501413345
                ],
                [
                    0.13353615999221802,
                    0.016401316970586777,
                    0.9909082055091858
                ]
            ]
        ],
        [
            -0.007778031826019287,
            -0.0077673721313476565,
            0.39437274169921877,
            0.029305691823781413,
            -0.14387038588124446,
            0.1763435645094129,
            [
                [
                    0.9743204712867737,
                    -0.17949163913726807,
                    -0.13595008850097656
                ],
                [
                    0.17361855506896973,
                    0.9833319783210754,
                    -0.053988631814718246
                ],
                [
                    0.14337457716464996,
                    0.02899876795709133,
                    0.9892435669898987
                ]
            ]
        ],
        [
            -0.020147878646850585,
            -0.013795517921447753,
            0.3974026184082031,
            0.002607886896844852,
            -0.1596792176994497,
            0.192960032545393,
            [
                [
                    0.9689553380012512,
                    -0.1921711415052414,
                    -0.15554995834827423
                ],
                [
                    0.1893252581357956,
                    0.9813580513000488,
                    -0.033050280064344406
                ],
                [
                    0.15900151431560516,
                    0.002574705518782139,
                    0.9872750043869019
                ]
            ]
        ],
        [
            -0.03596014404296875,
            -0.017990076065063476,
            0.40043963623046874,
            0.01891314166825489,
            -0.1647553502350465,
            0.18887124260380278,
            [
                [
                    0.968916118144989,
                    -0.19076336920261383,
                    -0.1575148105621338
                ],
                [
                    0.18520791828632355,
                    0.9814587831497192,
                    -0.049363311380147934
                ],
                [
                    0.16401100158691406,
                    0.018655916675925255,
                    0.9862821102142334
                ]
            ]
        ],
        [
            -0.05501004409790039,
            -0.021800243377685546,
            0.40231698608398436,
            -0.002310656439805825,
            -0.1677806470024048,
            0.14832203290892426,
            [
                [
                    0.975132405757904,
                    -0.1473967730998993,
                    -0.16550207138061523
                ],
                [
                    0.14570365846157074,
                    0.9890748262405396,
                    -0.02239290624856949
                ],
                [
                    0.16699457168579102,
                    -0.002278207102790475,
                    0.9859551787376404
                ]
            ]
        ],
        [
            -0.07193132019042969,
            -0.02777656364440918,
            0.4022628173828125,
            -0.014054484694007413,
            -0.16724801137635148,
            0.1609592579785424,
            [
                [
                    0.9733009934425354,
                    -0.15793998539447784,
                    -0.16655375063419342
                ],
                [
                    0.15802890062332153,
                    0.9873514771461487,
                    -0.012804245576262474
                ],
                [
                    0.16646939516067505,
                    -0.013857920654118061,
                    0.9859492182731628
                ]
            ]
        ],
        [
            -0.09206536102294922,
            -0.03414247512817383,
            0.40346560668945314,
            0.015408101589856116,
            -0.15670556179099315,
            0.1716608182958776,
            [
                [
                    0.9732292890548706,
                    -0.17316794395446777,
                    -0.15112106502056122
                ],
                [
                    0.1687259078025818,
                    0.9847747087478638,
                    -0.04183673858642578
                ],
                [
                    0.1560649871826172,
                    0.015218700282275677,
                    0.9876295328140259
                ]
            ]
        ],
        [
            -0.11451575469970703,
            -0.037168251037597654,
            0.40343499755859374,
            -0.023288010198893427,
            -0.16106483592573118,
            0.1518902263771809,
            [
                [
                    0.9756929278373718,
                    -0.14757448434829712,
                    -0.1620033234357834
                ],
                [
                    0.14934851229190826,
                    0.9887838363647461,
                    -0.0012405937304720283
                ],
                [
                    0.16036935150623322,
                    -0.022984517738223076,
                    0.9867894053459167
                ]
            ]
        ],
        [
            -0.13534544372558593,
            -0.04179363250732422,
            0.4025600891113281,
            -0.01822137432646931,
            -0.1551791760100567,
            0.19037410875004931,
            [
                [
                    0.970134437084198,
                    -0.18642963469028473,
                    -0.15518739819526672
                ],
                [
                    0.18695248663425446,
                    0.9823033809661865,
                    -0.011350223794579506
                ],
                [
                    0.15455712378025055,
                    -0.018001427873969078,
                    0.9878198504447937
                ]
            ]
        ],
        [
            -0.1586611328125,
            -0.04671154022216797,
            0.40316506958007814,
            -0.010138562784092336,
            -0.146931781812897,
            0.1817919067450961,
            [
                [
                    0.9729238152503967,
                    -0.17932310700416565,
                    -0.14581666886806488
                ],
                [
                    0.17884419858455658,
                    0.9837391376495361,
                    -0.0164959654211998
                ],
                [
                    0.14640367031097412,
                    -0.010029147379100323,
                    0.9891740679740906
                ]
            ]
        ],
        [
            -0.1818824462890625,
            -0.04860030746459961,
            0.40271484375,
            -0.02383112670272297,
            -0.14601808081084577,
            0.1782315233362588,
            [
                [
                    0.973685622215271,
                    -0.17382687330245972,
                    -0.1473788022994995
                ],
                [
                    0.17540273070335388,
                    0.9844939708709717,
                    -0.0023368452675640583
                ],
                [
                    0.14549975097179413,
                    -0.02357529103755951,
                    0.9890773892402649
                ]
            ]
        ],
        [
            -0.20979489135742188,
            -0.054108489990234376,
            0.40272390747070314,
            -0.03445261933661706,
            -0.13989883074743004,
            0.18067175998291,
            [
                [
                    0.974112331867218,
                    -0.17485876381397247,
                    -0.14328143000602722
                ],
                [
                    0.17793488502502441,
                    0.9840025305747986,
                    0.008843444287776947
                ],
                [
                    0.13944293558597565,
                    -0.03410927206277847,
                    0.9896425008773804
                ]
            ]
        ],
        [
            -0.23371644592285157,
            -0.055363487243652344,
            0.402359375,
            -0.01614895472840916,
            -0.13256774864247856,
            0.16167415416041417,
            [
                [
                    0.9782993793487549,
                    -0.15884312987327576,
                    -0.1330384463071823
                ],
                [
                    0.15955835580825806,
                    0.9871740937232971,
                    -0.005336640868335962
                ],
                [
                    0.13217979669570923,
                    -0.01600656472146511,
                    0.9910964965820312
                ]
            ]
        ],
        [
            -0.25491128540039065,
            -0.055716068267822265,
            0.4034925537109375,
            -0.03709537871673507,
            -0.13597356959201679,
            0.15653937794681771,
            [
                [
                    0.9786553978919983,
                    -0.15082775056362152,
                    -0.13958725333213806
                ],
                [
                    0.1544618457555771,
                    0.9878769516944885,
                    0.015514806844294071
                ],
                [
                    0.1355549544095993,
                    -0.036744553595781326,
                    0.9900882244110107
                ]
            ]
        ],
        [
            -0.27822451782226565,
            -0.05987712860107422,
            0.4033599853515625,
            -0.018610526006710468,
            -0.13244937160150427,
            0.17150552656182283,
            [
                [
                    0.9766988158226013,
                    -0.16821487247943878,
                    -0.13327842950820923
                ],
                [
                    0.16917118430137634,
                    0.9855777621269226,
                    -0.004198233596980572
                ],
                [
                    0.13206245005130768,
                    -0.018446458503603935,
                    0.9910697340965271
                ]
            ]
        ],
        [
            -0.3005325927734375,
            -0.061822608947753904,
            0.4044407043457031,
            0.00230653853938996,
            -0.10378680586357536,
            0.18806066729104554,
            [
                [
                    0.9770824909210205,
                    -0.18718835711479187,
                    -0.10134247690439224
                ],
                [
                    0.18594810366630554,
                    0.9823213815689087,
                    -0.02163437195122242
                ],
                [
                    0.10360057651996613,
                    0.0022941245697438717,
                    0.9946163296699524
                ]
            ]
        ],
        [
            -0.32470242309570313,
            -0.06218346405029297,
            0.40548626708984375,
            -0.02450978642305271,
            -0.08780906460778226,
            0.1640868550484601,
            [
                [
                    0.9827669262886047,
                    -0.16118212044239044,
                    -0.09049564599990845
                ],
                [
                    0.1627221703529358,
                    0.98662269115448,
                    0.009857133030891418
                ],
                [
                    0.08769626915454865,
                    -0.024412911385297775,
                    0.9958480596542358
                ]
            ]
        ],
        [
            -0.3441413269042969,
            -0.066643798828125,
            0.40556381225585936,
            -0.003978626310415734,
            -0.07215195366251681,
            0.21560641059083063,
            [
                [
                    0.974305272102356,
                    -0.21365797519683838,
                    -0.0712708979845047
                ],
                [
                    0.21338319778442383,
                    0.9769004583358765,
                    -0.01153616700321436
                ],
                [
                    0.07208936661481857,
                    -0.003968263976275921,
                    0.9973902702331543
                ]
            ]
        ],
        [
            -0.3687099304199219,
            -0.06852151489257813,
            0.40635281372070314,
            0.010906720472276435,
            -0.04960279631351239,
            0.18521971121746184,
            [
                [
                    0.9816868901252747,
                    -0.18468305468559265,
                    -0.04672292247414589
                ],
                [
                    0.1839359849691391,
                    0.9827377796173096,
                    -0.01985064335167408
                ],
                [
                    0.04958245903253555,
                    0.010893089696764946,
                    0.9987106323242188
                ]
            ]
        ],
        [
            -0.38701065063476564,
            -0.06919806671142578,
            0.40762326049804687,
            0.00011168328479563283,
            -0.030979322484715244,
            0.16176090071243013,
            [
                [
                    0.9864716529846191,
                    -0.16105978190898895,
                    -0.03055201657116413
                ],
                [
                    0.16097909212112427,
                    0.9869446754455566,
                    -0.005098844412714243
                ],
                [
                    0.030974367633461952,
                    0.00011162971350131556,
                    0.9995201826095581
                ]
            ]
        ],
        [
            -0.40365621948242186,
            -0.07673294067382813,
            0.4075517578125,
            0.010735962682028977,
            -0.020641755830434594,
            0.19881284986593087,
            [
                [
                    0.9800928831100464,
                    -0.1977115422487259,
                    -0.018112173303961754
                ],
                [
                    0.19746363162994385,
                    0.9802014827728271,
                    -0.014600620605051517
                ],
                [
                    0.020640289410948753,
                    0.010733469389379025,
                    0.999729335308075
                ]
            ]
        ],
        [
            -0.4152142333984375,
            -0.07875113677978515,
            0.40792034912109376,
            0.04982924298441078,
            0.00479869087567053,
            0.17470603089553355,
            [
                [
                    0.9847663640975952,
                    -0.17336753010749817,
                    0.01337742805480957
                ],
                [
                    0.17381665110588074,
                    0.983596920967102,
                    -0.04821735993027687
                ],
                [
                    -0.004798672627657652,
                    0.04980805143713951,
                    0.9987472891807556
                ]
            ]
        ],
        [
            -0.42941281127929687,
            -0.08082337951660157,
            0.40877349853515627,
            0.021198844213378698,
            0.01785270324605004,
            0.162325421455614,
            [
                [
                    0.9866968989372253,
                    -0.16120374202728271,
                    0.021038882434368134
                ],
                [
                    0.16158774495124817,
                    0.9866935610771179,
                    -0.018034163862466812
                ],
                [
                    -0.017851755023002625,
                    0.02119387872517109,
                    0.9996159672737122
                ]
            ]
        ],
        [
            -0.44016357421875,
            -0.08658641052246094,
            0.40865884399414065,
            0.023165383979558335,
            0.03797485263545841,
            0.1722142486382141,
            [
                [
                    0.9844974279403687,
                    -0.17045187950134277,
                    0.04136345535516739
                ],
                [
                    0.17124071717262268,
                    0.9850941300392151,
                    -0.016316451132297516
                ],
                [
                    -0.03796572610735893,
                    0.02314661256968975,
                    0.9990109205245972
                ]
            ]
        ],
        [
            -0.44871392822265627,
            -0.0875445785522461,
            0.40916851806640625,
            0.04388395217589036,
            0.06063438542988453,
            0.17240598121186165,
            [
                [
                    0.9833644032478333,
                    -0.1687690168619156,
                    0.06716741621494293
                ],
                [
                    0.17123788595199585,
                    0.9846824407577515,
                    -0.032833851873874664
                ],
                [
                    -0.06059723719954491,
                    0.043789248913526535,
                    0.9972013235092163
                ]
            ]
        ],
        [
            -0.4548983154296875,
            -0.08907323455810547,
            0.409043212890625,
            -0.006382284943873509,
            0.08686997543173614,
            0.16503315047220435,
            [
                [
                    0.9826933145523071,
                    -0.1648278832435608,
                    0.08453167974948883
                ],
                [
                    0.1636655479669571,
                    0.986301839351654,
                    0.020548729225993156
                ],
                [
                    -0.0867607593536377,
                    -0.0063581750728189945,
                    0.996208906173706
                ]
            ]
        ],
        [
            -0.45715774536132814,
            -0.0929430160522461,
            0.40865933227539064,
            0.006153603968862345,
            0.10277619174935593,
            0.1654728088288075,
            [
                [
                    0.9811358451843262,
                    -0.16409288346767426,
                    0.10220564901828766
                ],
                [
                    0.16384950280189514,
                    0.9864258766174316,
                    0.010829541832208633
                ],
                [
                    -0.10259535163640976,
                    0.00612109387293458,
                    0.9947043657302856
                ]
            ]
        ],
        [
            -0.4582919006347656,
            -0.09025181579589844,
            0.40728924560546875,
            -0.008218540562270463,
            0.11757796172481116,
            0.15856744509901582,
            [
                [
                    0.9806367754936218,
                    -0.15885044634342194,
                    0.1145339235663414
                ],
                [
                    0.15681356191635132,
                    0.9872689247131348,
                    0.026637975126504898
                ],
                [
                    -0.11730723828077316,
                    -0.008161704987287521,
                    0.9930621385574341
                ]
            ]
        ],
        [
            -0.4571739807128906,
            -0.0894256591796875,
            0.4061062622070313,
            -0.04750694934870827,
            0.1301124683950221,
            0.16586850562038333,
            [
                [
                    0.9779386520385742,
                    -0.17099963128566742,
                    0.11997969448566437
                ],
                [
                    0.16371336579322815,
                    0.9841452240943909,
                    0.06823531538248062
                ],
                [
                    -0.12974566221237183,
                    -0.047087669372558594,
                    0.990428626537323
                ]
            ]
        ],
        [
            -0.4527015380859375,
            -0.08928780364990234,
            0.4045367431640625,
            -0.03994592110379341,
            0.13338490349054255,
            0.15249996200421065,
            [
                [
                    0.9796149134635925,
                    -0.15703772008419037,
                    0.1252748966217041
                ],
                [
                    0.150560200214386,
                    0.9867991209030151,
                    0.059658121317625046
                ],
                [
                    -0.13298973441123962,
                    -0.0395805686712265,
                    0.9903267621994019
                ]
            ]
        ],
        [
            -0.4470692138671875,
            -0.08502803039550781,
            0.40368646240234374,
            -0.018931979311038585,
            0.14102363102461002,
            0.15027014160335173,
            [
                [
                    0.9789151549339294,
                    -0.15230928361415863,
                    0.1361137181520462
                ],
                [
                    0.1482190489768982,
                    0.9881551265716553,
                    0.03975580632686615
                ],
                [
                    -0.14055666327476501,
                    -0.018742915242910385,
                    0.989895224571228
                ]
            ]
        ],
        [
            -0.4406064758300781,
            -0.08208866882324219,
            0.4040541076660156,
            -0.047532873176603575,
            0.14232443954046414,
            0.13913273683608818,
            [
                [
                    0.980323314666748,
                    -0.14520224928855896,
                    0.13372549414634705
                ],
                [
                    0.13728204369544983,
                    0.9882833957672119,
                    0.06670519709587097
                ],
                [
                    -0.14184443652629852,
                    -0.047034550458192825,
                    0.9887709021568298
                ]
            ]
        ],
        [
            -0.43059332275390627,
            -0.0802425994873047,
            0.4043734436035156,
            -0.021422148505844528,
            0.1373652084227568,
            0.14619168094834947,
            [
                [
                    0.9800137281417847,
                    -0.1485399752855301,
                    0.13232150673866272
                ],
                [
                    0.14429931342601776,
                    0.9886787533760071,
                    0.04113476723432541
                ],
                [
                    -0.13693362474441528,
                    -0.021218733862042427,
                    0.9903529286384583
                ]
            ]
        ],
        [
            -0.42061016845703125,
            -0.07451201629638672,
            0.4060487670898438,
            -0.008670108885974567,
            0.14073347972393568,
            0.1576006703588766,
            [
                [
                    0.9778426289558411,
                    -0.15814423561096191,
                    0.13716502487659454
                ],
                [
                    0.15539737045764923,
                    0.987378716468811,
                    0.03057687170803547
                ],
                [
                    -0.14026938378810883,
                    -0.008584283292293549,
                    0.9900761842727661
                ]
            ]
        ],
        [
            -0.4098411865234375,
            -0.07007875061035156,
            0.408370849609375,
            -0.013604968951426093,
            0.13585646629226478,
            0.12761656042989827,
            [
                [
                    0.9827286601066589,
                    -0.12908627092838287,
                    0.13259366154670715
                ],
                [
                    0.12609773874282837,
                    0.9915417432785034,
                    0.03072969615459442
                ],
                [
                    -0.135438933968544,
                    -0.013479192741215229,
                    0.990693986415863
                ]
            ]
        ],
        [
            -0.39617242431640626,
            -0.0668346176147461,
            0.4117966918945313,
            -0.008543962742196806,
            0.1296238012102391,
            0.16608672786269402,
            [
                [
                    0.9779652953147888,
                    -0.16640736162662506,
                    0.1260652244091034
                ],
                [
                    0.16393722593784332,
                    0.9860206842422485,
                    0.02979549951851368
                ],
                [
                    -0.1292611062526703,
                    -0.008472179993987083,
                    0.9915744066238403
                ]
            ]
        ],
        [
            -0.38291928100585937,
            -0.060150012969970704,
            0.41556851196289063,
            0.0238317029689284,
            0.1597184447876665,
            0.1414685574376093,
            [
                [
                    0.9774092435836792,
                    -0.13720513880252838,
                    0.1607666015625
                ],
                [
                    0.1392025500535965,
                    0.9902632236480713,
                    -0.0011735368752852082
                ],
                [
                    -0.15904024243354797,
                    0.02352614887058735,
                    0.9869917631149292
                ]
            ]
        ],
        [
            -0.3694768981933594,
            -0.05478099060058594,
            0.4196113891601562,
            -0.013332623775135465,
            0.13706801322732032,
            0.10689178190250737,
            [
                [
                    0.9849669337272644,
                    -0.10849016904830933,
                    0.13442488014698029
                ],
                [
                    0.1056877002120018,
                    0.994009792804718,
                    0.027832651510834694
                ],
                [
                    -0.13663922250270844,
                    -0.01320718415081501,
                    0.9905328154563904
                ]
            ]
        ],
        [
            -0.35434848022460935,
            -0.05061884307861328,
            0.42373797607421876,
            0.004697919840843681,
            0.13504087311462065,
            0.1405783718381599,
            [
                [
                    0.981120765209198,
                    -0.13948801159858704,
                    0.13395947217941284
                ],
                [
                    0.13884016871452332,
                    0.9902127981185913,
                    0.014212138019502163
                ],
                [
                    -0.13463081419467926,
                    0.004655132070183754,
                    0.9908849000930786
                ]
            ]
        ],
        [
            -0.3357880859375,
            -0.043796714782714845,
            0.4284588623046875,
            0.008507377071439982,
            0.13623775842897468,
            0.12345696505892387,
            [
                [
                    0.9831933975219727,
                    -0.12199249863624573,
                    0.1358257234096527
                ],
                [
                    0.12200254201889038,
                    0.9924952387809753,
                    0.008281826972961426
                ],
                [
                    -0.13581670820713043,
                    0.008428446017205715,
                    0.9906981587409973
                ]
            ]
        ],
        [
            -0.32461639404296877,
            -0.03722724151611328,
            0.4305233154296875,
            -0.019404302627265335,
            0.1320923185109717,
            0.12848883809567485,
            [
                [
                    0.9831169843673706,
                    -0.13064594566822052,
                    0.12811198830604553
                ],
                [
                    0.12701933085918427,
                    0.9912424683570862,
                    0.03611651062965393
                ],
                [
                    -0.1317085176706314,
                    -0.019234053790569305,
                    0.991101861000061
                ]
            ]
        ],
        [
            -0.3072625427246094,
            -0.031895854949951175,
            0.43374835205078127,
            -0.018262437168556675,
            0.12155673053617466,
