{
    "amplitude": 0.05038005111656373,
    "frequency": 0.014692907979901172,
    "seed": 1762037411,
    "time_interval": 0.05,
    "pid_gains": {
        "pid_rate": {
            "roll_kp": "50.0",
            "roll_ki": "0.0",
            "roll_kd": "0.0",
            "pitch_kp": "50.0",
            "pitch_ki": "0.0",
            "pitch_kd": "0.0",
            "yaw_kp": "80.0",
            "yaw_ki": "0.0",
            "yaw_kd": "0.0"
        },
        "pid_attitude": {
            "roll_kp": "6.0",
            "roll_ki": "0.0",
            "roll_kd": "0.20000000298023224",
            "pitch_kp": "6.0",
            "pitch_ki": "0.0",
            "pitch_kd": "1.0",
            "yaw_kp": "10.0",
            "yaw_ki": "0.0",
            "yaw_kd": "0.3499999940395355"
        },
        "velCtlPid": {
            "vxKp": "15.0",
            "vxKi": "1.0",
            "vxKd": "0.0",
            "vyKp": "10.0",
            "vyKi": "1.0",
            "vyKd": "0.0",
            "vzKp": "12.5",
            "vzKi": "0.5",
            "vzKd": "0.0"
        },
        "posCtlPid": {
            "xKp": "1.5",
            "xKi": "0.0",
            "xKd": "0.0",
            "yKp": "1.5",
            "yKi": "0.0",
            "yKd": "0.0",
            "zKp": "5.0",
            "zKi": "0.5",
            "zKd": "0.0"
        }
    },
    "pose": [
        [
            -0.007320864200592041,
            -0.011642379760742188,
            0.26297125244140623,
            -0.0029051466962582706,
            0.031235903593843206,
            0.30412181922275794,
            [
                [
                    0.953644871711731,
                    -0.2995406985282898,
                    0.02892756462097168
                ],
                [
                    0.2993093430995941,
                    0.9540790915489197,
                    0.01212402619421482
                ],
                [
                    -0.031230824068188667,
                    -0.0029037254862487316,
                    0.9995079636573792
                ]
            ]
        ],
        [
            -0.00733461332321167,
            -0.011629666328430176,
            0.26305718994140626,
            -0.002886747067068318,
            0.0315250710920576,
            0.30433659951996916,
            [
                [
                    0.9535719156265259,
                    -0.2997458875179291,
                    0.02920621819794178
                ],
                [
                    0.2995114326477051,
                    0.9540147185325623,
                    0.01219929475337267
                ],
                [
                    -0.031519848853349686,
                    -0.0028853085823357105,
                    0.9994989633560181
                ]
            ]
        ],
        [
            -0.00794087553024292,
            -0.011869913101196288,
            0.2629908447265625,
            -0.001972818255900066,
            0.029242924329626385,
            0.3098290816263755,
            [
                [
                    0.9519785046577454,
                    -0.30495020747184753,
                    0.027245014905929565
                ],
                [
                    0.3047654926776886,
                    0.9523662328720093,
                    0.010793641209602356
                ],
                [
                    -0.029238756746053696,
                    -0.0019719733390957117,
                    0.9995704889297485
                ]
            ]
        ],
        [
            -0.006843645095825196,
            -0.011844304084777832,
            0.26295220947265624,
            -0.002865208129266744,
            0.03272991178597495,
            0.394722512653081,
            [
                [
                    0.9226089119911194,
                    -0.3846370279788971,
                    0.02910575270652771
                ],
                [
                    0.3843460977077484,
                    0.9230634570121765,
                    0.0152289355173707
                ],
                [
                    -0.03272406756877899,
                    -0.002863669767975807,
                    0.9994603395462036
                ]
            ]
        ],
        [
            -0.007313546657562256,
            -0.011051128387451172,
            0.2629194030761719,
            -0.004866301251917782,
            0.0353974300947828,
            0.4964195494309208,
            [
                [
                    0.8787426948547363,
                    -0.4764261245727539,
                    0.028800148516893387
                ],
                [
                    0.4759819805622101,
                    0.8792010545730591,
                    0.0211342703551054
                ],
                [
                    -0.035390038043260574,
                    -0.004863233305513859,
                    0.9993617534637451
                ]
            ]
        ],
        [
            -0.009634660720825196,
            -0.00876344108581543,
            0.2669869384765625,
            -0.02604458564030898,
            0.00629515022711602,
            0.5457570962810991,
            [
                [
                    0.8547176122665405,
                    -0.519029438495636,
                    -0.00813849177211523
                ],
                [
                    0.5190550684928894,
                    0.8543595671653748,
                    0.025525154545903206
                ],
                [
                    -0.006295108702033758,
                    -0.026041125878691673,
                    0.9996410608291626
                ]
            ]
        ],
        [
            -0.008062050819396973,
            -0.007234681606292725,
            0.280586181640625,
            -0.014775253354294304,
            0.03002646278452703,
            0.36348904761307477,
            [
                [
                    0.9342406988143921,
                    -0.3559132516384125,
                    0.022804349660873413
                ],
                [
                    0.355377197265625,
                    0.9344022870063782,
                    0.024482129141688347
                ],
                [
                    -0.030021950602531433,
                    -0.014768055640161037,
                    0.9994401335716248
                ]
            ]
        ],
        [
            -0.011113276481628418,
            -0.005055408954620361,
            0.30211868286132815,
            -0.024827222161665607,
            0.0026926768780335397,
            0.18552592059084755,
            [
                [
                    0.9828358292579651,
                    -0.18447230756282806,
                    -0.0019335945835337043
                ],
                [
                    0.1844627857208252,
                    0.9825241565704346,
                    0.024895211681723595
                ],
                [
                    -0.0026926735881716013,
                    -0.024824582040309906,
                    0.9996882081031799
                ]
            ]
        ],
        [
            -0.011794617652893066,
            -0.0017906979322433471,
            0.3259464111328125,
            -0.021105066542269763,
            -0.0027781930911918717,
            0.18680586023274917,
            [
                [
                    0.9825986623764038,
                    -0.18562230467796326,
                    -0.00664861686527729
                ],
                [
                    0.1857205629348755,
                    0.9823945164680481,
                    0.020220497623085976
                ],
                [
                    0.0027781894896179438,
                    -0.02110341750085354,
                    0.9997734427452087
                ]
            ]
        ],
        [
            -0.013617369651794433,
            0.000987291395664215,
            0.34591629028320314,
            0.005412185789526111,
            0.015811036882303453,
            0.15301542549846264,
            [
                [
                    0.9881924390792847,
                    -0.15233221650123596,
                    0.016450336202979088
                ],
                [
                    0.1523999571800232,
                    0.9883145093917847,
                    -0.0029391564894467592
                ],
                [
                    -0.015810377895832062,
                    0.005411482881754637,
                    0.9998603463172913
                ]
            ]
        ],
        [
            -0.017772708892822266,
            0.0026535382270812986,
            0.36371023559570315,
            0.036077874671448656,
            0.01763059258205879,
            0.13370120014855388,
            [
                [
                    0.9909212589263916,
                    -0.13258624076843262,
                    0.022269222885370255
                ],
                [
                    0.13328249752521515,
                    0.9905151128768921,
                    -0.03339957073330879
                ],
                [
                    -0.017629679292440414,
                    0.03606444224715233,
                    0.9991939663887024
                ]
            ]
        ],
        [
            -0.019395263671875,
            0.0035171682834625245,
            0.3785823669433594,
            0.030526601596337632,
            0.025348463481831285,
            0.13566614747412084,
            [
                [
                    0.9904931783676147,
                    -0.13442085683345795,
                    0.02922925166785717
                ],
                [
                    0.1352069228887558,
                    0.9904544353485107,
                    -0.026814984157681465
                ],
                [
                    -0.02534574829041958,
                    0.03051205538213253,
                    0.9992129802703857
                ]
            ]
        ],
        [
            -0.0211796932220459,
            0.003792396068572998,
            0.3866524047851562,
            0.03627032154850833,
            0.016743221083173054,
            0.12405212994707675,
            [
                [
                    0.9921762943267822,
                    -0.12305036932229996,
                    0.021089749410748482
                ],
                [
                    0.12371686100959778,
                    0.9917379021644592,
                    -0.03391345962882042
                ],
                [
                    -0.016742438077926636,
                    0.03625728562474251,
                    0.9992022514343262
                ]
            ]
        ],
        [
            -0.023666917800903322,
            0.003941025018692017,
            0.3947500915527344,
            0.0437496826070056,
            0.03150700561502395,
            0.1141264578671422,
            [
                [
                    0.9930015802383423,
                    -0.11240111291408539,
                    0.03624749183654785
                ],
                [
                    0.11382235586643219,
                    0.9927008748054504,
                    -0.039867255836725235
                ],
                [
                    -0.03150179237127304,
                    0.043714020401239395,
                    0.9985473155975342
                ]
            ]
        ],
        [
            -0.025258512496948243,
            0.0011774163246154785,
            0.3959444580078125,
            0.04588708791991636,
            0.02437668137715243,
            0.11636579567161837,
            [
                [
                    0.9929420351982117,
                    -0.11487063020467758,
                    0.02950971946120262
                ],
                [
                    0.11606886237859726,
                    0.9923214316368103,
                    -0.0427338108420372
                ],
                [
                    -0.02437426708638668,
                    0.04585735872387886,
                    0.9986506104469299
                ]
            ]
        ],
        [
            -0.025970800399780274,
            1.675502210855484e-05,
            0.3967615661621094,
            0.04897171297560541,
            0.024838169213892147,
            0.12609983770203206,
            [
                [
                    0.9917539358139038,
                    -0.1244090348482132,
                    0.030765391886234283
                ],
                [
                    0.125727117061615,
                    0.9910234808921814,
                    -0.04544372856616974
                ],
                [
                    -0.0248356144875288,
                    0.04893704131245613,
                    0.9984930157661438
                ]
            ]
        ],
        [
            -0.028322542190551758,
            -0.00041375309228897095,
            0.3970799560546875,
            0.01585134037441365,
            0.016542609754974347,
            0.11113695428266993,
            [
                [
                    0.9936946630477905,
                    -0.11063379794359207,
                    0.018195709213614464
                ],
                [
                    0.1108931377530098,
                    0.9937348961830139,
                    -0.013918489217758179
                ],
                [
                    -0.0165418554097414,
                    0.01584850810468197,
                    0.999737560749054
                ]
            ]
        ],
        [
            -0.029739429473876953,
            -0.0030992698669433595,
            0.395058837890625,
            0.006374442354317764,
            0.0035032654879751934,
            0.125446220314204,
            [
                [
                    0.9921358227729797,
                    -0.1250927597284317,
                    0.004273207392543554
                ],
                [
                    0.12511669099330902,
                    0.9921245574951172,
                    -0.005885998718440533
                ],
                [
                    -0.003503258340060711,
                    0.00637436006218195,
                    0.9999735355377197
                ]
            ]
        ],
        [
            -0.03138652610778809,
            -0.00441343355178833,
            0.392991943359375,
            -0.0094780491951129,
            -0.0007851754513295006,
            0.10388861624499654,
            [
                [
                    0.9946081042289734,
                    -0.1036897823214531,
                    -0.0017637833952903748
                ],
                [
                    0.10370180755853653,
                    0.9945645332336426,
                    0.009345386177301407
                ],
                [
                    0.0007851753616705537,
                    -0.009477904066443443,
                    0.9999547600746155
                ]
            ]
        ],
        [
            -0.034242431640625,
            -0.0032220556735992434,
            0.3929497375488281,
            -0.04360100853336653,
            -0.007830526354530631,
            0.09229860941130862,
            [
                [
                    0.9957129955291748,
                    -0.09174016863107681,
                    -0.0118070337921381
                ],
                [
                    0.0921647921204567,
                    0.9948286414146423,
                    0.042680639773607254
                ],
                [
                    0.00783044658601284,
                    -0.04358585923910141,
                    0.9990190267562866
                ]
            ]
        ],
        [
            -0.035381095886230465,
            -0.0038979825973510743,
            0.39133953857421877,
            -0.04445816487942372,
            -0.009623460715082022,
            0.11279871560065291,
            [
                [
                    0.9935989379882812,
                    -0.11202347278594971,
                    -0.014555254951119423
                ],
                [
                    0.11255445331335068,
                    0.9927113056182861,
                    0.0430789552628994
                ],
                [
                    0.009623312391340733,
                    -0.04444146156311035,
                    0.9989656209945679
                ]
            ]
        ],
        [
            -0.037851085662841795,
            -0.0015629360675811768,
            0.39063070678710937,
            -0.06621787042672189,
            -0.009160023690622854,
            0.10026352683450554,
            [
                [
                    0.9949361085891724,
                    -0.0992731899023056,
                    -0.015717195346951485
                ],
                [
                    0.10009142756462097,
                    0.9928578734397888,
                    0.06492231786251068
                ],
                [
                    0.009159895591437817,
                    -0.0661667138338089,
                    0.9977665543556213
                ]
            ]
        ],
        [
            -0.04140727615356445,
            0.00010153192281723022,
            0.389871826171875,
            -0.05753570466952741,
            -0.012135845982123472,
            0.07999055966046346,
            [
                [
                    0.9967290759086609,
                    -0.07907745242118835,
                    -0.016671597957611084
                ],
                [
                    0.07989940047264099,
                    0.9952087998390198,
                    0.056352004408836365
                ],
                [
                    0.012135548517107964,
                    -0.057499732822179794,
                    0.9982717633247375
                ]
            ]
        ],
        [
            -0.04484200286865234,
            0.0024719951152801516,
            0.3885071411132813,
            -0.055418126520065315,
            -0.015842449994912355,
            0.10028809560169771,
            [
                [
                    0.9948505163192749,
                    -0.09909330308437347,
                    -0.021283617243170738
                ],
                [
                    0.10010750591754913,
                    0.9935357570648193,
                    0.05352780595421791
                ],
                [
                    0.015841787680983543,
                    -0.05538281425833702,
                    0.9983395338058472
                ]
            ]
        ],
        [
            -0.048107982635498044,
            0.004279064178466797,
            0.38873495483398435,
            -0.039185412435782,
            -0.018785827337689298,
            0.09667715688730436,
            [
                [
                    0.9951547980308533,
                    -0.0957200676202774,
                    -0.022464120760560036
                ],
                [
                    0.09650959819555283,
                    0.9946373701095581,
                    0.037180617451667786
                ],
                [
                    0.018784722313284874,
                    -0.039168473333120346,
                    0.9990560412406921
                ]
            ]
        ],
        [
            -0.05176631927490234,
            0.005184372901916504,
            0.38823751831054687,
            0.010530979386954693,
            -0.02132191023154051,
            0.07122610522674336,
            [
                [
                    0.9972377419471741,
                    -0.07138589769601822,
                    -0.020515624433755875
                ],
                [
                    0.07114972174167633,
                    0.9973931908607483,
                    -0.012021277099847794
                ],
                [
                    0.021320294588804245,
                    0.010528391227126122,
                    0.9997172355651855
                ]
            ]
        ],
        [
            -0.055278087615966795,
            0.0057060132026672365,
            0.386684326171875,
            0.02221687021816643,
            -0.03717689003846725,
            0.10226739724837733,
            [
                [
                    0.9940878748893738,
                    -0.1028854176402092,
                    -0.03469708934426308
                ],
                [
                    0.10201868414878845,
                    0.9944454431533813,
                    -0.025892524048686028
                ],
                [
                    0.03716832771897316,
                    0.022199692204594612,
                    0.9990624189376831
                ]
            ]
        ],
        [
            -0.059719074249267576,
            0.0055763840675354,
            0.3866548461914063,
            0.05076259170449994,
            -0.02493052248493899,
            0.08194423989963355,
            [
                [
                    0.9963347315788269,
                    -0.08300774544477463,
                    -0.020659025758504868
                ],
                [
                    0.08182712644338608,
                    0.9952570796012878,
                    -0.052608318626880646
                ],
                [
                    0.024927940219640732,
                    0.050725024193525314,
                    0.9984015226364136
                ]
            ]
        ],
        [
            -0.06459516906738282,
            0.004866092205047607,
            0.38536642456054687,
            0.04525086364378081,
            -0.03561933942453721,
            0.08943131785849742,
            [
                [
                    0.99537193775177,
                    -0.09082520753145218,
                    -0.03139311075210571
                ],
                [
                    0.08925550431013107,
                    0.9948402643203735,
                    -0.04823195934295654
                ],
                [
                    0.03561180830001831,
                    0.04520672932267189,
                    0.9983426928520203
                ]
            ]
        ],
        [
            -0.06820574188232421,
            0.0027239129543304443,
            0.38381103515625,
            0.06192237909398718,
            -0.02987516086660391,
            0.09399233863013873,
            [
                [
                    0.9951416850090027,
                    -0.0955144464969635,
                    -0.023873919621109962
                ],
                [
                    0.09381212294101715,
                    0.9935043454170227,
                    -0.06440777331590652
                ],
                [
                    0.029870716854929924,
                    0.06185520067811012,
                    0.9976380467414856
                ]
            ]
        ],
        [
            -0.0728952865600586,
            0.001353481411933899,
            0.3842450561523437,
            0.0327037286150386,
            -0.021562499150503456,
            0.08324460606473721,
            [
                [
                    0.996305525302887,
                    -0.0838065892457962,
                    -0.018755896016955376
                ],
                [
                    0.0831291675567627,
                    0.9959456920623779,
                    -0.034376464784145355
                ],
                [
                    0.021560829132795334,
                    0.032690297812223434,
                    0.9992329478263855
                ]
            ]
        ],
        [
            -0.07704857635498047,
            0.0006949865818023682,
            0.3842804565429688,
            0.011179127978109299,
            -0.014290936964980627,
            0.0983799135596783,
            [
                [
                    0.9950630068778992,
                    -0.0983741357922554,
                    -0.013122456148266792
                ],
                [
                    0.09821126610040665,
                    0.9950867295265198,
                    -0.012528379447758198
                ],
                [
                    0.01429045107215643,
                    0.011177754029631615,
                    0.9998354315757751
                ]
            ]
        ],
        [
            -0.08015462493896484,
            -0.00022604835033416748,
            0.38407373046875,
            -0.01931487252184392,
            -0.005185849961115485,
            0.09989584549354377,
            [
                [
                    0.9950011968612671,
                    -0.09961152076721191,
                    -0.007085158955305815
                ],
                [
                    0.09972844272851944,
                    0.9948389530181885,
                    0.01870029978454113
                ],
                [
                    0.0051858266815543175,
                    -0.01931341178715229,
                    0.9998000264167786
                ]
            ]
        ],
        [
            -0.08330322265625,
            -0.0016269526481628418,
            0.38755532836914064,
            -0.03342323747637235,
            0.0174119516051896,
            0.08494412053213883,
            [
                [
                    0.9962433576583862,
                    -0.08537434786558151,
                    0.014503438957035542
                ],
                [
                    0.08482914417982101,
                    0.99578857421875,
                    0.03477289155125618
                ],
                [
                    -0.017411071807146072,
                    -0.03341194987297058,
                    0.9992899894714355
                ]
            ]
        ],
        [
            -0.08603173828125,
            -0.0016610761880874634,
            0.3893772277832031,
            -0.04145292698600638,
            0.018033539373482954,
            0.07660214006533406,
            [
                [
                    0.9969053864479065,
                    -0.07720660418272018,
                    0.014792866073548794
                ],
                [
                    0.07651480287313461,
                    0.9961537718772888,
                    0.04269832745194435
                ],
                [
                    -0.018032561987638474,
                    -0.04143431782722473,
                    0.9989784955978394
                ]
            ]
        ],
        [
            -0.08763062286376953,
            -0.0014421287775039672,
            0.390602294921875,
            -0.044648300241548075,
            0.02715209666277074,
            0.08713794058135595,
            [
                [
                    0.9958387017250061,
                    -0.08814812451601028,
                    0.02313445322215557
                ],
                [
                    0.08699563145637512,
                    0.9951076507568359,
                    0.046824462711811066
                ],
                [
                    -0.027148760855197906,
                    -0.04461701586842537,
                    0.9986351728439331
                ]
            ]
        ],
        [
            -0.08829773712158204,
            -0.0010799204111099244,
            0.3924756164550781,
            -0.028635395972198434,
            0.03280206274902264,
            0.0788104205131965,
            [
                [
                    0.9963598251342773,
                    -0.07963267713785172,
                    0.030426856130361557
                ],
                [
                    0.07868651300668716,
                    0.9964134693145752,
                    0.031123559921979904
                ],
                [
                    -0.03279618173837662,
                    -0.028616081923246384,
                    0.9990523457527161
                ]
            ]
        ],
        [
            -0.08786259460449218,
            -0.001993454933166504,
            0.3944451599121094,
            0.0021039862057840968,
            0.04044870984393989,
            0.05524567180836791,
            [
                [
                    0.9976576566696167,
                    -0.05513250082731247,
                    0.04049207642674446
                ],
                [
                    0.05517240986227989,
                    0.9984768629074097,
                    0.00013209099415689707
                ],
                [
                    -0.04043767973780632,
                    0.0021022637374699116,
                    0.9991798400878906
                ]
            ]
        ],
        [
            -0.08643946075439453,
            -0.002804476022720337,
            0.3951620178222656,
            0.03327740170976147,
            0.04217738887706024,
            0.07052426598372567,
            [
                [
                    0.9966270923614502,
                    -0.06902741640806198,
                    0.0443812720477581
                ],
                [
                    0.07040315121412277,
                    0.9970607757568359,
                    -0.03021901659667492
                ],
                [
                    -0.0421648845076561,
                    0.033241670578718185,
                    0.9985575079917908
                ]
            ]
        ],
        [
            -0.08440204620361329,
            -0.004333391666412354,
            0.39727053833007814,
            0.046026760414166146,
            0.04685349550187623,
            0.06253782105571377,
            [
                [
                    0.9969498515129089,
                    -0.060280125588178635,
                    0.04957081377506256
                ],
                [
                    0.06242847815155983,
                    0.9971228241920471,
                    -0.04299653321504593
                ],
                [
                    -0.046836353838443756,
                    0.045960016548633575,
                    0.9978446960449219
                ]
            ]
        ],
        [
            -0.08166105651855468,
            -0.005814064979553222,
            0.3988331298828125,
            0.04423118309500229,
            0.034514052300689935,
            0.0545886653157399,
            [
                [
                    0.9979157447814941,
                    -0.05298466980457306,
                    0.036834634840488434
                ],
                [
                    0.054529063403606415,
                    0.9976170659065247,
                    -0.04226997122168541
                ],
                [
                    -0.03450720012187958,
                    0.0441904291510582,
                    0.9984269738197327
                ]
            ]
        ],
        [
            -0.07690097045898438,
            -0.00830412769317627,
            0.4000003051757812,
            0.04170925351385929,
            0.055124059018501814,
            0.07813593074158763,
            [
                [
                    0.9954346418380737,
                    -0.07569821923971176,
                    0.058135006576776505
                ],
                [
                    0.07793788611888885,
                    0.9962612390518188,
                    -0.03727307170629501
                ],
                [
                    -0.05509614571928978,
                    0.04163382574915886,
                    0.9976126551628113
                ]
            ]
        ],
        [
            -0.07187745666503906,
            -0.010697663307189942,
            0.40194915771484374,
            0.03780936994027339,
            0.06654199445542397,
            0.07172547096682974,
            [
                [
                    0.9952214360237122,
                    -0.06910577416419983,
                    0.06898345798254013
                ],
                [
                    0.07150539010763168,
                    0.9968960881233215,
                    -0.03294143080711365
                ],
                [
                    -0.06649290025234222,
                    0.03771670535206795,
                    0.997073769569397
                ]
            ]
        ],
        [
            -0.06748637390136719,
            -0.010825389862060547,
            0.40533892822265627,
            0.00012084406311186485,
            0.0642052420649093,
            0.06710513158475445,
            [
                [
                    0.9956935048103333,
                    -0.06704704463481903,
                    0.06402483582496643
                ],
                [
                    0.06691661477088928,
                    0.9977498054504395,
                    0.004181738942861557
                ],
                [
                    -0.06416113674640656,
                    0.00012059511209372431,
                    0.9979395270347595
                ]
            ]
        ],
        [
            -0.06140474319458008,
            -0.012608015060424804,
            0.4076519470214844,
            -0.020011308558655745,
            0.059137227692614536,
            0.0761363421864536,
            [
                [
                    0.9953600168228149,
                    -0.07722679525613785,
                    0.05739773064851761
                ],
                [
                    0.07592984288930893,
                    0.9968134164810181,
                    0.024446627125144005
                ],
                [
                    -0.05910276621580124,
                    -0.01997499354183674,
                    0.9980520606040955
                ]
            ]
        ],
        [
            -0.05559144592285156,
            -0.012898929595947265,
            0.4108330383300781,
            -0.047532697565898466,
            0.05439915564039732,
            0.07412109162923819,
            [
                [
                    0.9957790970802307,
                    -0.07654599845409393,
                    0.05064317211508751
                ],
                [
                    0.07394369691610336,
                    0.9959366321563721,
                    0.05140623822808266
                ],
                [
                    -0.05437232926487923,
                    -0.04744451493024826,
                    0.9973929524421692
                ]
            ]
        ],
        [
            -0.04972486877441406,
            -0.013572902679443359,
            0.4143548583984375,
            -0.0373965845632308,
            0.053684242945016614,
            0.060846176870444545,
            [
                [
                    0.9967114329338074,
                    -0.06276858597993851,
                    0.0512482114136219
                ],
                [
                    0.06072103604674339,
                    0.997329592704773,
                    0.04057929664850235
                ],
                [
                    -0.05365845933556557,
                    -0.037334006279706955,
                    0.9978612065315247
                ]
            ]
        ],
        [
            -0.04452270889282227,
            -0.014412711143493653,
            0.41566671752929685,
            -0.020730460646676108,
            0.03445768409321803,
            0.07430118795779465,
            [
                [
                    0.9966489672660828,
                    -0.07492905110120773,
                    0.03280965983867645
                ],
                [
                    0.07418877631425858,
                    0.9969736337661743,
                    0.023228619247674942
                ],
                [
                    -0.03445086628198624,
                    -0.020716670900583267,
                    0.9991916418075562
                ]
            ]
        ],
        [
            -0.03887047576904297,
            -0.014440182685852052,
            0.41789410400390625,
            -0.023499241889375223,
            0.02591079362744919,
            0.06806879261224832,
            [
                [
                    0.9973493218421936,
                    -0.06860481202602386,
                    0.024242578074336052
                ],
                [
                    0.0679934099316597,
                    0.9973673820495605,
                    0.025204336270689964
                ],
                [
                    -0.02590789459645748,
                    -0.023489192128181458,
                    0.9993883371353149
                ]
            ]
        ],
        [
            -0.033637184143066406,
            -0.016756317138671876,
            0.4206865234375,
            0.01453004909556869,
            0.013040495680210595,
            0.03880873298024297,
            [
                [
                    0.9991620779037476,
                    -0.038605570793151855,
                    0.01359266322106123
                ],
                [
                    0.03879569470882416,
                    0.9991489052772522,
                    -0.014012707397341728
                ],
                [
                    -0.01304012630134821,
                    0.014528302475810051,
                    0.9998094439506531
                ]
            ]
        ],
        [
            -0.02880158805847168,
            -0.018559505462646484,
            0.42214263916015626,
            0.03695916271586936,
            0.0076769936301519515,
            0.06818128946548438,
            [
                [
                    0.9976471662521362,
                    -0.06779894232749939,
                    0.010171249508857727
                ],
                [
                    0.06812646985054016,
                    0.997014582157135,
                    -0.03634223714470863
                ],
                [
                    -0.007676918059587479,
                    0.03694966062903404,
                    0.9992876648902893
                ]
            ]
        ],
        [
            -0.02439313507080078,
            -0.021220800399780273,
            0.4243004760742187,
            0.049765320679678066,
            0.0021951410100173874,
            0.05548313963589829,
            [
                [
                    0.9984588027000427,
                    -0.05527699366211891,
                    0.004947628825902939
                ],
                [
                    0.055454544723033905,
                    0.997231125831604,
                    -0.049546655267477036
                ],
                [
                    -0.002195139182731509,
                    0.04974466189742088,
                    0.9987595677375793
                ]
            ]
        ],
        [
            -0.021663488388061522,
            -0.02365338897705078,
            0.42660076904296873,
            0.059157604167231786,
            -0.007766857152169848,
            0.0510699468217808,
            [
                [
                    0.9986661076545715,
                    -0.05141704902052879,
                    -0.004724982660263777
                ],
                [
                    0.051046211272478104,
                    0.9969257712364197,
                    -0.05944180488586426
                ],
                [
                    0.00776677904650569,
                    0.05912132188677788,
                    0.9982205629348755
                ]
            ]
        ],
        [
