{
    "amplitude": 0.09724870754060692,
    "frequency": 0.010287336962807963,
    "seed": 1762037840,
    "time_interval": 0.05,
    "pid_gains": {
        "pid_rate": {
            "roll_kp": "50.0",
            "roll_ki": "0.0",
            "roll_kd": "0.0",
            "pitch_kp": "50.0",
            "pitch_ki": "0.0",
            "pitch_kd": "0.0",
            "yaw_kp": "80.0",
            "yaw_ki": "0.0",
            "yaw_kd": "0.0"
        },
        "pid_attitude": {
            "roll_kp": "6.0",
            "roll_ki": "0.0",
            "roll_kd": "0.20000000298023224",
            "pitch_kp": "6.0",
            "pitch_ki": "0.0",
            "pitch_kd": "1.0",
            "yaw_kp": "10.0",
            "yaw_ki": "0.0",
            "yaw_kd": "0.3499999940395355"
        },
        "velCtlPid": {
            "vxKp": "15.0",
            "vxKi": "1.0",
            "vxKd": "0.0",
            "vyKp": "10.0",
            "vyKi": "1.0",
            "vyKd": "0.0",
            "vzKp": "12.5",
            "vzKi": "0.5",
            "vzKd": "0.0"
        },
        "posCtlPid": {
            "xKp": "1.5",
            "xKi": "0.0",
            "xKd": "0.0",
            "yKp": "1.5",
            "yKi": "0.0",
            "yKd": "0.0",
            "zKp": "5.0",
            "zKi": "0.5",
            "zKd": "0.0"
        }
    },
    "pose": [
        [
            -0.03246944808959961,
            0.022035537719726564,
            0.2621819152832031,
            0.011642480108166375,
            0.01875431569471986,
            1.1331469730233548,
            [
                [
                    0.4237370193004608,
                    -0.9055964946746826,
                    0.018492234870791435
                ],
                [
                    0.9055911302566528,
                    0.42398059368133545,
                    0.012050475925207138
                ],
                [
                    -0.018753215670585632,
                    0.011640169657766819,
                    0.999756395816803
                ]
            ]
        ],
        [
            -0.03247350692749024,
            0.022008941650390624,
            0.262185546875,
            0.010868227266223718,
            0.0181835017777352,
            1.1318117162380334,
            [
                [
                    0.4249503016471863,
                    -0.9050462245941162,
                    0.017565028741955757
                ],
                [
                    0.905034065246582,
                    0.4251743257045746,
                    0.011838400736451149
                ],
                [
                    -0.018182499334216118,
                    0.010866216383874416,
                    0.9997756481170654
                ]
            ]
        ],
        [
            -0.032671886444091795,
            0.021366683959960938,
            0.2620025329589844,
            0.008866305592012402,
            0.017409356520959207,
            1.146541117534339,
            [
                [
                    0.41157975792884827,
                    -0.9112462401390076,
                    0.015245943330228329
                ],
                [
                    0.9112074375152588,
                    0.4117666184902191,
                    0.012214817106723785
                ],
                [
                    -0.017408477142453194,
                    0.008864845149219036,
                    0.9998091459274292
                ]
            ]
        ],
        [
            -0.03170875930786133,
            0.02167429542541504,
            0.262468017578125,
            0.016446261022213693,
            0.018757280973819235,
            1.311586310419227,
            [
                [
                    0.25627195835113525,
                    -0.9663829803466797,
                    0.020702999085187912
                ],
                [
                    0.9664227366447449,
                    0.25658053159713745,
                    0.013911870308220387
                ],
                [
                    -0.018756181001663208,
                    0.01644262671470642,
                    0.9996888637542725
                ]
            ]
        ],
        [
            -0.03337861251831055,
            0.02302737045288086,
            0.2622272033691406,
            0.009093512226913791,
            0.024815064110439655,
            1.3408685925012966,
            [
                [
                    0.2278369963169098,
                    -0.9735912084579468,
                    0.014508791267871857
                ],
                [
                    0.9733830690383911,
                    0.228117436170578,
                    0.02208607643842697
                ],
                [
                    -0.024812517687678337,
                    0.009090587496757507,
                    0.999650776386261
                ]
            ]
        ],
        [
            -0.03643239593505859,
            0.023387874603271484,
            0.2662060546875,
            0.005613927548508646,
            0.01961945660511133,
            1.3300261962454778,
            [
                [
                    0.23840472102165222,
                    -0.9711130857467651,
                    0.01012986060231924
                ],
                [
                    0.970967710018158,
                    0.23855382204055786,
                    0.017713366076350212
                ],
                [
                    -0.0196181982755661,
                    0.005612817592918873,
                    0.9997918009757996
                ]
            ]
        ],
        [
            -0.03766910934448242,
            0.022573257446289064,
            0.2812648315429688,
            0.011424727979704508,
            0.008308823725270198,
            1.0954432636726472,
            [
                [
                    0.45763659477233887,
                    -0.8890297412872314,
                    0.013960122130811214
                ],
                [
                    0.8891004920005798,
                    0.45770692825317383,
                    0.002158626914024353
                ],
                [
                    -0.008308728225529194,
                    0.01142408512532711,
                    0.999900221824646
                ]
            ]
        ],
        [
            -0.04178280258178711,
            0.021434337615966796,
            0.3016302490234375,
            0.010658563661961273,
            -0.08348930892549156,
            0.8400324613915715,
            [
                [
                    0.6651138067245483,
                    -0.7452157139778137,
                    -0.04771920666098595
                ],
                [
                    0.7420709729194641,
                    0.6667388677597046,
                    -0.06920962035655975
                ],
                [
                    0.08339235186576843,
                    0.010621237568557262,
                    0.9964601993560791
                ]
            ]
        ],
        [
            -0.04900648880004883,
            0.019826969146728515,
            0.3261089172363281,
            0.024161216808488095,
            -0.06312361609470973,
            0.616184837574735,
            [
                [
                    0.8144639134407043,
                    -0.5790008902549744,
                    -0.03750324249267578
                ],
                [
                    0.5767748355865479,
                    0.8149703145027161,
                    -0.05616169795393944
                ],
                [
                    0.06308170408010483,
                    0.02411075122654438,
                    0.9977170825004578
                ]
            ]
        ],
        [
            -0.05481707000732422,
            0.01454036808013916,
            0.3467591857910156,
            0.012358454976550026,
            -0.08868394324435536,
            0.5974032996709489,
            [
                [
                    0.8235498666763306,
                    -0.5633594393730164,
                    -0.06627070903778076
                ],
                [
                    0.5602868795394897,
                    0.8261201977729797,
                    -0.06003301963210106
                ],
                [
                    0.08856774121522903,
                    0.012309575453400612,
                    0.9959940910339355
                ]
            ]
        ],
        [
            -0.06331097793579102,
            0.008524152755737304,
            0.36362826538085935,
            0.03904945694237355,
            -0.115239425756817,
            0.5054300978690851,
            [
                [
                    0.869162917137146,
                    -0.4877423644065857,
                    -0.08162858337163925
                ],
                [
                    0.4809723496437073,
                    0.8721258044242859,
                    -0.089789479970932
                ],
                [
                    0.11498452723026276,
                    0.03878059610724449,
                    0.992609977722168
                ]
            ]
        ],
        [
            -0.07405016326904297,
            0.0021235151290893554,
            0.37812515258789064,
            0.03178205848668103,
            -0.13499424173233976,
            0.46056972129059964,
            [
                [
                    0.8876495361328125,
                    -0.4480651021003723,
                    -0.10637649893760681
                ],
                [
                    0.4404149055480957,
                    0.8934462666511536,
                    -0.08825262635946274
                ],
                [
                    0.13458460569381714,
                    0.0314876064658165,
                    0.9904016852378845
                ]
            ]
        ],
        [
            -0.08249858856201171,
            -0.008757234573364258,
            0.3857009582519531,
            0.04597156951164996,
            -0.16850679575258276,
            0.5159789505216175,
            [
                [
                    0.8574904203414917,
                    -0.4995691180229187,
                    -0.12304838746786118
                ],
                [
                    0.4863983988761902,
                    0.8650885224342346,
                    -0.12263113260269165
                ],
                [
                    0.16771048307418823,
                    0.04530448094010353,
                    0.9847947359085083
                ]
            ]
        ],
        [
            -0.09632366180419921,
            -0.020689306259155275,
            0.391911376953125,
            0.05234396252097859,
            -0.1856703006139948,
            0.4383570061212181,
            [
                [
                    0.8898880481719971,
                    -0.4326164126396179,
                    -0.14471465349197388
                ],
                [
                    0.41715720295906067,
                    0.9001105427742004,
                    -0.12562207877635956
                ],
                [
                    0.18460536003112793,
                    0.051420826464891434,
                    0.9814666509628296
                ]
            ]
        ],
        [
            -0.11110176086425781,
            -0.0316515121459961,
            0.39484332275390627,
            0.0166569991580493,
            -0.2154914974908375,
            0.4130970501673339,
            [
                [
                    0.8946988582611084,
                    -0.40465405583381653,
                    -0.18912704288959503
                ],
                [
                    0.39216285943984985,
                    0.9143250584602356,
                    -0.10108383744955063
                ],
                [
                    0.21382758021354675,
                    0.016270995140075684,
                    0.9767358899116516
                ]
            ]
        ],
        [
            -0.12643069458007813,
            -0.0451764907836914,
            0.39499932861328124,
            0.006368264563311771,
            -0.20091181716366213,
            0.4648715942413062,
            [
                [
                    0.8758987784385681,
                    -0.44943493604660034,
                    -0.17552655935287476
                ],
                [
                    0.439290314912796,
                    0.8932912945747375,
                    -0.09515625238418579
                ],
                [
                    0.1995628923177719,
                    0.006240123882889748,
                    0.9798651337623596
                ]
            ]
        ],
        [
            -0.14192730712890625,
            -0.05837991714477539,
            0.39529473876953125,
            0.023501899197238857,
            -0.17553353158964868,
            0.4483188863078733,
            [
                [
                    0.8873291015625,
                    -0.43702974915504456,
                    -0.14714625477790833
                ],
                [
                    0.4267905354499817,
                    0.8991493582725525,
                    -0.09685160964727402
                ],
                [
                    0.17463348805904388,
                    0.023138627409934998,
                    0.9843615889549255
                ]
            ]
        ],
        [
            -0.16010006713867186,
            -0.07234439086914063,
            0.3944827575683594,
            -0.016974235161782397,
            -0.16429463827417812,
            0.42022228651351423,
            [
                [
                    0.9007037878036499,
                    -0.4053700566291809,
                    -0.15622983872890472
                ],
                [
                    0.4024697542190552,
                    0.9139993190765381,
                    -0.051218755543231964
                ],
                [
                    0.16355650126934052,
                    -0.016744855791330338,
                    0.9863918423652649
                ]
            ]
        ],
        [
            -0.17588685607910157,
            -0.08578810882568359,
            0.393908935546875,
            -0.00841591659241972,
            -0.13840521683139317,
            0.44455857549211164,
            [
                [
                    0.8941673636436462,
                    -0.4289959669113159,
                    -0.12816865742206573
                ],
                [
                    0.4259468615055084,
                    0.9032679796218872,
                    -0.051732707768678665
                ],
                [
                    0.13796375691890717,
                    -0.008335340768098831,
                    0.9904022216796875
                ]
            ]
        ],
        [
            -0.1924147186279297,
            -0.0962607192993164,
            0.39481329345703126,
            -0.01839100333861124,
            -0.101866515802709,
            0.4514828002130101,
            [
                [
                    0.8951366543769836,
                    -0.43454375863075256,
                    -0.09950923919677734
                ],
                [
                    0.4340384900569916,
                    0.9004648923873901,
                    -0.027812743559479713
                ],
                [
                    0.10169043391942978,
                    -0.01829463429749012,
                    0.9946478605270386
                ]
            ]
        ],
        [
            -0.2099629669189453,
            -0.10883188629150391,
            0.39551528930664065,
            -0.04826220872566542,
            -0.07804304228433279,
            0.4127664045609418,
            [
                [
                    0.9132264256477356,
                    -0.3972324728965759,
                    -0.09068548679351807
                ],
                [
                    0.3999239206314087,
                    0.9164568185806274,
                    0.01295334380120039
                ],
                [
                    0.07796384394168854,
                    -0.04809663072228432,
                    0.9957953095436096
                ]
            ]
        ],
        [
            -0.2223026885986328,
            -0.11777791595458985,
            0.39652520751953124,
            -0.03111710024338979,
            -0.028005521171231784,
            0.4059294148959648,
            [
                [
                    0.918375551700592,
                    -0.39388126134872437,
                    -0.037999171763658524
                ],
                [
                    0.3947179913520813,
                    0.9186350703239441,
                    0.01753195933997631
                ],
                [
                    0.02800186164677143,
                    -0.03109988011419773,
                    0.9991239905357361
                ]
            ]
        ],
        [
            -0.23683493041992187,
            -0.12279708862304688,
            0.39779177856445314,
            -0.042726801466068415,
            0.011294494564611623,
            0.39868644177949963,
            [
                [
                    0.9215129613876343,
                    -0.3882984220981598,
                    -0.006182879209518433
                ],
                [
                    0.3881833851337433,
                    0.920543372631073,
                    0.04374435171484947
                ],
                [
                    -0.01129425410181284,
                    -0.042711079120635986,
                    0.9990236163139343
                ]
            ]
        ],
        [
            -0.2481580810546875,
            -0.12718824005126952,
            0.39943838500976564,
            -0.0977902799253132,
            0.0464130592394969,
            0.38899144024614174,
            [
                [
                    0.9242956042289734,
                    -0.381634920835495,
                    0.005696702748537064
                ],
                [
                    0.3788469731807709,
                    0.9191533327102661,
                    0.10785243660211563
                ],
                [
                    -0.046396397054195404,
                    -0.0975293517112732,
                    0.9941505789756775
                ]
            ]
        ],
        [
            -0.2549325714111328,
            -0.13004798889160157,
            0.3995272216796875,
            -0.06489378686142519,
            0.08413672362548574,
            0.39108421412927896,
            [
                [
                    0.9212259650230408,
                    -0.3854268491268158,
                    0.052809249609708786
                ],
                [
                    0.3798425495624542,
                    0.9204729795455933,
                    0.09191887080669403
                ],
                [
                    -0.08403749018907547,
                    -0.06461885571479797,
                    0.9943651556968689
                ]
            ]
        ],
        [
            -0.26034017944335935,
            -0.12685186767578124,
            0.39955731201171873,
            -0.0688333732670145,
            0.11621621416328831,
            0.38978223916946947,
            [
                [
                    0.9187523126602173,
                    -0.3864642083644867,
                    0.08086809515953064
                ],
                [
                    0.37742379307746887,
                    0.9197708964347839,
                    0.10757701098918915
                ],
                [
                    -0.11595478653907776,
                    -0.06831508129835129,
                    0.9909023642539978
                ]
            ]
        ],
        [
            -0.26174053955078125,
            -0.12478527069091797,
            0.3994788818359375,
            -0.0937674697890141,
            0.1477859847355183,
            0.3844733205273946,
            [
                [
                    0.9168913960456848,
                    -0.38620370626449585,
                    0.10078132152557373
                ],
                [
                    0.37098249793052673,
                    0.9177528023719788,
                    0.141780823469162
                ],
                [
                    -0.14724861085414886,
                    -0.09260950982570648,
                    0.9847544431686401
                ]
            ]
        ],
        [
            -0.2597210998535156,
            -0.12023934936523438,
            0.39843930053710935,
            -0.06487484381869618,
            0.1683229552747143,
            0.36550687410256055,
            [
                [
                    0.9207434058189392,
                    -0.3668142259120941,
                    0.13296209275722504
                ],
                [
                    0.35237130522727966,
                    0.9280961155891418,
                    0.12029968947172165
                ],
                [
                    -0.16752924025058746,
                    -0.06391312181949615,
                    0.9837931990623474
                ]
            ]
        ],
        [
            -0.2547841339111328,
            -0.11155549621582031,
            0.3977080383300781,
            -0.04258422985024851,
            0.19005217153766063,
            0.3754122389163962,
            [
                [
                    0.9136049151420593,
                    -0.3738057613372803,
                    0.15998539328575134
                ],
                [
                    0.36005422472953796,
                    0.9265643954277039,
                    0.10880880057811737
                ],
                [
                    -0.1889101266860962,
                    -0.04180483520030975,
                    0.9811041355133057
                ]
            ]
        ],
        [
            -0.24636227416992187,
            -0.10372669219970704,
            0.3990028076171875,
            -0.07511259349604152,
            0.20008312995962307,
            0.37820933180545213,
            [
                [
                    0.9107873439788818,
                    -0.3820763826370239,
                    0.15647397935390472
                ],
                [
                    0.3618902862071991,
                    0.92119961977005,
                    0.14292174577713013
                ],
                [
                    -0.1987508088350296,
                    -0.07354490458965302,
                    0.977286696434021
                ]
            ]
        ],
        [
            -0.23374044799804689,
            -0.09700081634521485,
            0.3996313171386719,
            -0.01053278923217199,
            0.20929606203607687,
            0.37993001829409107,
            [
                [
                    0.9084241390228271,
                    -0.372867226600647,
                    0.18903854489326477
                ],
                [
                    0.362762451171875,
                    0.9278275370597839,
                    0.08683039993047714
                ],
                [
                    -0.20777137577533722,
                    -0.01030274573713541,
                    0.978123128414154
                ]
            ]
        ],
        [
            -0.22288839721679687,
            -0.08627599334716797,
            0.40152301025390624,
            -0.01653910112126808,
            0.21351799058502552,
            0.37470456530456464,
            [
                [
                    0.9094828963279724,
                    -0.3692088723182678,
                    0.19111686944961548
                ],
                [
                    0.3576863408088684,
                    0.9292058944702148,
                    0.09293487668037415
                ],
                [
                    -0.2118993103504181,
                    -0.01616278849542141,
                    0.9771578311920166
                ]
            ]
        ],
        [
            -0.2048237762451172,
            -0.07390705871582032,
            0.4062789306640625,
            -0.03205608634645918,
            0.20795289288284802,
            0.37303719076239295,
            [
                [
                    0.9111620783805847,
                    -0.3704201579093933,
                    0.18047870695590973
                ],
                [
                    0.35659366846084595,
                    0.9283347725868225,
                    0.10505007952451706
                ],
                [
                    -0.20645733177661896,
                    -0.03136008605360985,
                    0.9779528975486755
                ]
            ]
        ],
        [
            -0.18774659729003906,
            -0.06461846160888672,
            0.41040725708007814,
            0.013336868910058891,
            0.19402228846197467,
            0.3356807648086275,
            [
                [
                    0.926470160484314,
                    -0.3269548714160919,
                    0.18642297387123108
                ],
                [
                    0.32323113083839417,
                    0.9449493288993835,
                    0.05091526359319687
                ],
                [
                    -0.19280725717544556,
                    0.013086236082017422,
                    0.9811493754386902
                ]
            ]
        ],
        [
            -0.1693753662109375,
            -0.04933715057373047,
            0.4163994140625,
            0.0023640012887608253,
            0.18544306630319696,
            0.3514238094025838,
            [
                [
                    0.9227860569953918,
                    -0.34382474422454834,
                    0.17392653226852417
                ],
                [
                    0.3383329212665558,
                    0.9390309453010559,
                    0.06125103682279587
                ],
                [
                    -0.18438202142715454,
                    0.002323466120287776,
                    0.9828519225120544
                ]
            ]
        ],
        [
            -0.15175643920898438,
            -0.03934451675415039,
            0.4226181335449219,
            -0.02083057244385192,
            0.15363788793009148,
            0.344542634243601,
            [
                [
                    0.9301431775093079,
                    -0.3406931757926941,
                    0.13697375357151031
                ],
                [
                    0.3337876498699188,
                    0.9399492144584656,
                    0.0712835043668747
                ],
                [
                    -0.15303418040275574,
                    -0.02058371901512146,
                    0.9880065321922302
                ]
            ]
        ],
        [
            -0.1316717529296875,
            -0.02907880401611328,
            0.43031121826171875,
            -0.015976409171605227,
            0.14704376921599938,
            0.3377799738037386,
            [
                [
                    0.9333110451698303,
                    -0.33355945348739624,
                    0.132923424243927
                ],
                [
                    0.3278171122074127,
                    0.9425966143608093,
                    0.06362070143222809
                ],
                [
                    -0.14651444554328918,
                    -0.015803325921297073,
                    0.9890822768211365
                ]
            ]
        ],
        [
            -0.11196799468994141,
            -0.016422948837280273,
            0.4380586853027344,
            0.020312562909889503,
            0.13395443208544378,
            0.32834387754054706,
            [
                [
                    0.9380977749824524,
                    -0.31984156370162964,
                    0.13294319808483124
                ],
                [
                    0.31958693265914917,
                    0.9472571611404419,
                    0.0238330140709877
                ],
                [
                    -0.13355417549610138,
                    0.020129209384322166,
                    0.9908370971679688
                ]
            ]
        ],
        [
            -0.09430251312255859,
            -0.006196381568908692,
            0.4457632751464844,
            -0.008204535387015433,
            0.11943457060845586,
            0.32219508848669826,
            [
                [
                    0.9417853951454163,
                    -0.31756606698036194,
                    0.11041790246963501
                ],
                [
                    0.31439369916915894,
                    0.9482011795043945,
                    0.04551003873348236
                ],
                [
                    -0.11915082484483719,
                    -0.008145996369421482,
                    0.9928427338600159
                ]
            ]
        ],
        [
            -0.07626190185546874,
            0.0016985085010528564,
            0.4541387939453125,
            -0.004798263439795475,
            0.10051928050294578,
            0.3233776853456307,
            [
                [
                    0.9433813095092773,
                    -0.31822386384010315,
                    0.0936228558421135
                ],
                [
                    0.3161669373512268,
                    0.9480035901069641,
                    0.036437518894672394
                ],
                [
                    -0.10035008937120438,
                    -0.004774024710059166,
                    0.9949407577514648
                ]
            ]
        ],
        [
            -0.05947113037109375,
            0.01222187328338623,
            0.4610057678222656,
            0.04788361649167337,
            0.09217823143694837,
            0.2922265123507458,
            [
                [
                    0.9535394310951233,
                    -0.28353574872016907,
                    0.10183361917734146
                ],
                [
                    0.28686201572418213,
                    0.9577764868736267,
                    -0.0193488746881485
                ],
                [
                    -0.09204775094985962,
                    0.04766211286187172,
                    0.9946132302284241
                ]
            ]
        ],
        [
            -0.04405670928955078,
            0.01992146873474121,
            0.46668157958984374,
            -0.004138391665634011,
            0.07676982898196383,
            0.30597511933074695,
            [
                [
                    0.9507451057434082,
                    -0.30152320861816406,
                    0.07188506424427032
                ],
                [
                    0.30033594369888306,
                    0.9534499049186707,
                    0.027048110961914062
                ],
                [
                    -0.07669444382190704,
                    -0.004126190673559904,
                    0.9970461130142212
                ]
            ]
        ],
        [
            -0.028869579315185547,
            0.02481410789489746,
            0.47053707885742185,
            0.018352050772738188,
            0.06106638205357395,
            0.3155541090863242,
            [
                [
                    0.9488525986671448,
                    -0.3092263638973236,
                    0.06370047479867935
                ],
                [
                    0.3097648024559021,
                    0.950812041759491,
                    0.0014916437212377787
                ],
                [
                    -0.061028435826301575,
                    0.018316814675927162,
                    0.9979679584503174
                ]
            ]
        ],
        [
            -0.015369082450866699,
            0.03435879898071289,
            0.47285458374023437,
            0.02566062181562989,
            0.056914900308581595,
            0.31998473875240063,
            [
                [
                    0.9477031826972961,
                    -0.3130630850791931,
                    0.06204969063401222
                ],
                [
                    0.31404274702072144,
                    0.9493868350982666,
                    -0.006468276027590036
                ],
                [
                    -0.05688417702913284,
                    0.02561626024544239,
                    0.9980521202087402
                ]
            ]
        ],
        [
            -0.0029568040370941163,
            0.03913965225219727,
            0.47464700317382813,
            -0.001550630467999331,
            0.053592319690220824,
            0.3132993257232283,
            [
                [
                    0.9499560594558716,
                    -0.3082776665687561,
                    0.05048118159174919
                ],
                [
                    0.30775654315948486,
                    0.9512951374053955,
                    0.01798432320356369
                ],
                [
                    -0.053566668182611465,
                    -0.00154840387403965,
                    0.9985630512237549
                ]
            ]
        ],
        [
            0.009529461860656738,
            0.04273940658569336,
            0.47443927001953123,
            0.026261047862233988,
            0.05082306425030114,
            0.3169310325165551,
            [
                [
                    0.9489694237709045,
                    -0.31027695536613464,
                    0.05643782392144203
                ],
                [
                    0.3112494945526123,
                    0.9502844214439392,
                    -0.009123454801738262
                ],
                [
                    -0.05080118775367737,
                    0.026224125176668167,
                    0.9983644485473633
                ]
            ]
        ],
        [
            0.01961652946472168,
            0.04992541122436524,
            0.4735648193359375,
            0.02767116793729793,
            0.05184227238828032,
            0.30654063538476817,
            [
                [
                    0.9521023035049438,
                    -0.3002799451351166,
                    0.057733554393053055
                ],
                [
                    0.3013569414615631,
                    0.9534508585929871,
                    -0.010746806859970093
                ],
                [
                    -0.051819052547216415,
                    0.027630465105175972,
                    0.9982742071151733
                ]
            ]
        ],
        [
            0.02908687973022461,
            0.053550045013427736,
            0.4729456787109375,
            -0.008921407803169384,
            0.044081520368776994,
            0.29917948940573513,
            [
                [
                    0.954650342464447,
                    -0.2951001822948456,
                    0.039478614926338196
                ],
                [
                    0.29444992542266846,
                    0.9554247260093689,
                    0.02151269093155861
                ],
                [
                    -0.04406724497675896,
                    -0.008912622928619385,
                    0.9989888072013855
                ]
            ]
        ],
        [
            0.04088311386108399,
            0.056374691009521485,
            0.4710871887207031,
            0.03486915698852469,
            0.05630984426309449,
            0.295009549664193,
            [
                [
                    0.9552828669548035,
                    -0.28869497776031494,
                    0.06395214051008224
                ],
                [
                    0.29028815031051636,
                    0.9567882418632507,
                    -0.017002593725919724
                ],
                [
                    -0.056280091404914856,
                    0.034806836396455765,
                    0.9978080987930298
                ]
            ]
        ],
        [
            0.04844257736206055,
            0.06272896957397461,
            0.4683182373046875,
            0.013511667191630689,
            0.061096342276049986,
            0.289257748702498,
            [
                [
                    0.9566676020622253,
                    -0.28442415595054626,
                    0.06237034499645233
                ],
                [
                    0.2847086787223816,
                    0.9586036801338196,
                    0.004464802332222462
                ],
                [
                    -0.06105833873152733,
                    0.013486046344041824,
                    0.9980430603027344
                ]
            ]
        ],
        [
            0.04844257736206055,
            0.06272896957397461,
            0.4683182373046875,
            0.013511667191630689,
            0.061096342276049986,
            0.289257748702498,
            [
                [
                    0.9566676020622253,
                    -0.28442415595054626,
                    0.06237034499645233
                ],
                [
                    0.2847086787223816,
                    0.9586036801338196,
                    0.004464802332222462
                ],
                [
                    -0.06105833873152733,
                    0.013486046344041824,
                    0.9980430603027344
                ]
            ]
        ],
        [
            0.06964435577392578,
            0.07059602355957031,
            0.46187109375,
            0.02057941327540963,
            0.07006272289042892,
            0.291784945071362,
            [
                [
                    0.955382227897644,
                    -0.28622159361839294,
                    0.07295172661542892
                ],
                [
                    0.28695642948150635,
                    0.9579435586929321,
                    0.0004254760860931128
                ],
                [
                    -0.07000541687011719,
                    0.020527474582195282,
                    0.9973353743553162
                ]
            ]
        ],
        [
            0.07676263427734376,
            0.0760334243774414,
            0.4580142822265625,
            -0.014819719640960322,
            0.06638622958506613,
            0.2880346077346716,
            [
                [
                    0.9566920399665833,
                    -0.2849797308444977,
                    0.059387996792793274
                ],
                [
                    0.2834426164627075,
                    0.9584195017814636,
                    0.03305099532008171
                ],
                [
                    -0.0663374811410904,
                    -0.014786534942686558,
                    0.9976876974105835
                ]
            ]
        ],
        [
            0.09159900665283204,
            0.08178591918945312,
            0.45346511840820314,
            -0.028544230457906272,
            0.07795556816904559,
            0.30935021050193273,
            [
                [
                    0.9496387839317322,
