{"amplitude": 0.061643273382580514, "frequency": 0.016440298260706643, "seed": 1762490772, "time_interval": 0.05, "pid_gains": {"pid_rate": {"roll_kp": "50.0", "roll_ki": "0.0", "roll_kd": "0.0", "pitch_kp": "50.0", "pitch_ki": "0.0", "pitch_kd": "0.0", "yaw_kp": "80.0", "yaw_ki": "0.0", "yaw_kd": "0.0"}, "pid_attitude": {"roll_kp": "8.0", "roll_ki": "0.0", "roll_kd": "0.20000000298023224", "pitch_kp": "8.0", "pitch_ki": "0.0", "pitch_kd": "1.0", "yaw_kp": "10.0", "yaw_ki": "0.0", "yaw_kd": "0.3499999940395355"}, "velCtlPid": {"vxKp": "15.0", "vxKi": "1.0", "vxKd": "0.0", "vyKp": "10.0", "vyKi": "1.0", "vyKd": "0.0", "vzKp": "12.5", "vzKi": "0.5", "vzKd": "0.0"}, "posCtlPid": {"xKp": "1.5", "xKi": "0.0", "xKd": "0.0", "yKp": "1.5", "yKi": "0.0", "yKd": "0.0", "zKp": "5.0", "zKi": "0.5", "zKd": "0.0"}}, "mocap_pose": [[-0.038319290161132814, 0.003300384044647217, 0.25920794677734377, 0.02015238673628579, 0.05139166017163577, 0.22403506575305687, [[0.9737216830253601, -0.2211112678050995, 0.05455197021365166], [0.22187232971191406, 0.9750409126281738, -0.008237307891249657], [-0.051369041204452515, 0.020124418660998344, 0.9984769821166992]]], [-0.038226131439208985, 0.003342346668243408, 0.2594813537597656, 0.022343700673463168, 0.05358442913014927, 0.2242173213070826, [[0.9735690355300903, -0.2211211919784546, 0.05717265605926514], [0.22202421724796295, 0.9749911427497864, -0.00987712200731039], [-0.05355878919363022, 0.02230977453291416, 0.9983154535293579]]], [-0.03877774429321289, 0.0032334463596343996, 0.2591071472167969, 0.018971168639473318, 0.04843232796808472, 0.21957418634651202, [[0.974845826625824, -0.2168785035610199, 0.051374439150094986], [0.21755863726139069, 0.9760146737098694, -0.007971345447003841], [-0.04841339588165283, 0.01894778572022915, 0.9986476302146912]]], [-0.03864893341064453, 0.003130528211593628, 0.2593601989746094, 0.02697905866550443, 0.052684995218870156, 0.2476952565388404, [[0.968134880065918, -0.24370378255844116, 0.05764850601553917], [0.24483002722263336, 0.969475507736206, -0.013246367685496807], [-0.05266062542796135, 0.026938356459140778, 0.9982490539550781]]], [-0.03773249053955078, 0.003599299430847168, 0.259260986328125, 0.022934388174408515, 0.05622154993109785, 0.29141733989855517, [[0.9563242197036743, -0.28600025177001953, 0.060397300869226456], [0.28685614466667175, 0.9579559564590454, -0.005825228989124298], [-0.05619193613529205, 0.022896144539117813, 0.9981574416160583]]], [-0.037218547821044924, 0.004095681667327881, 0.2626781921386719, 0.018519159463721485, 0.07280982724363905, 0.36916738259842086, [[0.9301571249961853, -0.3595207929611206, 0.07451493293046951], [0.35988301038742065, 0.9329542517662048, 0.008974418044090271], [-0.07274550944566727, 0.018469037488102913, 0.9971795082092285]]], [-0.03908957290649414, 0.0064920420646667485, 0.2777684326171875, 0.020615633631127936, 0.005480499598474742, 0.23796302819996168, [[0.9718055725097656, -0.23556366562843323, 0.010184147395193577], [0.23572000861167908, 0.9716402888298035, -0.0187416672706604], [-0.005480472464114428, 0.020613864064216614, 0.9997724890708923]]], [-0.03953564071655274, 0.011623319625854492, 0.2939858703613281, -0.03585847806416623, -0.05129478277242683, 0.17236746030220076, [[0.983885645866394, -0.16959403455257416, -0.0566289946436882], [0.1712896078824997, 0.9848634004592896, 0.026531213894486427], [0.05127229169011116, -0.03580363839864731, 0.9980427026748657]]], [-0.037591110229492186, 0.014779670715332031, 0.31802944946289063, -0.008318461861868312, -0.03003873695825532, 0.14149591471215217, [[0.989559531211853, -0.1407720148563385, -0.03090612404048443], [0.14096061885356903, 0.9900071024894714, 0.003999826963990927], [0.030034219846129417, -0.008314613252878189, 0.9995142817497253]]], [-0.03906041717529297, 0.023181943893432616, 0.3372773132324219, -0.04756902210815736, -0.029837980408519593, 0.10755756199743541, [[0.9937787055969238, -0.10581844300031662, -0.03473222255706787], [0.10730251669883728, 0.9932488799095154, 0.04407728090882301], [0.029833553358912468, -0.0475299172103405, 0.9984241724014282]]], [-0.04244221878051758, 0.028806423187255858, 0.357048828125, 0.009629944678434942, -0.04302197042830369, 0.0973464140905416, [[0.9943446516990662, -0.09760043770074844, -0.041867148131132126], [0.0971028059720993, 0.9951791763305664, -0.01376414392143488], [0.043008700013160706, 0.009620885364711285, 0.9990283846855164]]], [-0.04552072525024414, 0.033727718353271485, 0.37543133544921875, 0.02068788664375182, -0.05036627067417743, 0.13531858718189432, [[0.9896019101142883, -0.1359090656042099, -0.047083351761102676], [0.13473491370677948, 0.9905058741569519, -0.027287689968943596], [0.05034497752785683, 0.02066017873585224, 0.998518168926239]]], [-0.05083395004272461, 0.04215742111206055, 0.3857076110839844, 0.0782140131384493, -0.0471468276332494, 0.11580204737218211, [[0.992198646068573, -0.11884792149066925, -0.037642691284418106], [0.11541500687599182, 0.9898402690887451, -0.08303982019424438], [0.04712936282157898, 0.07804746925830841, 0.99583500623703]]], [-0.058096332550048826, 0.04521580123901367, 0.3942033081054688, 0.051579444146437184, -0.0716188205436068, 0.10148246235700818, [[0.9923047423362732, -0.10484391450881958, -0.06587166339159012], [0.10104865580797195, 0.993158221244812, -0.05853106454014778], [0.07155761122703552, 0.051424410194158554, 0.9961099624633789]]], [-0.06274258041381836, 0.04816794586181641, 0.39794940185546873, 0.058929998626254754, -0.06108072663742159, 0.1170153369333313, [[0.991309404373169, -0.12011639773845673, -0.05364406853914261], [0.11653076112270355, 0.991017758846283, -0.06560741364955902], [0.061042752116918564, 0.0587860643863678, 0.9964025020599365]]], [-0.06831239318847657, 0.05254357147216797, 0.39942333984375, 0.06259080015430316, -0.051098661435724724, 0.09820778858723264, [[0.9938825368881226, -0.10103743523359299, -0.04459775984287262], [0.09792201966047287, 0.9929195046424866, -0.06724677979946136], [0.05107642710208893, 0.06246829777956009, 0.9967391490936279]]], [-0.07796369934082031, 0.057867439270019534, 0.40153851318359374, 0.054898897921380446, -0.03999531601162598, 0.08988487005784337, [[0.9951665997505188, -0.09181380271911621, -0.03483777865767479], [0.08969210088253021, 0.9942656755447388, -0.058233585208654404], [0.039984654635190964, 0.05482744425535202, 0.9976949095726013]]], [-0.08365209197998047, 0.06103268432617188, 0.4017152709960938, 0.07148518788369916, -0.03715396458348996, 0.09871506658101135, [[0.9944448471069336, -0.10094328224658966, -0.02983096055686474], [0.09848680347204208, 0.9923285841941833, -0.0747281089425087], [0.03714541718363762, 0.07137502729892731, 0.9967576265335083]]], [-0.0920071029663086, 0.06390740203857422, 0.40070703125, 0.07026808585943324, -0.023120459116305225, 0.10337501150944196, [[0.9943957328796387, -0.10455082356929779, -0.015693169087171555], [0.10316341370344162, 0.9920394420623779, -0.07221518456935883], [0.02311839908361435, 0.07019151002168655, 0.997265636920929]]], [-0.09931329345703124, 0.06635433197021484, 0.4015110168457031, 0.053040754270339004, -0.019058889309629734, 0.10626276779853883, [[0.994178831577301, -0.10691840201616287, -0.013300569728016853], [0.10604363679885864, 0.9928538799285889, -0.054735325276851654], [0.019057735800743103, 0.053006257861852646, 0.9984123110771179]]], [-0.10582634735107421, 0.06709801483154297, 0.4019694519042969, 0.06944865433547934, -0.014744725536470105, 0.1099677050921217, [[0.9938516020774841, -0.11049860715866089, -0.00700420280918479], [0.10973427444696426, 0.9914513230323792, -0.07058790326118469], [0.01474419143050909, 0.06938529759645462, 0.9974809885025024]]], [-0.111037109375, 0.0713026351928711, 0.40090576171875, 0.0412066486506764, 0.007658909383652324, 0.08849734606159156, [[0.9960574507713318, -0.0879925787448883, 0.011263277381658554], [0.08837928622961044, 0.9952690005302429, -0.040357451885938644], [-0.00765883456915617, 0.041193779557943344, 0.9991218447685242]]], [-0.11753646087646484, 0.0747833023071289, 0.4021085510253906, 0.025286528944577405, -0.0004841237426216338, 0.10349356412822398, [[0.9946492314338684, -0.10328806191682816, 0.002130666049197316], [0.10330890119075775, 0.994330108165741, -0.025198547169566154], [0.00048412373871542513, 0.025283832103013992, 0.99968022108078]]], [-0.12261959075927735, 0.07893464660644531, 0.40287457275390626, 0.0357574611716031, 0.00639246234774693, 0.0878537021838038, [[0.9961230158805847, -0.08745700120925903, 0.00950041227042675], [0.08773893862962723, 0.9955266118049622, -0.03505145013332367], [-0.006392418872565031, 0.03574911132454872, 0.9993403553962708]]], [-0.1271902618408203, 0.08467823791503906, 0.4031595458984375, 0.02704296458974533, 0.019992516114273995, 0.08160716926984779, [[0.9964727759361267, -0.08094805479049683, 0.022121550515294075], [0.0815003290772438, 0.9963515996932983, -0.025320662185549736], [-0.019991183653473854, 0.02703426405787468, 0.9994345903396606]]], [-0.13064112854003906, 0.087692626953125, 0.40415493774414063, -0.0061569451541306774, 0.024424885567635224, 0.07216154588448288, [[0.9970999956130981, -0.07224754244089127, 0.023914529010653496], [0.0720774307847023, 0.9973677396774292, 0.007901682518422604], [-0.024422457441687584, -0.006155069917440414, 0.9996827840805054]]], [-0.13324702453613282, 0.0930111312866211, 0.4052783203125, 0.03618242243314444, 0.0395193732009409, 0.0735067628098166, [[0.9965209364891052, -0.07196715474128723, 0.04203328490257263], [0.07338324189186096, 0.9967517852783203, -0.033177170902490616], [-0.039509087800979614, 0.03614628314971924, 0.9985651969909668]]], [-0.13551925659179687, 0.09919865417480468, 0.4059451599121094, 0.06879497726440735, 0.055533529033888085, 0.05125227177035581, [[0.9971473217010498, -0.047298211604356766, 0.05882256105542183], [0.051150862127542496, 0.9965200424194336, -0.06581367552280426], [-0.05550498887896538, 0.0686347559094429, 0.9960966110229492]]], [-0.13624256896972656, 0.09960792541503906, 0.4065394897460938, 0.04765337659197831, 0.05529145989002493, 0.05510311686894044, [[0.9969563484191895, -0.05238422378897667, 0.05774030089378357], [0.05499107018113136, 0.9974936842918396, -0.044522859156131744], [-0.05526329204440117, 0.04756254702806473, 0.9973383545875549]]], [-0.13628382873535155, 0.102342529296875, 0.40719845581054687, 0.08547993530565846, 0.06359753095003251, 0.04830636473603618, [[0.9968141913414001, -0.04269156605005264, 0.06737134605646133], [0.04818996042013168, 0.9954485297203064, -0.08221858739852905], [-0.06355466693639755, 0.08520327508449554, 0.9943345785140991]]], [-0.1363358917236328, 0.10489967346191406, 0.408052734375, 0.09359184829489722, 0.061466784713812395, 0.05213017564759521, [[0.9967555999755859, -0.046145543456077576, 0.06594579666852951], [0.052008163183927536, 0.9945700764656067, -0.09014151990413666], [-0.06142808496952057, 0.09327878057956696, 0.9937432408332825]]], [-0.13530287170410157, 0.09973013305664062, 0.40801312255859373, 0.11550787916950664, 0.056476616433345894, 0.04228812208303873, [[0.9975130558013916, -0.035494089126586914, 0.06089263781905174], [0.04220811650156975, 0.9927233457565308, -0.11277775466442108], [-0.05644659698009491, 0.11506744474172592, 0.9917526245117188]]], [-0.1332055206298828, 0.09770552825927735, 0.40813311767578125, 0.15309493887172065, 0.06418804549304769, 0.05253348106571536, [[0.9965639114379883, -0.0421268567442894, 0.07131382822990417], [0.052401185035705566, 0.9874540567398071, -0.1489584594964981], [-0.06414397805929184, 0.15218354761600494, 0.9862685799598694]]], [-0.13189520263671875, 0.09591806030273438, 0.40851889038085937, 0.1284560906661954, 0.06279891907720492, 0.05902265224121628, [[0.996290922164917, -0.05047692358493805, 0.06968879699707031], [0.05887211114168167, 0.9905080795288086, -0.12420856207609177], [-0.06275764852762222, 0.12785059213638306, 0.9898058772087097]]], [-0.1295596923828125, 0.0898223876953125, 0.4097469787597656, 0.08771509814407505, 0.06033155068969309, 0.05292941488036282, [[0.9967827200889587, -0.04742671176791191, 0.06461363285779953], [0.05280844867229462, 0.9950398802757263, -0.08430235832929611], [-0.06029495596885681, 0.0874432772397995, 0.994343101978302]]], [-0.12829408264160155, 0.08563670349121094, 0.4111158447265625, 0.10362691937487822, 0.05277658009362973, 0.03403830429524373, [[0.9980291724205017, -0.028395572677254677, 0.05595899745821953], [0.03398434817790985, 0.9942451119422913, -0.10159602016210556], [-0.05275208503007889, 0.10329752415418625, 0.9932506680488586]]], [-0.12577056121826172, 0.08283232116699218, 0.41375820922851564, 0.07455429508066548, 0.04894483756359391, 0.05903189484313236, [[0.997062623500824, -0.05519586056470871, 0.053098853677511215], [0.058926962316036224, 0.9957000613212585, -0.07147704809904099], [-0.04892529919743538, 0.0743960440158844, 0.9960278868675232]]], [-0.12431017303466797, 0.07503277587890625, 0.415921875, 0.047894949473986544, 0.041491528662831234, 0.07525718271805637, [[0.9963113069534302, -0.07311966270208359, 0.04491444677114487], [0.0751214548945427, 0.9961753487586975, -0.044626008719205856], [-0.041479624807834625, 0.04783543571829796, 0.9979935884475708]]], [-0.12331493377685547, 0.0701131820678711, 0.4184113464355469, 0.07509687489319411, 0.029244215181408073, 0.07573714853263305, [[0.9967069625854492, -0.07326402515172958, 0.03475089743733406], [0.07563240826129913, 0.9944889545440674, -0.07260502874851227], [-0.029240047559142113, 0.07499422878026962, 0.9967551827430725]]], [-0.12246449279785156, 0.06622767639160156, 0.4208981628417969, 0.0678093404318223, 0.0271729176545219, 0.07892850529502707, [[0.9965187311172485, -0.0768301710486412, 0.03236518055200577], [0.0788174718618393, 0.994740903377533, -0.06540913879871368], [-0.027169574052095413, 0.06773237138986588, 0.9973335266113281]]], [-0.12232108306884766, 0.05873459625244141, 0.4228015747070312, 0.06439992302030685, 0.018995915095205262, 0.08246731402241643, [[0.9964216947555542, -0.08098485320806503, 0.02419218234717846], [0.08235900849103928, 0.9946362972259521, -0.06257527321577072], [-0.01899477280676365, 0.06434381008148193, 0.997747004032135]]], [-0.12375790405273437, 0.05227902603149414, 0.4238908386230469, 0.06591843446016656, 0.0048845923854370366, 0.08564121876836135, [[0.9963231682777405, -0.08503022789955139, 0.01049045566469431], [0.08553554862737656, 0.9941986799240112, -0.06521239131689072], [-0.0048845731653273106, 0.06586991995573044, 0.997816264629364]]], [-0.12488166809082031, 0.048282646179199216, 0.4253152160644531, 0.07197162149893885, 0.0032535316968229644, 0.08982797749823032, [[0.995962917804718, -0.08924196660518646, 0.009682821109890938], [0.08970674872398376, 0.9934107661247253, -0.07132846862077713], [-0.0032535260543227196, 0.07190912216901779, 0.9974058866500854]]], [-0.12732887268066406, 0.04249395751953125, 0.4270213623046875, 0.0410136744630737, -0.008676541842972174, 0.10887074698156124, [[0.9940420389175415, -0.10891807824373245, -0.0041626859456300735], [0.10865171253681183, 0.9932048320770264, -0.04170137271285057], [0.008676433004438877, 0.04100063443183899, 0.9991214275360107]]], [-0.1306767578125, 0.038599891662597655, 0.4277239990234375, 0.08213985339613142, -0.013982303608426783, 0.08515426756060349, [[0.9962791800498962, -0.08590765297412872, -0.006905959919095039], [0.08504308015108109, 0.9929196238517761, -0.0829353928565979], [0.013981848023831844, 0.0820394977927208, 0.9965310096740723]]], [-0.13382646179199217, 0.03342105865478515, 0.42898260498046875, 0.09130317415269898, -0.0013152525139668025, 0.10750087254989363, [[0.9942264556884766, -0.10696625709533691, 0.00848045852035284], [0.10729384422302246, 0.9900732636451721, -0.09079056978225708], [0.0013152516912668943, 0.09117629379034042, 0.9958338737487793]]], [-0.13847247314453126, 0.029115747451782227, 0.4298327331542969, 0.05070188825208294, -0.00167317927138666, 0.09089470286025417, [[0.9958705306053162, -0.09073739498853683, 0.002936088014394045], [0.09076946973800659, 0.9945844411849976, -0.05062263458967209], [0.0016731783980503678, 0.050680097192525864, 0.9987135529518127]]], [-0.143529541015625, 0.02322711181640625, 0.4294283447265625, 0.07981801653945118, 0.011072812762962236, 0.0953040039574607, [[0.9954009652137756, -0.09397798031568527, 0.018574649468064308], [0.09515396505594254, 0.9923766851425171, -0.07832115143537521], [-0.011072587221860886, 0.07972840219736099, 0.9967551231384277]]], [-0.1458699951171875, 0.021347442626953126, 0.4311982116699219, 0.07131936176370214, 0.025513851190544834, 0.1036878659177888, [[0.9943054914474487, -0.10143092274665833, 0.032685015350580215], [0.10346848517656326, 0.9922888875007629, -0.06824246048927307], [-0.025511084124445915, 0.07123572379350662, 0.997133195400238]]], [-0.1499950714111328, 0.01626938247680664, 0.43235321044921876, 0.027200819999365383, 0.029652271815304942, 0.12059595010392712, [[0.9923006892204285, -0.11945885419845581, 0.03269366919994354], [0.12025096267461777, 0.9924668669700623, -0.02343449369072914], [-0.02964792586863041, 0.027185508981347084, 0.999190628528595]]], [-0.15397520446777344, 0.010598013877868653, 0.4336951599121094, 0.06060987850367924, 0.03749262377304552, 0.10802837082663586, [[0.9934719204902649, -0.10536313056945801, 0.04372776299715042], [0.10774260759353638, 0.9925898909568787, -0.05618564784526825], [-0.03748384118080139, 0.06053020805120468, 0.9974623322486877]]], [-0.1549807891845703, 0.009792693138122558, 0.4353252258300781, 0.06895990339933812, 0.043043334335212124, 0.1308330736843474, [[0.9905352592468262, -0.12721040844917297, 0.051550280302762985], [0.13033930957317352, 0.9894838929176331, -0.06271599978208542], [-0.04303004592657089, 0.06884144246578217, 0.9966992139816284]]], [-0.15726171875, 0.005139011383056641, 0.43788275146484373, 0.0414941512992771, 0.06198535227341373, 0.12633262614600171, [[0.9901254773139954, -0.1233392283320427, 0.06662573665380478], [0.12575487792491913, 0.9915004968643188, -0.03335341811180115], [-0.06194566562771797, 0.041402578353881836, 0.9972203969955444]]], [-0.15963241577148438, 0.0004980483949184418, 0.43818887329101563, 0.08683443176301607, 0.05095499626287392, 0.12190192655203548, [[0.9912908673286438, -0.11675768345594406, 0.06091032922267914], [0.12144240736961365, 0.9893764853477478, -0.07991164922714233], [-0.05093294754624367, 0.08661278337240219, 0.9949392080307007]]], [-0.1587027130126953, -0.004608117580413819, 0.43996597290039063, 0.08578589626625924, 0.06829296224833392, 0.1504776429472147, [[0.9863948822021484, -0.14357835054397583, 0.08006507158279419], [0.14956094324588776, 0.9859402775764465, -0.07452023774385452], [-0.06823989003896713, 0.08548098802566528, 0.9940001368522644]]], [-0.16026699829101562, -0.007121083736419678, 0.440521240234375, 0.0664862067187848, 0.05967515565874604, 0.139822906467793, [[0.9884780049324036, -0.1351362019777298, 0.06818642467260361], [0.13911966979503632, 0.9886050820350647, -0.0574953593313694], [-0.05963974446058273, 0.06631897389888763, 0.9960144758224487]]], [-0.161292236328125, -0.01397311019897461, 0.4421246337890625, 0.0686245091430335, 0.05571167358174778, 0.14376215464083208, [[0.9881485104560852, -0.1391514241695404, 0.06480266898870468], [0.14304518699645996, 0.9879015684127808, -0.059904519468545914], [-0.05568285658955574, 0.06846427172422409, 0.9960983991622925]]], [-0.15906480407714843, -0.014712867736816406, 0.4435479431152344, 0.07035927630835012, 0.06849216680768655, 0.14786386549384858, [[0.9867689609527588, -0.14220231771469116, 0.07788152247667313], [0.14698021113872528, 0.9873496890068054, -0.05947629734873772], [-0.06843862682580948, 0.0701364055275917, 0.9951869249343872]]], [-0.1593391876220703, -0.016980247497558595, 0.44547036743164065, 0.07648696775426533, 0.06317923446584284, 0.14770854871731254, [[0.987137496471405, -0.14196979999542236, 0.07351288944482803], [0.14687839150428772, 0.9869290590286255, -0.06631548702716827], [-0.06313721090555191, 0.07625995576381683, 0.9950869679450989]]], [-0.15978311157226563, -0.021365718841552736, 0.44563873291015627, 0.06427161993852842, 0.05136419705164985, 0.11388689703823515, [[0.9922115802764893, -0.11013005673885345, 0.058202553540468216], [0.113490991294384, 0.9918453097343445, -0.05798884853720665], [-0.05134161561727524, 0.06414267420768738, 0.9966191649436951]]], [-0.15485968017578125, -0.02478341293334961, 0.4482055358886719, 0.07625497389597943, 0.053404500319283565, 0.1329351742480138, [[0.9897640347480774, -0.12812821567058563, 0.06285175681114197], [0.13235501945018768, 0.9888357520103455, -0.06845443695783615], [-0.0533791184425354, 0.07607248425483704, 0.9956724643707275]]], [-0.15410763549804687, -0.026543699264526367, 0.4507221984863281, 0.05845481335693544, 0.05707908862858191, 0.13444353289099162, [[0.9893621802330017, -0.1305071860551834, 0.06426750123500824], [0.13382059335708618, 0.9897302389144897, -0.05026073381304741], [-0.057048097252845764, 0.05832638591527939, 0.9966661930084229]]], [-0.15312538146972657, -0.031590000152587894, 0.45260919189453125, 0.05180920363567329, 0.028367369164665757, 0.12118151817255948, [[0.9922671318054199, -0.1192648783326149, 0.034377943724393845], [0.12083651125431061, 0.99151211977005, -0.047982122749090195], [-0.028363564983010292, 0.05176519602537155, 0.9982564449310303]]], [-0.14902110290527343, -0.03266104125976563, 0.45422723388671876, 0.06984516095542705, 0.03467746330378563, 0.15544865159738597, [[0.987348198890686, -0.15205544233322144, 0.04497382044792175], [0.15473027527332306, 0.9859079718589783, -0.06359217315912247], [-0.03467051312327385, 0.06974642723798752, 0.9969620704650879]]], [-0.14827093505859376, -0.03446231460571289, 0.458837646484375, 0.0595863164800681, 0.017990992156865504, 0.126597724126573, [[0.991836667060852, -0.12497299909591675, 0.025333287194371223], [0.12623940408229828, 0.9903719425201416, -0.056807100772857666], [-0.017990021035075188, 0.059541426599025726, 0.9980637431144714]]], [-0.14648306274414064, -0.03727268981933594, 0.46186248779296873, 0.055842551742336516, 0.01060843896778807, 0.1366819123704066, [[0.9906178116798401, -0.13545776903629303, 0.01809789054095745], [0.13624906539916992, 0.9892100095748901, -0.053849801421165466], [-0.010608240030705929, 0.055810391902923584, 0.9983850121498108]]], [-0.1424482879638672, -0.038871116638183593, 0.4638841247558594, 0.05518865377023873, 0.01824853362551626, 0.14540319810913924, [[0.9892828464508057, -0.14367486536502838, 0.026019778102636337], [0.14486725628376007, 0.9880869388580322, -0.051938679069280624], [-0.018247520551085472, 0.05515145882964134, 0.9983112215995789]]], [-0.14315948486328126, -0.039215068817138675, 0.46865158081054686, 0.038001265687099765, 0.02274658195878465, 0.14745952145879535, [[0.9888916611671448, -0.14596489071846008, 0.028063561767339706], [0.14688768982887268, 0.9885603785514832, -0.03424045443534851], [-0.022744620218873024, 0.03798229247331619, 0.9990195035934448]]], [-0.14365182495117187, -0.04250546646118164, 0.47163067626953126, 0.03496454151743319, 0.008740779350289385, 0.11855791544069513, [[0.9929423332214355, -0.1179046705365181, 0.012808782048523426], [0.11827585101127625, 0.9924094676971436, -0.0336788073182106], [-0.008740668185055256, 0.034956082701683044, 0.9993506073951721]]], [-0.13991259765625, -0.04245077896118164, 0.4759903564453125, 0.03810411575084129, 0.014456706261210206, 0.1371820133090678, [[0.9905017614364624, -0.13610735535621643, 0.01951955445110798], [0.1367378532886505, 0.989961564540863, -0.035761523991823196], [-0.014456203207373619, 0.038090914487838745, 0.9991697072982788]]], [-0.14132716369628906, -0.04301441955566406, 0.48039602661132813, 0.014185288929765102, 0.01829306045099921, 0.14519216669310803, [[0.9893125891685486, -0.14441128075122833, 0.020150048658251762], [0.14465837180614471, 0.9894161224365234, -0.011389289051294327], [-0.01829203963279724, 0.014182440005242825, 0.9997320771217346]]], [-0.1417598876953125, -0.04216352844238281, 0.4822540283203125, 0.009508962679122213, 0.007994387134731662, 0.12212461473604488, [[0.9925203323364258, -0.12174031138420105, 0.009092778898775578], [0.12181738018989563, 0.9925164580345154, -0.008464165963232517], [-0.007994301617145538, 0.00950851570814848, 0.9999228119850159]]], [-0.1379053192138672, -0.04010941314697265, 0.4842484130859375, 0.018528532545324744, 0.04123393974672651, 0.12552838948031256, [[0.9912883639335632, -0.12441975623369217, 0.043210506439208984], [0.12509256601333618, 0.9920569658279419, -0.01322159357368946], [-0.04122225567698479, 0.01851172372698784, 0.9989784955978394]]], [-0.13635711669921874, -0.03927336502075195, 0.48604510498046877, 0.04692433371178157, 0.06559331540568003, 0.11870052109791149, [[0.9908280372619629, -0.11523866653442383, 0.0705682560801506], [0.11816731095314026, 0.992234468460083, -0.03882347047328949], [-0.06554628908634186, 0.04680624231696129, 0.9967511296272278]]], [-0.13424520874023438, -0.03437017440795898, 0.48493145751953126, 0.04970011064788334, 0.06879847530756567, 0.10512171647063351, [[0.9921271800994873, -0.10140231251716614, 0.0734931156039238], [0.10467998683452606, 0.993610143661499, -0.04220110923051834], [-0.06874421238899231, 0.04956212639808655, 0.9964024424552917]]], [-0.12702703094482423, -0.030692575454711914, 0.4854832458496094, 0.0314579188407239, 0.097043897960704, 0.08825718554231257, [[0.991421103477478, -0.0850633978843689, 0.09923911094665527], [0.08772793412208557, 0.9958836436271667, -0.022794250398874283], [-0.09689164906740189, 0.0313047431409359, 0.9948024749755859]]], [-0.1206840591430664, -0.029358415603637694, 0.48555368041992186, 0.07454806278526106, 0.11738048163778014, 0.08303352831335538, [[0.9896972179412842, -0.07401552051305771, 0.12256064265966415], [0.0823674350976944, 0.9945102334022522, -0.0645364299416542], [-0.11711111664772034, 0.07396652549505234, 0.9903604984283447]]], [-0.1133999252319336, -0.02098552131652832, 0.48460787963867186, 0.051135976008815615, 0.11812272788212108, 0.10204224048834151, [[0.9878660440444946, -0.09573976695537567, 0.12228866666555405], [0.10115540772676468, 0.9941114783287048, -0.038858864456415176], [-0.1178482249379158, 0.0507575124502182, 0.9917335510253906]]], [-0.10416103363037109, -0.01766385841369629, 0.4846858215332031, 0.029109432024136184, 0.1276015483538222, 0.0708737368555906, [[0.9893798828125, -0.06708990037441254, 0.12894338369369507], [0.07023869454860687, 0.9973291754722595, -0.02002454176545143], [-0.12725555896759033, 0.028868693858385086, 0.991449773311615]]], [-0.0943687973022461, -0.016330257415771484, 0.4848377685546875, 0.06109162130564867, 0.13906281937553833, 0.09391233659505317, [[0.985982358455658, -0.08517375588417053, 0.14347204566001892], [0.09286908805370331, 0.9945297837257385, -0.047810304909944534], [-0.13861504197120667, 0.06046423688530922, 0.9884988069534302]]], [-0.08189874267578125, -0.009897167205810548, 0.48609304809570314, 0.06985215097878557, 0.14979511946355206, 0.06562473780522983, [[0.9866732358932495, -0.055024195462465286, 0.15312817692756653], [0.06484328210353851, 0.9960970878601074, -0.059882473200559616], [-0.1492355465888977, 0.06901376694440842, 0.9863902926445007]]], [-0.06799657440185547, -0.006555311679840088, 0.4873663024902344, 0.0588649910474702, 0.1292292392848604, 0.07206529841023573, [[0.9890875816345215, -0.06431636214256287, 0.1325487345457077], [0.07140254229307175, 0.9962227940559387, -0.04941536486148834], [-0.12886984646320343, 0.058340441435575485, 0.9899439215660095]]], [-0.05885889053344726, -0.006814347267150879, 0.4886221923828125, 0.08882978751716088, 0.1301918952080574, 0.05841572741823366, [[0.9898456931114197, -0.046654850244522095, 0.1342712640762329], [0.057888418436050415, 0.9950306415557861, -0.08101209998130798], [-0.1298244148492813, 0.08796223253011703, 0.9876275658607483]]], [-0.04326996612548828, -0.006241245746612549, 0.49150390625, 0.12252864241182959, 0.11629947796389417, 0.0489687797257528, [[0.9920542240142822, -0.034416861832141876, 0.12101215124130249], [0.04861855134367943, 0.9920071959495544, -0.11643841117620468], [-0.11603748798370361, 0.12139664590358734, 0.9857982397079468]]], [-0.03417502212524414, -0.008171658515930175, 0.4931604309082031, 0.07758358159562481, 0.08303393614310473, 0.04999789179731134, [[0.9953093528747559, -0.043406542390584946, 0.08645924925804138], [0.04980487748980522, 0.9960672855377197, -0.07327636331319809], [-0.082938551902771, 0.07723873853683472, 0.9935569167137146]]], [-0.019681196212768554, -0.013421602249145508, 0.4961331787109375, 0.11645175759997549, 0.09534516993100617, 0.05506712558405642, [[0.9939491748809814, -0.043622035533189774, 0.10080761462450027], [0.05478931590914726, 0.9923304319381714, -0.11080832034349442], [-0.09520077705383301, 0.11566101759672165, 0.9887160062789917]]], [-0.009616043090820313, -0.0173048095703125, 0.49846701049804687, 0.15947241427566178, 0.07367210641965838, 0.05192650323298037, [[0.9959431886672974, -0.03957198187708855, 0.08081565052270889], [0.051762379705905914, 0.9865871071815491, -0.15481141209602356], [-0.073605477809906, 0.1583665907382965, 0.9846330285072327]]], [0.0003456544280052185, -0.023743087768554688, 0.5009314575195313, 0.12514551261201756, 0.06604938118643755, 0.022319249999875432, [[0.9975709915161133, -0.013906683772802353, 0.06825453042984009], [0.022268734872341156, 0.9921162724494934, -0.12332656234502792], [-0.06600137054920197, 0.12454694509506226, 0.9900161027908325]]], [0.0074135069847106935, -0.030887765884399412, 0.5025484619140625, 0.14425478624459437, 0.06814471703331781, 0.03553982345937791, [[0.9970490336418152, -0.025380896404385567, 0.07245013862848282], [0.03544987365603447, 0.9893361926078796, -0.14126987755298615], [-0.0680919885635376, 0.14342135190963745, 0.9873164892196655]]], [0.015792819023132326, -0.034166183471679684, 0.5062936096191406, 0.10682448161962224, 0.07789047074132305, 0.04452365648691811, [[0.9959800839424133, -0.03596705570816994, 0.08203712105751038], [0.044374000281095505, 0.9936835765838623, -0.10307218879461288], [-0.07781173288822174, 0.10629815608263016, 0.9912850260734558]]], [0.023241874694824218, -0.04229310989379883, 0.5115442199707031, 0.051518681899609974, 0.061215126718630275, 0.05125829901563717, [[0.9968159794807434, -0.04802165552973747, 0.06365392357110977], [0.05113988742232323, 0.9975229501724243, -0.04829796776175499], [-0.061176903545856476, 0.051399439573287964, 0.9968026280403137]]], [0.03173260879516602, -0.049051692962646484, 0.5161585693359375, 0.04631532661674506, 0.05688199102395464, 0.07258765995109234, [[0.9957535862922668, -0.06982094794511795, 0.05999857932329178], [0.07240663468837738, 0.9964880347251892, -0.04205818846821785], [-0.05685131996870041, 0.04622389003634453, 0.9973120093345642]]], [0.03924845504760742, -0.05211335754394531, 0.5203411865234375, 0.04819175883074493, 0.058579220434161305, 0.0867968233001372, [[0.9945266842842102, -0.0837775245308876, 0.0624336376786232], [0.08653918653726578, 0.9953233599662781, -0.04292244836688042], [-0.05854572355747223, 0.04809047654271126, 0.9971257448196411]]], [0.04694455337524414, -0.06188783645629883, 0.5246785278320313, 0.03661138572681217, 0.05076601192274799, 0.07735336057855721, [[0.9957252740859985, -0.075372613966465, 0.053387124091386795], [0.07717668265104294, 0.9964851140975952, -0.032575059682130814], [-0.05074420943856239, 0.036556050181388855, 0.9980424046516418]]], [0.05151703643798828, -0.06832276153564452, 0.5254627685546875, 0.06503944736476033, 0.03946013390139491, 0.08082487222976614, [[0.9959595203399658, -0.07801057398319244, 0.04448535293340683], [0.08067405223846436, 0.9948350191116333, -0.06160309910774231], [-0.039449892938137054, 0.06494300812482834, 0.9971088767051697]]], [0.05982413101196289, -0.07463942718505859, 0.52621826171875, 0.06575302657933793, 0.03408825328254861, 0.09660024009886958, [[0.9947595596313477, -0.09401272982358932, 0.040186766535043716], [0.09639403969049454, 0.9934029579162598, -0.0621192492544651], [-0.034081652760505676, 0.06566748768091202, 0.9972593784332275]]], [0.06352836990356445, -0.08369597625732422, 0.5262608032226562, 0.06208705939779357, 0.04384604846306206, 0.054897343843126105, [[0.9975338578224182, -0.05204849690198898, 0.04708615690469742], [0.054817039519548416, 0.9967188835144043, -0.05955328792333603], [-0.043832000344991684, 0.06198754534125328, 0.9971140027046204]]], [0.06807660675048828, -0.08966531372070312, 0.5263508911132813, 0.06102302209039429, 0.03391426807912645, 0.07431465027892743, [[0.9966664910316467, -0.07204590737819672, 0.03827916085720062], [0.07420357316732407, 0.995537281036377, -0.058303993195295334], [-0.03390776738524437, 0.06095008924603462, 0.9975647330284119]]], [0.07206246948242187, -0.09211858367919921, 0.5266585693359375, 0.04819484216816781, 0.033983088703483766, 0.0689609415989617, [[0.9970471262931824, -0.06719331443309784, 0.03717607632279396], [0.06886651366949081, 0.9965775609016418, -0.04572319984436035], [-0.03397654742002487, 0.048148371279239655, 0.9982621669769287]]], [0.07674284362792969, -0.10229057312011719, 0.5263526000976563, 0.04920829674164315, 0.04656291327858875, 0.05853220458499836, [[0.9972054958343506, -0.05614236742258072, 0.049287594854831696], [0.058435384184122086, 0.9972130060195923, -0.04638461023569107], [-0.0465460903942585, 0.049135126173496246, 0.997706949710846]]], [0.0799302978515625, -0.10950350952148437, 0.5265672607421875, 0.06835027757401166, 0.05160978137475958, 0.05260176784214705, [[0.9972872138023376, -0.0489363856613636, 0.054986122995615005], [0.05250750854611397, 0.9964703321456909, -0.06549663096666336], [-0.05158687382936478, 0.06820613145828247, 0.9963366389274597]]], [0.08474169921875, -0.11351912689208984, 0.527393798828125, 0.054968522274407294, 0.05858363878283135, 0.0719505952263067, [[0.9957015514373779, -0.06857147812843323, 0.06226005777716637], [0.07176520675420761, 0.9961374402046204, -0.0505959689617157], [-0.05855013430118561, 0.054846592247486115, 0.9967767000198364]]], [0.08951175689697266, -0.12452774810791016, 0.5275128173828125, 0.04898886713613819, 0.07662134808946353, 0.0731910669079152, [[0.9943966269493103, -0.0692996233701706, 0.07983078807592392], [0.07291118800640106, 0.9964003562927246, -0.04324737563729286], [-0.07654640078544617, 0.04882559925317764, 0.9958698153495789]]], [0.09416551971435547, -0.1304829559326172, 0.5284427490234375, 0.06328094532384858, 0.08926041166220688, 0.06489154229570436, [[0.9939225912094116, -0.059090860188007355, 0.09287704527378082], [0.06458785384893417, 0.9962635040283203, -0.05733669176697731], [-0.08914192765951157, 0.06298696249723434, 0.9940253496170044]]], [0.09922562408447265, -0.13476068115234374, 0.5298904418945313, 0.03888565606388675, 0.08919613358340461, 0.07574814784009654, [[0.9931685328483582, -0.07216547429561615, 0.09169729053974152], [0.07537489384412766, 0.9966407418251038, -0.0320284403860569], [-0.0890779048204422, 0.03872131183743477, 0.9952717423439026]]], [0.10671874237060547, -0.14653363037109374, 0.5308672485351562, 0.03524450109318699, 0.09503983695902618, 0.07432593260549078, [[0.992738664150238, -0.07087673246860504, 0.09719268232584], [0.07392240315675735, 0.9968680739402771, -0.028097491711378098], [-0.0948968231678009, 0.03507818281650543, 0.9948688745498657]]], [0.11328330993652344, -0.15172613525390624, 0.5335419311523437, 0.058982396969466624, 0.10609148163732374, 0.057111457139818425, [[0.9927563071250916, -0.05074915662407875, 0.10890087485313416], [0.056759484112262726, 0.9969897866249084, -0.052818212658166885], [-0.10589257627725601, 0.058616772294044495, 0.9926484227180481]]], [0.12266656494140625, -0.16162118530273437, 0.535828125, 0.07400001058733413, 0.10471822509260309, 0.05272529574454743, [[0.9931399822235107, -0.044839441776275635, 0.10799232125282288], [0.05241217836737633, 0.9962846636772156, -0.06833616644144058], [-0.10452694445848465, 0.073527492582798, 0.9918003082275391]]], [0.13066140747070312, -0.1665606689453125, 0.5388579711914062, 0.031519486437127785, 0.10843982021031318, 0.028440773654637937, [[0.9937241077423096, -0.025013485923409462, 0.10902608186006546], [0.028269905596971512, 0.9991960525512695, -0.028425393626093864], [-0.10822741687297821, 0.03132915869355202, 0.9936323761940002]]], [0.13673171997070313, -0.17204531860351563, 0.5414512329101563, 0.03494174194979844, 0.11046941959528644, 0.0337768267867477, [[0.9933375716209412, -0.029900623485445976, 0.11129449307918549], [0.03356455639004707, 0.9989496469497681, -0.031193964183330536], [-0.11024487018585205, 0.03472168743610382, 0.9932977557182312]]], [0.14492556762695313, -0.17636480712890626, 0.5449326171875, 0.02962090368548528, 0.11639247567644784, 0.046861875799802014, [[0.9921436309814453, -0.04338858276605606, 0.11733885854482651], [0.04652777686715126, 0.9986250996589661, -0.024146374315023422], [-0.11612985283136368, 0.02941618673503399, 0.9927983283996582]]], [0.1538944549560547, -0.18710345458984376, 0.5481461181640624, 0.02785850606265599, 0.09620048442816653, 0.04894922415868443, [[0.9941840767860413, -0.04623837396502495, 0.09726282954216003], [0.04870344325900078, 0.9985455870628357, -0.02312356047332287], [-0.09605216979980469, 0.027726110070943832, 0.9949900507926941]]], [0.16358338928222657, -0.19284031677246094, 0.55123876953125, 0.04788680882960822, 0.09396313922685406, 0.055389213428759215, [[0.9940618872642517, -0.050813060253858566, 0.09622369706630707], [0.0551166832447052, 0.9975704550743103, -0.04260681942105293], [-0.09382493048906326, 0.04765734821557999, 0.9944474101066589]]], [0.17265945434570312, -0.1968095703125, 0.5544541625976562, 0.030461448338359724, 0.08517182065474271, 0.03603376912895646, [[0.9957282543182373, -0.03342001885175705, 0.0860714539885521], [0.03589538112282753, 0.9989805817604065, -0.027373699471354485], [-0.08506888151168823, 0.030346333980560303, 0.9959128499031067]]], [0.1800122833251953, -0.20480912780761718, 0.5563977661132813, 0.011386532997121602, 0.06861230688276887, 0.04463749525735436, [[0.9966533780097961, -0.04383993148803711, 0.06899384409189224], [0.04451768100261688, 0.9989739656448364, -0.00831588078290224], [-0.06855848431587219, 0.011359496042132378, 0.9975824356079102]]], [0.18859721374511718, -0.211579345703125, 0.5580159912109375, 0.047374222641144055, 0.06656051128011953, 0.03318778191862685, [[0.9972362518310547, -0.029996449127793312, 0.06797153502702713], [0.033108215779066086, 0.9984325170516968, -0.045125942677259445], [-0.0665113776922226, 0.04725164175033569, 0.9966661930084229]]], [0.19394198608398439, -0.2138600311279297, 0.5598508911132812, 0.022885186807582093, 0.05600194511307133, 0.024948942968747986, [[0.9981215596199036, -0.023659387603402138, 0.05651145800948143], [0.024907246232032776, 0.9994589686393738, -0.021480118855834007], [-0.05597267672419548, 0.022847315296530724, 0.9981708526611328]]], [0.19942674255371093, -0.22222468566894532, 0.5609998168945313, 0.02656923381094859, 0.05174031964039871, 0.030823444760813057, [[0.9981874227523804, -0.029434414580464363, 0.05249315872788429], [0.030777322128415108, 0.9992145895957947, -0.024960201233625412], [-0.05171723663806915, 0.02653055638074875, 0.998309314250946]]], [0.20440538024902344, -0.22676278686523438, 0.561841552734375, 0.03442759429705534, 0.04229697955612588, 0.029989469844688563, [[0.9986563920974731, -0.02851239964365959, 0.04327241703867912], [0.029958156868815422, 0.999001681804657, -0.03313817083835602], [-0.042284369468688965, 0.03439000993967056, 0.9985135793685913]]], [0.20888749694824219, -0.22870652770996094, 0.5625911865234375, 0.013323546577744393, 0.043686225909919774, 0.02447134761477858, [[0.9987468123435974, -0.023885054513812065, 0.04398138448596001], [0.024445559829473495, 0.999626100063324, -0.012250644154846668], [-0.04367233067750931, 0.013310440815985203, 0.9989572167396545]]], [0.2129664306640625, -0.23532252502441406,