{
    "amplitude": 0.055957127667318564,
    "frequency": 0.014081747710796764,
    "seed": 1762034999,
    "time_interval": 0.05,
    "pid_gains": {
        "pid_rate": {
            "roll_kp": "50.0",
            "roll_ki": "0.0",
            "roll_kd": "0.0",
            "pitch_kp": "50.0",
            "pitch_ki": "0.0",
            "pitch_kd": "0.0",
            "yaw_kp": "80.0",
            "yaw_ki": "0.0",
            "yaw_kd": "0.0"
        },
        "pid_attitude": {
            "roll_kp": "8.0",
            "roll_ki": "0.0",
            "roll_kd": "0.20000000298023224",
            "pitch_kp": "8.0",
            "pitch_ki": "0.0",
            "pitch_kd": "1.0",
            "yaw_kp": "10.0",
            "yaw_ki": "0.0",
            "yaw_kd": "0.3499999940395355"
        },
        "velCtlPid": {
            "vxKp": "15.0",
            "vxKi": "1.0",
            "vxKd": "0.0",
            "vyKp": "10.0",
            "vyKi": "1.0",
            "vyKd": "0.0",
            "vzKp": "12.5",
            "vzKi": "0.5",
            "vzKd": "0.0"
        },
        "posCtlPid": {
            "xKp": "1.5",
            "xKi": "0.0",
            "xKd": "0.0",
            "yKp": "1.5",
            "yKi": "0.0",
            "yKd": "0.0",
            "zKp": "5.0",
            "zKi": "0.5",
            "zKd": "0.0"
        }
    },
    "pose": [
        [
            0.01336963176727295,
            0.01660039710998535,
            0.26187863159179686,
            0.015339960346929471,
            0.030967705335533502,
            0.34122685564890615,
            [
                [
                    0.9418929815292358,
                    -0.33415651321411133,
                    0.03430737555027008
                ],
                [
                    0.3344830274581909,
                    0.942392885684967,
                    -0.004094700329005718
                ],
                [
                    -0.030962755903601646,
                    0.015332004055380821,
                    0.9994029402732849
                ]
            ]
        ],
        [
            0.013311568260192872,
            0.01659490966796875,
            0.26184454345703123,
            0.01586471896230765,
            0.029829947609768537,
            0.3410336653657934,
            [
                [
                    0.9419901967048645,
                    -0.33397340774536133,
                    0.03341023251414299
                ],
                [
                    0.3343126177787781,
                    0.9424490928649902,
                    -0.004976202268153429
                ],
                [
                    -0.029825523495674133,
                    0.015856996178627014,
                    0.9994293451309204
                ]
            ]
        ],
        [
            0.013158954620361329,
            0.016637733459472656,
            0.2619138488769531,
            0.014989874119596153,
            0.03007314421290408,
            0.3396225547366949,
            [
                [
                    0.9424541592597961,
                    -0.33266884088516235,
                    0.03334132954478264
                ],
                [
                    0.33298060297966003,
                    0.9429246783256531,
                    -0.0041174618527293205
                ],
                [
                    -0.030068611726164818,
                    0.014982535503804684,
                    0.999435544013977
                ]
            ]
        ],
        [
            0.012614903450012207,
            0.01589164161682129,
            0.2618243408203125,
            0.01750718343185534,
            0.028150177438615254,
            0.38984523885255196,
            [
                [
                    0.9246014356613159,
                    -0.37953126430511475,
                    0.03268376365303993
                ],
                [
                    0.3798947036266327,
                    0.9250134229660034,
                    -0.005497465375810862
                ],
                [
                    -0.02814646065235138,
                    0.017499353736639023,
                    0.9994506239891052
                ]
            ]
        ],
        [
            0.014201112747192383,
            0.0167772274017334,
            0.26187838745117187,
            0.017096950293811253,
            0.03561407961513363,
            0.5103536739405079,
            [
                [
                    0.8720185160636902,
                    -0.4878833293914795,
                    0.03941594436764717
                ],
                [
                    0.4881761372089386,
                    0.8727416396141052,
                    0.0024731657467782497
                ],
                [
                    -0.03560655191540718,
                    0.017085276544094086,
                    0.9992198348045349
                ]
            ]
        ],
        [
            0.013192732810974122,
            0.018434856414794924,
            0.26398406982421874,
            0.010416782390787638,
            0.031200147319695892,
            0.5413736578732151,
            [
                [
                    0.8565845489501953,
                    -0.5150072574615479,
                    0.032100602984428406
                ],
                [
                    0.5150629281997681,
                    0.8571226000785828,
                    0.007147344760596752
                ],
                [
                    -0.031195085495710373,
                    0.010411524213850498,
                    0.9994590878486633
                ]
            ]
        ],
        [
            0.009364145278930664,
            0.01938111114501953,
            0.2739664916992188,
            0.013105026509832862,
            -0.06723208463047459,
            0.37471414524375896,
            [
                [
                    0.9285098314285278,
                    -0.3667944073677063,
                    -0.057718124240636826
                ],
                [
                    0.3651796281337738,
                    0.9302101731300354,
                    -0.03678208589553833
                ],
                [
                    0.06718144565820694,
                    0.013075045309960842,
                    0.9976550936698914
                ]
            ]
        ],
        [
            0.005958698272705078,
            0.018600799560546874,
            0.2926446838378906,
            0.03805773222200691,
            -0.04493898561975218,
            0.22574911618216603,
            [
                [
                    0.9736427068710327,
                    -0.2253403663635254,
                    -0.03523563593626022
                ],
                [
                    0.2236105501651764,
                    0.973538339138031,
                    -0.04713144898414612
                ],
                [
                    0.04492386057972908,
                    0.0380101315677166,
                    0.9982670545578003
                ]
            ]
        ],
        [
            0.001045028328895569,
            0.01749555778503418,
            0.318822021484375,
            -0.02376026625030339,
            -0.06538900612849385,
            0.21553426361010247,
            [
                [
                    0.9747745990753174,
                    -0.21229250729084015,
                    -0.06889364123344421
                ],
                [
                    0.2134122997522354,
                    0.9769185781478882,
                    0.009237526915967464
                ],
                [
                    0.06534241884946823,
                    -0.023707257583737373,
                    0.9975812435150146
                ]
            ]
        ],
        [
            -0.0025381662845611573,
            0.013795364379882812,
            0.33812478637695315,
            0.047159076459160745,
            -0.0663393195900066,
            0.22247577466138863,
            [
                [
                    0.9732087254524231,
                    -0.2234477698802948,
                    -0.054183438420295715
                ],
                [
                    0.22015970945358276,
                    0.9735802412033081,
                    -0.06059020012617111
                ],
                [
                    0.06629066914319992,
                    0.04703790321946144,
                    0.9966909885406494
                ]
            ]
        ],
        [
            -0.014472310066223144,
            0.00779387378692627,
            0.3619015502929688,
            0.056429661693532855,
            -0.06425782363444732,
            0.1599800932386571,
            [
                [
                    0.9851930141448975,
                    -0.16262038052082062,
                    -0.05430833622813225
                ],
                [
                    0.15896978974342346,
                    0.9850821495056152,
                    -0.06589237600564957
                ],
                [
                    0.06421361118555069,
                    0.056283317506313324,
                    0.9963477253913879
                ]
            ]
        ],
        [
            -0.02236381721496582,
            0.002484208583831787,
            0.37937661743164064,
            0.04224031769899157,
            -0.03107255339069037,
            0.16150753462396628,
            [
                [
                    0.9865095615386963,
                    -0.16195771098136902,
                    -0.023845398798584938
                ],
                [
                    0.16072867810726166,
                    0.9858946204185486,
                    -0.0466696061193943
                ],
                [
                    0.031067553907632828,
                    0.042207375168800354,
                    0.9986257553100586
                ]
            ]
        ],
        [
            -0.029832710266113283,
            -0.0037542033195495607,
            0.3923660888671875,
            0.032641708900859684,
            -0.06058129415440017,
            0.18200150527510583,
            [
                [
                    0.9816792011260986,
                    -0.18284524977207184,
                    -0.053605493158102036
                ],
                [
                    0.18066634237766266,
                    0.9826018810272217,
                    -0.04304945096373558
                ],
                [
                    0.060544244945049286,
                    0.03257604315876961,
                    0.9976338148117065
                ]
            ]
        ],
        [
            -0.03781914520263672,
            -0.010207229614257813,
            0.4009101867675781,
            0.05481215909825965,
            -0.043214151243062826,
            0.19064439599731053,
            [
                [
                    0.9809656739234924,
                    -0.19153092801570892,
                    -0.03197305649518967
                ],
                [
                    0.18931475281715393,
                    0.97995924949646,
                    -0.061966024339199066
                ],
                [
                    0.04320070147514343,
                    0.05473357066512108,
                    0.9975659847259521
                ]
            ]
        ],
        [
            -0.05061922836303711,
            -0.022652595520019532,
            0.407045166015625,
            0.02561664474528752,
            -0.05448999346697714,
            0.15720031955774694,
            [
                [
                    0.9862035512924194,
                    -0.15788011252880096,
                    -0.04976388439536095
                ],
                [
                    0.15632130205631256,
                    0.9871270060539246,
                    -0.033821601420640945
                ],
                [
                    0.05446303263306618,
                    0.025575825944542885,
                    0.9981881976127625
                ]
            ]
        ],
        [
            -0.055954338073730465,
            -0.027455904006958007,
            0.4101935729980469,
            0.050221449735101384,
            -0.042528117034450474,
            0.14954103012073622,
            [
                [
                    0.9879454970359802,
                    -0.15090692043304443,
                    -0.03450873866677284
                ],
                [
                    0.14884959161281586,
                    0.9872748255729675,
                    -0.05596620962023735
                ],
                [
                    0.04251530021429062,
                    0.050154950469732285,
                    0.9978361129760742
                ]
            ]
        ],
        [
            -0.06834410858154297,
            -0.03757510757446289,
            0.41091827392578123,
            0.0014576811816032764,
            -0.028252104172408865,
            0.15055602100771792,
            [
                [
                    0.9882932901382446,
                    -0.15002843737602234,
                    -0.02771013230085373
                ],
                [
                    0.1499280333518982,
                    0.9886806011199951,
                    -0.005678096320480108
                ],
                [
                    0.028248345479369164,
                    0.0014570989878848195,
                    0.9995998740196228
                ]
            ]
        ],
        [
            -0.07988240051269531,
            -0.0489138298034668,
            0.40925872802734375,
            0.005531632538760614,
            -0.03065036297747925,
            0.15011182822237357,
            [
                [
                    0.9882899522781372,
                    -0.14971402287483215,
                    -0.02947322651743889
                ],
                [
                    0.1494784653186798,
                    0.9887138605117798,
                    -0.0100523317232728
                ],
                [
                    0.030645564198493958,
                    0.005529006477445364,
                    0.9995149970054626
                ]
            ]
        ],
        [
            -0.08495101165771485,
            -0.05117607116699219,
            0.40877740478515623,
            0.004969320778595521,
            -0.017505857362680288,
            0.17505133800067196,
            [
                [
                    0.9845666885375977,
                    -0.17424219846725464,
                    -0.01637178473174572
                ],
                [
                    0.17413200438022614,
                    0.9846903085708618,
                    -0.007941961288452148
                ],
                [
                    0.017504964023828506,
                    0.004968538880348206,
                    0.999834418296814
                ]
            ]
        ],
        [
            -0.09332743835449218,
            -0.05733865737915039,
            0.40655853271484377,
            -0.04745519639526982,
            -0.019433670203020892,
            0.16489662312469414,
            [
                [
                    0.9862490892410278,
                    -0.16305623948574066,
                    -0.02693413570523262
                ],
                [
                    0.16411936283111572,
                    0.9854761362075806,
                    0.04360766336321831
                ],
                [
                    0.019432447850704193,
                    -0.0474284291267395,
                    0.9986855983734131
                ]
            ]
        ],
        [
            -0.10476990509033203,
            -0.06131694793701172,
            0.4034354248046875,
            -0.035366666404601364,
            -0.01262609245510471,
            0.14076789576739218,
            [
                [
                    0.9900296330451965,
                    -0.13977369666099548,
                    -0.017454084008932114
                ],
                [
                    0.14029227197170258,
                    0.9895520210266113,
                    0.0332392081618309
                ],
                [
                    0.012625756673514843,
                    -0.03535647690296173,
                    0.9992949962615967
                ]
            ]
        ],
        [
            -0.11211994171142578,
            -0.062150447845458985,
            0.4014517517089844,
            -0.05934911474832167,
            -0.012664302565142949,
            0.14164411099525478,
            [
                [
                    0.989905834197998,
                    -0.14017876982688904,
                    -0.020888516679406166
                ],
                [
                    0.14115962386131287,
                    0.9883482456207275,
                    0.0569356232881546
                ],
                [
                    0.012663964182138443,
                    -0.059309523552656174,
                    0.9981592893600464
                ]
            ]
        ],
        [
            -0.11889171600341797,
            -0.06778599548339843,
            0.39838702392578124,
            -0.037082771093437876,
            -0.0010236294240331123,
            0.14432042175568874,
            [
                [
                    0.9896033406257629,
                    -0.143683522939682,
                    -0.006344310939311981
                ],
                [
                    0.1438198685646057,
                    0.9889289736747742,
                    0.03654172644019127
                ],
                [
                    0.0010236293310299516,
                    -0.0370742529630661,
                    0.9993119835853577
                ]
            ]
        ],
        [
            -0.12772583770751952,
            -0.06738477325439453,
            0.3956006164550781,
            -0.03942563671160411,
            0.0064173428460108095,
            0.10787665638242262,
            [
                [
                    0.9941664934158325,
                    -0.10783534497022629,
                    0.0021312751341611147
                ],
                [
                    0.10766533017158508,
                    0.9933871626853943,
                    0.039876699447631836
                ],
                [
                    -0.006417298689484596,
                    -0.03941461071372032,
                    0.999202311038971
                ]
            ]
        ],
        [
            -0.13386871337890624,
            -0.06566498565673828,
            0.39481759643554687,
            -0.060446335092550124,
            0.010272667716660466,
            0.11599154838252271,
            [
                [
                    0.9932281374931335,
                    -0.11613665521144867,
                    0.0031935328152030706
                ],
                [
                    0.11572552472352982,
                    0.9913946390151978,
                    0.06119029223918915
                ],
                [
                    -0.010272487066686153,
                    -0.06040634587407112,
                    0.9981210231781006
                ]
            ]
        ],
        [
            -0.13741152954101563,
            -0.06906778717041015,
            0.393290771484375,
            -0.050142395857802405,
            0.023837248249315657,
            0.13694232979291493,
            [
                [
                    0.9903566241264343,
                    -0.13752658665180206,
                    0.016739865764975548
                ],
                [
                    0.13647593557834625,
                    0.9892298579216003,
                    0.05290189012885094
                ],
                [
                    -0.023834990337491035,
                    -0.05010714754462242,
                    0.9984593987464905
                ]
            ]
        ],
        [
            -0.1432535400390625,
            -0.06726590728759765,
            0.3927447509765625,
            -0.017586130969958244,
            0.041390274958025275,
            0.11825740661988528,
            [
                [
                    0.9921652674674988,
                    -0.11868628859519958,
                    0.03900836780667305
                ],
                [
                    0.1178809180855751,
                    0.9927763342857361,
                    0.022343561053276062
                ],
                [
                    -0.041378457099199295,
                    -0.017570164054632187,
                    0.9989890456199646
                ]
            ]
        ],
        [
            -0.14588192749023438,
            -0.06385418319702149,
            0.3938296813964844,
            -0.040959344980778994,
            0.0502689013966966,
            0.11419183374613567,
            [
                [
                    0.9922322034835815,
                    -0.11589239537715912,
                    0.04521284997463226
                ],
                [
                    0.11379988491535187,
                    0.9924194812774658,
                    0.04640182480216026
                ],
                [
                    -0.05024773254990578,
                    -0.04089616611599922,
                    0.9978991150856018
                ]
            ]
        ],
        [
            -0.14585386657714844,
            -0.0671351318359375,
            0.39381463623046875,
            -0.024474928252652017,
            0.06562267301650793,
            0.1379407702534399,
            [
                [
                    0.9883692860603333,
                    -0.1390521079301834,
                    0.061568185687065125
                ],
                [
                    0.1372077763080597,
                    0.9899839162826538,
                    0.03325421363115311
                ],
                [
                    -0.06557558476924896,
                    -0.024419810622930527,
                    0.9975487589836121
                ]
            ]
        ],
        [
            -0.14499066162109375,
            -0.06513562774658203,
            0.3947286376953125,
            0.011140102458621313,
            0.08643093592445461,
            0.12427591120633874,
            [
                [
                    0.9885836243629456,
                    -0.12299435585737228,
                    0.08703315258026123
                ],
                [
                    0.12349355220794678,
                    0.9923453330993652,
                    -0.0003542999620549381
                ],
                [
                    -0.08632336556911469,
                    0.011098288930952549,
                    0.9962053298950195
                ]
            ]
        ],
        [
            -0.1438914794921875,
            -0.061994178771972656,
            0.3966702880859375,
            -0.0031166120966910488,
            0.09205315852714668,
            0.11099079791285792,
            [
                [
                    0.9896389842033386,
                    -0.11104724556207657,
                    0.09101194143295288
                ],
                [
                    0.11029409617185593,
                    0.9938102960586548,
                    0.013279075734317303
                ],
                [
                    -0.09192320704460144,
                    -0.003103411989286542,
                    0.9957612752914429
                ]
            ]
        ],
        [
            -0.139831787109375,
            -0.06595053100585938,
            0.397498046875,
            -0.001147858509029688,
            0.0894223699672474,
            0.10448311472743804,
            [
                [
                    0.9905728697776794,
                    -0.10439499467611313,
                    0.08869646489620209
                ],
                [
                    0.10387641191482544,
                    0.9945352673530579,
                    0.010455305688083172
                ],
                [
                    -0.08930324018001556,
                    -0.0011432720348238945,
                    0.9960038065910339
                ]
            ]
        ],
        [
            -0.1337259521484375,
            -0.06529093933105469,
            0.3990389099121094,
            0.04440630923216588,
            0.10273571647810775,
            0.1206537178877301,
            [
                [
                    0.9874958395957947,
                    -0.11572304368019104,
                    0.10705220699310303
                ],
                [
                    0.11972657591104507,
                    0.992299497127533,
                    -0.03173751011490822
                ],
                [
                    -0.10255508869886398,
                    0.04415765404701233,
                    0.9937466979026794
                ]
            ]
        ],
        [
            -0.1286488037109375,
            -0.06462215423583985,
            0.4017693786621094,
            0.024484556375258155,
            0.09270521238397422,
            0.09752044979379779,
            [
                [
                    0.990975022315979,
                    -0.09508116543292999,
                    0.09448874741792679
                ],
                [
                    0.09694785624742508,
                    0.9951710104942322,
                    -0.015355081297457218
                ],
                [
                    -0.09257248044013977,
                    0.02437698282301426,
                    0.9954075217247009
                ]
            ]
        ],
        [
            -0.12272289276123047,
            -0.06976099395751953,
            0.40285028076171875,
            0.05472749942817973,
            0.09204979111841949,
            0.1154856476940439,
            [
                [
                    0.9891335368156433,
                    -0.11006205528974533,
                    0.09747391939163208
                ],
                [
                    0.11474128067493439,
                    0.992431104183197,
                    -0.04375983774662018
                ],
                [
                    -0.09191985428333282,
                    0.054468605667352676,
                    0.9942755699157715
                ]
            ]
        ],
        [
            -0.11327977752685547,
            -0.07093392181396484,
            0.4062152709960937,
            0.05934107891435223,
            0.10085916369154257,
            0.1359637040821103,
            [
                [
                    0.985736072063446,
                    -0.12939026951789856,
                    0.10762210190296173
                ],
                [
                    0.13485634326934814,
                    0.9898366332054138,
                    -0.045135144144296646
                ],
                [
                    -0.10068824887275696,
                    0.05900486558675766,
                    0.9931668043136597
                ]
            ]
        ],
        [
            -0.10533102416992188,
            -0.07304960632324219,
            0.4088362426757812,
            0.01862542859124955,
            0.08553845459693843,
            0.11273027732398491,
            [
                [
                    0.990019679069519,
                    -0.11089109629392624,
                    0.08697225898504257
                ],
                [
                    0.11208037286996841,
                    0.9936593174934387,
                    -0.008897170424461365
                ],
                [
                    -0.08543418347835541,
                    0.0185562577098608,
                    0.9961709976196289
                ]
            ]
        ],
        [
            -0.09680057525634765,
            -0.07673255157470703,
            0.41142596435546874,
            0.01640573360306595,
            0.06784705599621321,
            0.11662541358926111,
            [
                [
                    0.9909218549728394,
                    -0.11524093151092529,
                    0.06923432648181915
                ],
                [
                    0.11609350144863129,
                    0.9932027459144592,
                    -0.008405908942222595
                ],
                [
                    -0.06779501587152481,
                    0.01636725477874279,
                    0.9975650310516357
                ]
            ]
        ],
        [
            -0.0865806655883789,
            -0.07546720123291016,
            0.4140037841796875,
            0.00953601586357268,
            0.0758406316649225,
            0.11725902106259219,
            [
                [
                    0.9902782440185547,
                    -0.1162676215171814,
                    0.0763598382472992
                ],
                [
                    0.11665420234203339,
                    0.9931724071502686,
                    -0.0006066625355742872
                ],
                [
                    -0.07576794922351837,
                    0.009508459828794003,
                    0.9970801472663879
                ]
            ]
        ],
        [
            -0.07908592987060546,
            -0.07604244232177734,
            0.41689617919921873,
            -0.0337669942993407,
            0.06712770638380072,
            0.10998007238583442,
            [
                [
                    0.991719663143158,
                    -0.11194681376218796,
                    0.06292852759361267
                ],
                [
                    0.10951129347085953,
                    0.9931431412696838,
                    0.040914714336395264
                ],
                [
                    -0.06707730144262314,
                    -0.033684540539979935,
                    0.9971790313720703
                ]
            ]
        ],
        [
            -0.06871891021728516,
            -0.07721286010742187,
            0.41891015625,
            -0.03581977784697462,
            0.06749947465795114,
            0.10954632919237328,
            [
                [
                    0.9917422533035278,
                    -0.11165821552276611,
                    0.06308568269014359
                ],
                [
                    0.10907839983701706,
                    0.993104100227356,
                    0.04296666011214256
                ],
                [
                    -0.06744822859764099,
                    -0.03573056682944298,
                    0.9970827698707581
                ]
            ]
        ],
        [
            -0.059861839294433596,
            -0.07436110687255859,
            0.42073208618164065,
            -0.024075674281514976,
            0.05739991775925768,
            0.10042838176553623,
            [
                [
                    0.9933226704597473,
                    -0.10160468518733978,
                    0.05464921519160271
                ],
                [
                    0.10009452700614929,
                    0.9945344924926758,
                    0.029702119529247284
                ],
                [
                    -0.05736840143799782,
                    -0.024033701047301292,
                    0.9980637431144714
                ]
            ]
        ],
        [
            -0.051145614624023436,
            -0.07267689514160157,
            0.423470703125,
            -0.0553161423650115,
            0.050032398969817704,
            0.10754856940689164,
            [
                [
                    0.9929780960083008,
                    -0.10992623120546341,
                    0.043711837381124496
                ],
                [
                    0.1072070375084877,
                    0.9924046993255615,
                    0.060328587889671326
                ],
                [
                    -0.0500115267932415,
                    -0.05521875247359276,
                    0.9972209930419922
                ]
            ]
        ],
        [
            -0.043488140106201174,
            -0.07451127624511719,
            0.42498843383789064,
            -0.006413090050226597,
            0.048859745048800196,
            0.10668277856977178,
            [
                [
                    0.9931281805038452,
                    -0.10678977519273758,
                    0.047878775745630264
                ],
                [
                    0.10635345429182053,
                    0.9942609667778015,
                    0.011577021330595016
                ],
                [
                    -0.04884030669927597,
                    -0.006405392661690712,
                    0.9987860321998596
                ]
            ]
        ],
        [
            -0.032491161346435544,
            -0.07234012603759765,
            0.42767413330078125,
            0.02390370109896589,
            0.057308087525437035,
            0.13332612535822408,
            [
                [
                    0.9894981384277344,
                    -0.13153666257858276,
                    0.059929441660642624
                ],
                [
                    0.13271324336528778,
                    0.9910240769386292,
                    -0.016077600419521332
                ],
                [
                    -0.05727672204375267,
                    0.023862186819314957,
                    0.9980731010437012
                ]
            ]
        ],
        [
            -0.0284163818359375,
            -0.07067658996582031,
            0.42862701416015625,
            -0.028846920880057643,
            0.03505009988336116,
            0.11629063472422721,
            [
                [
                    0.9926358461380005,
                    -0.11698434501886368,
                    0.031445153057575226
                ],
                [
                    0.11595743894577026,
                    0.9927153587341309,
                    0.03271240368485451
                ],
                [
                    -0.03504292294383049,
                    -0.02882520668208599,
                    0.9989700317382812
                ]
            ]
        ],
        [
            -0.017798240661621095,
            -0.06885657501220703,
            0.4301478271484375,
            -0.012378295601259554,
            0.04060829780933295,
            0.11792350013480504,
            [
                [
                    0.9922363758087158,
                    -0.11814039200544357,
                    0.03885583207011223
                ],
                [
                    0.11755339056253433,
                    0.9929198622703552,
                    0.017067918553948402
                ],
                [
                    -0.040597137063741684,
                    -0.012367774732410908,
                    0.99909907579422
                ]
            ]
        ],
        [
            -0.010285647392272949,
            -0.06370735168457031,
            0.4306734619140625,
            0.002327315780613952,
            0.06251919191125355,
            0.11951620934449267,
            [
                [
                    0.9909266829490662,
                    -0.11908718943595886,
                    0.062310099601745605
                ],
                [
                    0.1189989373087883,
                    0.9928810596466064,
                    0.00513869384303689
                ],
                [
                    -0.06247847154736519,
                    0.0023227666970342398,
                    0.9980435967445374
                ]
            ]
        ],
        [
            -0.0032810842990875244,
            -0.060993885040283205,
            0.43150482177734373,
            -0.02815360176422558,
            0.05897027259385368,
            0.11389162956020554,
            [
                [
                    0.9917943477630615,
                    -0.11524882912635803,
                    0.05533196032047272
                ],
                [
                    0.11344802379608154,
                    0.9929391145706177,
                    0.03466268256306648
                ],
                [
                    -0.05893610045313835,
                    -0.02810095064342022,
                    0.997866153717041
                ]
            ]
        ],
        [
            0.005213205337524414,
            -0.06096332931518555,
            0.432253173828125,
            0.014096697761177765,
            0.06799033492424722,
            0.12845344590738017,
            [
                [
                    0.9894697666168213,
                    -0.12713797390460968,
                    0.06917727738618851
                ],
                [
                    0.12780451774597168,
                    0.9917853474617004,
                    -0.005278073716908693
                ],
                [
                    -0.06793796271085739,
                    0.01406366191804409,
                    0.9975904226303101
                ]
            ]
        ],
        [
            0.013714262008666992,
            -0.05480022811889648,
            0.4319404296875,
            -0.01328536560739696,
            0.08137144955811926,
            0.12249994382928484,
            [
                [
                    0.9892222285270691,
                    -0.12325474619865417,
                    0.07904211431741714
                ],
                [
                    0.12178947776556015,
                    0.992286741733551,
                    0.023116661235690117
                ],
                [
                    -0.08128168433904648,
                    -0.013241017237305641,
                    0.9966031908988953
                ]
            ]
        ],
        [
            0.02261688995361328,
            -0.051324150085449216,
            0.4328893127441406,
            -0.030634623727302017,
            0.08235464504067447,
            0.1088881930161687,
            [
                [
                    0.9907084107398987,
                    -0.11112689226865768,
                    0.07840738445520401
                ],
                [
                    0.10830482840538025,
                    0.9933372735977173,
                    0.03938385844230652
                ],
                [
                    -0.0822615846991539,
                    -0.030526021495461464,
                    0.9961431622505188
                ]
            ]
        ],
        [
            0.032604053497314454,
            -0.05062136459350586,
            0.43270465087890625,
            0.0126927162535714,
            0.08308421919107722,
            0.10505688269331553,
            [
                [
                    0.9910560846328735,
                    -0.10380777716636658,
                    0.08385543525218964
                ],
                [
                    0.10450200736522675,
                    0.9945169687271118,
                    -0.0039205970242619514
                ],
                [
                    -0.0829886645078659,
                    0.012648592703044415,
                    0.9964702129364014
                ]
            ]
        ],
        [
            0.042553909301757814,
            -0.044619789123535154,
            0.4323841857910156,
