{"amplitude": 0.06529358030257898, "frequency": 0.012867075720729934, "seed": 1762490866, "time_interval": 0.05, "pid_gains": {"pid_rate": {"roll_kp": "50.0", "roll_ki": "0.0", "roll_kd": "0.0", "pitch_kp": "50.0", "pitch_ki": "0.0", "pitch_kd": "0.0", "yaw_kp": "80.0", "yaw_ki": "0.0", "yaw_kd": "0.0"}, "pid_attitude": {"roll_kp": "8.0", "roll_ki": "0.0", "roll_kd": "0.20000000298023224", "pitch_kp": "8.0", "pitch_ki": "0.0", "pitch_kd": "1.0", "yaw_kp": "10.0", "yaw_ki": "0.0", "yaw_kd": "0.3499999940395355"}, "velCtlPid": {"vxKp": "15.0", "vxKi": "1.0", "vxKd": "0.0", "vyKp": "10.0", "vyKi": "1.0", "vyKd": "0.0", "vzKp": "12.5", "vzKi": "0.5", "vzKd": "0.0"}, "posCtlPid": {"xKp": "1.5", "xKi": "0.0", "xKd": "0.0", "yKp": "1.5", "yKi": "0.0", "yKd": "0.0", "zKp": "5.0", "zKi": "0.5", "zKd": "0.0"}}, "mocap_pose": [[0.013657052993774415, 0.02529630470275879, 0.2595853271484375, 0.024486279831111346, 0.06400515364658621, 0.41726436796961824, [[0.9123290777206421, -0.40370792150497437, 0.06837844848632812], [0.40443122386932373, 0.9145616292953491, 0.0035301733296364546], [-0.063961461186409, 0.024433698505163193, 0.9976531863212585]]], [0.013641088485717774, 0.025280950546264648, 0.25961526489257813, 0.025445704738554037, 0.06352174529310162, 0.4194938223524427, [[0.9114532470703125, -0.4056912958621979, 0.06831920146942139], [0.406476765871048, 0.9136573672294617, 0.0026095944922417402], [-0.06347903609275818, 0.02539164386689663, 0.9976601004600525]]], [0.013311326026916504, 0.02523749351501465, 0.2595808410644531, 0.02242684816720608, 0.060489736833102326, 0.41199957937011716, [[0.9146460294723511, -0.3990994691848755, 0.06436025351285934], [0.3997099995613098, 0.9166343808174133, 0.0036533076781779528], [-0.06045285612344742, 0.022383954375982285, 0.997920036315918]]], [0.013050030708312989, 0.025373157501220704, 0.2595695495605469, 0.02283765936076046, 0.061863349517847555, 0.47111190007124093, [[0.8893596529960632, -0.45250099897384644, 0.06543929129838943], [0.45300909876823425, 0.891472578048706, 0.0077050975523889065], [-0.06182389706373215, 0.022791991010308266, 0.9978268146514893]]], [0.013145044326782226, 0.02545506477355957, 0.2595724792480469, 0.02585704604961253, 0.05959060032828489, 0.6087801324276814, [[0.8188900947570801, -0.5704128742218018, 0.06362481415271759], [0.5708521008491516, 0.8209525346755981, 0.012836990877985954], [-0.05955533683300018, 0.025808272883296013, 0.9978913068771362]]], [0.013001973152160645, 0.026479621887207032, 0.26409552001953124, 0.011528087192091419, 0.04760725286415912, 0.6897088893790242, [[0.7705572247505188, -0.6358471512794495, 0.04404471814632416], [0.6355916857719421, 0.7717291116714478, 0.021386712789535522], [-0.047589272260665894, 0.011514770798385143, 0.9988006353378296]]], [0.012003758430480956, 0.02804339790344238, 0.27356982421875, -0.01697345930466576, 0.03225411184220128, 0.5323133315234487, [[0.8611871600151062, -0.5079264640808105, 0.019168369472026825], [0.5072639584541321, 0.8612334132194519, 0.030988896265625954], [-0.032248519361019135, -0.016963817179203033, 0.9993358850479126]]], [0.008113476753234863, 0.03630995178222656, 0.3017008056640625, -0.04866780187193068, -0.03512950537533621, 0.3156855448364072, [[0.9499972462654114, -0.30847638845443726, -0.048450980335474014], [0.31027665734291077, 0.9499887228012085, 0.03535312041640282], [0.035122279077768326, -0.04861857742071152, 0.9981997013092041]]], [0.0055463933944702145, 0.03986278915405273, 0.32017236328125, 0.018860610179449386, -0.0550315845382523, 0.2669648027431098, [[0.9631158113479614, -0.2647586464881897, -0.048070695251226425], [0.26340562105178833, 0.9641308188438416, -0.032699111849069595], [0.0550038106739521, 0.01883094199001789, 0.998308539390564]]], [0.001061044454574585, 0.049261554718017575, 0.33795526123046876, -0.04100885987861484, -0.05354086980566053, 0.2337039400536261, [[0.9714213013648987, -0.22925330698490143, -0.06151099503040314], [0.23125050961971283, 0.972505509853363, 0.027500087395310402], [0.05351529270410538, -0.040938619524240494, 0.9977275133132935]]], [-0.00564246940612793, 0.05394001007080078, 0.3571256103515625, 0.0077617568757746835, -0.04358424130170735, 0.1827115763737283, [[0.982420802116394, -0.1820237636566162, -0.04143363609910011], [0.1815241277217865, 0.9832635521888733, -0.01554884947836399], [0.043570443987846375, 0.007754308171570301, 0.9990202784538269]]], [-0.01088027858734131, 0.06136460494995117, 0.37456417846679685, 0.007495336011858492, -0.0444006100812111, 0.17398348016659193, [[0.983932375907898, -0.17342984676361084, -0.042417217046022415], [0.17293645441532135, 0.9848177433013916, -0.015065427869558334], [0.04438602179288864, 0.007487878669053316, 0.9989863634109497]]], [-0.01775666618347168, 0.06957671356201171, 0.3858272399902344, -0.01886368744120971, -0.034225644384521914, 0.1494519815818977, [[0.9882737398147583, -0.14823149144649506, -0.03664006292819977], [0.1488090455532074, 0.988772988319397, 0.013558135367929935], [0.034218963235616684, -0.018851522356271744, 0.999236524105072]]], [-0.02530073165893555, 0.07296511840820312, 0.39521563720703123, 0.04769066165356133, -0.033155230837087046, 0.12636866807717403, [[0.9914808869361877, -0.12745700776576996, -0.026839138939976692], [0.12596334517002106, 0.9906989932060242, -0.05146557465195656], [0.03314915671944618, 0.04764638468623161, 0.9983140826225281]]], [-0.030512798309326173, 0.08173481750488282, 0.39957705688476564, 0.07246559698272712, -0.015295169633243288, 0.1687068833105861, [[0.9856874346733093, -0.16855870187282562, -0.0028809737414121628], [0.1678880900144577, 0.9830295443534851, -0.0739356130361557], [0.01529457326978445, 0.07239372283220291, 0.9972588419914246]]], [-0.034695560455322266, 0.08564129638671875, 0.4016060180664062, 0.06048253405356692, 0.006749027957921427, 0.14824840947251844, [[0.9890087842941284, -0.14703242480754852, 0.015590930357575417], [0.14770261943340302, 0.9872831106185913, -0.05878761410713196], [-0.006748976651579142, 0.060444287955760956, 0.9981487393379211]]], [-0.04109378433227539, 0.09341719818115235, 0.4005343017578125, 0.04910544083251674, 0.007717659832979118, 0.15138433160987125, [[0.9885337948799133, -0.15025049448013306, 0.015022579580545425], [0.15080228447914124, 0.9874287247657776, -0.047361865639686584], [-0.007717583328485489, 0.049084246158599854, 0.9987648129463196]]], [-0.04277480316162109, 0.10053524017333984, 0.3990672302246094, 0.0785382700441659, 0.03577687625011716, 0.15469127024238144, [[0.9874268770217896, -0.15082725882530212, 0.047321539372205734], [0.1539764702320099, 0.9854457974433899, -0.07202654331922531], [-0.03576924279332161, 0.07840734720230103, 0.9962794780731201]]], [-0.044564117431640626, 0.10789273071289063, 0.39637908935546873, 0.04331274572786242, 0.042573697347945805, 0.14335997745937157, [[0.9888446927070618, -0.14091148972511292, 0.048270855098962784], [0.14273996651172638, 0.9890766143798828, -0.03678008168935776], [-0.04256083816289902, 0.04325997084379196, 0.9981569051742554]]], [-0.045688148498535155, 0.10974546813964844, 0.3933236999511719, 0.061198915299073495, 0.04652166796542989, 0.11613949763267485, [[0.9921887516975403, -0.11283653974533081, 0.053192347288131714], [0.11575321108102798, 0.9917334914207458, -0.055369872599840164], [-0.04650488868355751, 0.06109454855322838, 0.997048020362854]]], [-0.0457705192565918, 0.11595256805419922, 0.39118707275390624, 0.050083440588777464, 0.04891205839551027, 0.13698493718790944, [[0.9894474744796753, -0.13396093249320984, 0.05521019175648689], [0.13639360666275024, 0.9897242784500122, -0.042925287038087845], [-0.0488925576210022, 0.050002630800008774, 0.9975516200065613]]], [-0.04430779266357422, 0.11845552062988281, 0.3875135498046875, 0.04554357871778835, 0.04700648139951058, 0.12685995789725474, [[0.990868330001831, -0.12426664680242538, 0.052323415875434875], [0.12638020515441895, 0.9912061095237732, -0.039223071187734604], [-0.04698917269706726, 0.045477546751499176, 0.9978595972061157]]], [-0.0415193977355957, 0.11993895721435546, 0.3836014709472656, 0.07571337687073923, 0.05931810300587159, 0.1289894157409479, [[0.9899482131004333, -0.12381650507450104, 0.06835225224494934], [0.12840577960014343, 0.9894281029701233, -0.06740877777338028], [-0.05928332358598709, 0.07550802081823349, 0.9953813552856445]]], [-0.04042353439331055, 0.12211093139648438, 0.38207763671875, 0.11446282175687783, 0.05513071818492166, 0.12431948340984328, [[0.9907746911048889, -0.11694319546222687, 0.06848209351301193], [0.12381110340356827, 0.9865694642066956, -0.10654357075691223], [-0.055102795362472534, 0.11403951793909073, 0.9919469356536865]]], [-0.03879728317260742, 0.119866943359375, 0.3809456787109375, 0.1000770009491697, 0.03779507436758189, 0.11511908299148664, [[0.9926716685295105, -0.11054003238677979, 0.04882432520389557], [0.11478295177221298, 0.9888443350791931, -0.09493015706539154], [-0.037786077708005905, 0.09983868151903152, 0.9942858815193176]]], [-0.03406332778930664, 0.11901860046386718, 0.3806608581542969, 0.08569034773142284, 0.03724002202570964, 0.12614921513903174, [[0.991365909576416, -0.12219211459159851, 0.04756797477602959], [0.12572766840457916, 0.988814651966095, -0.08023835718631744], [-0.03723141551017761, 0.08552617579698563, 0.9956400394439697]]], [-0.03248612594604492, 0.11774472808837891, 0.3828816223144531, 0.11204548066833875, 0.030002530459405152, 0.12288366650736757, [[0.992012619972229, -0.11847720295190811, 0.04329035431146622], [0.12251947075128555, 0.9866471886634827, -0.1073141098022461], [-0.02999802865087986, 0.11176086962223053, 0.9932822585105896]]], [-0.03173738098144531, 0.11648981475830078, 0.38477798461914064, 0.08345099755597932, 0.020017408248200308, 0.11943711928592526, [[0.9926769733428955, -0.11708216369152069, 0.029736243188381195], [0.1191294863820076, 0.9896194338798523, -0.08038366585969925], [-0.020016072317957878, 0.08333747088909149, 0.996320366859436]]], [-0.030342988967895508, 0.10850995635986328, 0.3879734191894531, 0.07628288439376224, -0.007967590794287327, 0.1209355642311982, [[0.9926646947860718, -0.12089291214942932, 0.0013076078612357378], [0.12063716351985931, 0.9897360801696777, -0.07661072164773941], [0.007967506535351276, 0.0762065052986145, 0.997060239315033]]], [-0.029229257583618166, 0.10814107513427734, 0.3904521484375, 0.0985924058219425, -0.001685503491229312, 0.1301061497269009, [[0.9915466904640198, -0.12927384674549103, 0.011107465252280235], [0.1297392100095749, 0.986711323261261, -0.09781842678785324], [0.0016855027060955763, 0.09843261539936066, 0.9951422810554504]]], [-0.030125516891479492, 0.10131752777099609, 0.39575973510742185, 0.07904108176657527, -0.01988063291215192, 0.1281331463243634, [[0.9916061758995056, -0.1289406418800354, -0.009565221145749092], [0.12775756418704987, 0.9885050654411316, -0.08084382116794586], [0.01987932249903679, 0.07894320040941238, 0.9966808557510376]]], [-0.03124787139892578, 0.09387762451171874, 0.39800775146484374, 0.06995856421429007, -0.03694813605650338, 0.1063557490620657, [[0.9936708807945251, -0.10846324265003204, -0.029220737516880035], [0.10608290135860443, 0.9916431903839111, -0.07341829687356949], [0.03693972900509834, 0.06985380500555038, 0.9968730807304382]]], [-0.03344463729858398, 0.08736050415039062, 0.40295370483398435, 0.07972313087654584, -0.040468372118478646, 0.12146967906801823, [[0.991818904876709, -0.12398455291986465, -0.03038175217807293], [0.12107197940349579, 0.9890884160995483, -0.0839385911822319], [0.04045732691884041, 0.07957350462675095, 0.9960076808929443]]], [-0.036663616180419925, 0.08150048828125, 0.4063807373046875, 0.07116483941176482, -0.04715358509016032, 0.12159070316793116, [[0.9915136098861694, -0.1243111714720726, -0.038045283406972885], [0.12115649878978729, 0.9896979928016663, -0.0762825459241867], [0.04713611304759979, 0.07102575153112411, 0.9963601231575012]]], [-0.03902161026000977, 0.07546836853027344, 0.40811529541015623, 0.058113089201603414, -0.05033486400351195, 0.13211042169313095, [[0.9900305867195129, -0.134400874376297, -0.04214026778936386], [0.13155962526798248, 0.9892277717590332, -0.06419072300195694], [0.05031361058354378, 0.05800682678818703, 0.9970475435256958]]], [-0.042855743408203126, 0.07245175170898438, 0.4100754699707031, 0.07101582692503677, -0.04678781049444969, 0.12664762696356552, [[0.9909053444862366, -0.12928305566310883, -0.03731678053736687], [0.12617111206054688, 0.9890713691711426, -0.07628054916858673], [0.046770744025707245, 0.07087849825620651, 0.9963878393173218]]], [-0.04840458679199219, 0.06483129119873046, 0.411654296875, 0.05888127792895777, -0.04477853649028196, 0.12630698228452386, [[0.9910394549369812, -0.12836633622646332, -0.03691695258021355], [0.12584513425827026, 0.9899828433990479, -0.06400763243436813], [0.04476357251405716, 0.058788273483514786, 0.9972663521766663]]], [-0.050967948913574215, 0.0579604263305664, 0.4114002685546875, 0.08438547126869245, -0.04712163921120527, 0.13570447995401544, [[0.9897064566612244, -0.1387406438589096, -0.0351022407412529], [0.13513816893100739, 0.9867435097694397, -0.08986043184995651], [0.04710420221090317, 0.08419179916381836, 0.995335578918457]]], [-0.05666578674316406, 0.05209592819213867, 0.41152072143554685, 0.09201073778006336, -0.0225792098839126, 0.09981192280300297, [[0.994769275188446, -0.10128886997699738, -0.013214299455285072], [0.09962087869644165, 0.9906072616577148, -0.09366389364004135], [0.02257729135453701, 0.09185754507780075, 0.9955161809921265]]], [-0.06111460494995117, 0.04520113754272461, 0.4115535583496094, 0.05008077731365804, -0.026875234313022967, 0.12337086382229234, [[0.9920411109924316, -0.12423884123563766, -0.02047405019402504], [0.1230137050151825, 0.9909896850585938, -0.052982036024332047], [0.026871999725699425, 0.050041768699884415, 0.9983855485916138]]], [-0.06430155181884765, 0.039396335601806644, 0.41089337158203126, 0.05091596932795174, -0.0071580358690168655, 0.13959811900768743, [[0.9902466535568237, -0.1393255889415741, 2.493851297913352e-06], [0.13914158940315247, 0.9889379739761353, -0.05139358341693878], [0.007157974876463413, 0.0508926697075367, 0.9986785054206848]]], [-0.06670641326904297, 0.033706039428710935, 0.41117657470703123, 0.08375288597305683, 0.0125188584802014, 0.12502220674589015, [[0.992117166519165, -0.12322061508893967, 0.022808793932199478], [0.12468699365854263, 0.9888476133346558, -0.08144652098417282], [-0.012518531642854214, 0.0836484506726265, 0.9964166879653931]]], [-0.06911301422119141, 0.02729019546508789, 0.4107959289550781, 0.052331735038611625, 0.014556068661341515, 0.12152603012408952, [[0.9925196170806885, -0.12030541151762009, 0.020769555121660233], [0.12121427804231644, 0.99135822057724, -0.05015995725989342], [-0.014555554836988449, 0.05230231210589409, 0.9985252022743225]]], [-0.06805697631835937, 0.022988271713256837, 0.40999847412109375, 0.08529678560781301, 0.01342546163784486, 0.14557109105934377, [[0.9893340468406677, -0.14339850842952728, 0.025592714548110962], [0.14504443109035492, 0.9859920144081116, -0.08235199749469757], [-0.013425057753920555, 0.0851857140660286, 0.9962746500968933]]], [-0.06767469024658203, 0.015839637756347655, 0.4085232238769531, 0.08986765193562593, 0.03687803370925691, 0.13743109339570309, [[0.9898976683616638, -0.1331683099269867, 0.048669859766960144], [0.1369057297706604, 0.9870271682739258, -0.0838698074221611], [-0.03686967492103577, 0.08968571573495865, 0.9952874183654785]]], [-0.06743991851806641, 0.010049213409423828, 0.4073317565917969, 0.06050655401822843, 0.032685457434759035, 0.1253285311550491, [[0.9916267395019531, -0.12281132489442825, 0.03992273285984993], [0.12493392825126648, 0.9905880689620972, -0.055917855352163315], [-0.032679639756679535, 0.06043734401464462, 0.9976369142532349]]], [-0.06387995910644531, 0.005895044803619385, 0.40595742797851564, 0.06530146374292277, 0.027821014776097774, 0.13869839261936906, [[0.9900135397911072, -0.1361616551876068, 0.036513350903987885], [0.13820062577724457, 0.9885368347167969, -0.06079072877764702], [-0.02781742624938488, 0.06522981077432632, 0.9974824786186218]]], [-0.06030022430419922, -0.0012851829528808595, 0.40581109619140626, 0.04821965363101317, 0.018048274307284284, 0.132214493644918, [[0.9911109209060669, -0.1308140903711319, 0.02422330714762211], [0.13180816173553467, 0.9902348518371582, -0.04540388658642769], [-0.01804729364812374, 0.04819311946630478, 0.9986749887466431]]], [-0.05840977478027344, -0.0045793547630310055, 0.4057748718261719, 0.02373539116926853, 0.016572008459886822, 0.1043354099255473, [[0.9944254159927368, -0.10372573137283325, 0.018948212265968323], [0.10413191467523575, 0.9943228363990784, -0.02187875472009182], [-0.016571249812841415, 0.023729903623461723, 0.9995810389518738]]], [-0.05432764053344727, -0.013641656875610352, 0.40739630126953125, 0.04503540121851941, -0.009018400758938006, 0.13019472011220717, [[0.9914963245391846, -0.1300981491804123, -0.0030880423728376627], [0.12982194125652313, 0.9904785752296448, -0.045808788388967514], [0.009018278680741787, 0.04501834884285927, 0.9989454746246338]]], [-0.05098162078857422, -0.016628396987915038, 0.40892068481445315, 0.08484510312113315, -0.018111014019634553, 0.1159763092832602, [[0.9931193590164185, -0.11682463437318802, -0.00811745598912239], [0.11569751799106598, 0.9895316958427429, -0.08626215159893036], [0.01811002381145954, 0.08472944796085358, 0.996239423751831]]], [-0.04913895034790039, -0.01883481788635254, 0.4117693176269531, 0.03745180023074687, -0.028111786863820543, 0.11673233061771526, [[0.992802083492279, -0.11743102222681046, -0.023536324501037598], [0.11642138659954071, 0.9923754930496216, -0.04045960679650307], [0.028108084574341774, 0.03742825239896774, 0.9989039301872253]]], [-0.047298316955566404, -0.02681234550476074, 0.41349441528320313, 0.08190802915166785, -0.041309701822342504, 0.10119829400742748, [[0.9940350651741028, -0.10404852032661438, -0.0326833575963974], [0.10093946754932404, 0.9912070631980896, -0.08555605262517929], [0.04129795357584953, 0.0817466750741005, 0.9957971572875977]]], [-0.04532881546020508, -0.03231512451171875, 0.4188248596191406, 0.07407022508161028, -0.048986236433005814, 0.11922813928215482, [[0.9917096495628357, -0.12221764773130417, -0.03968341648578644], [0.11880317330360413, 0.9897472262382507, -0.07928556203842163], [0.04896664619445801, 0.07391373813152313, 0.9960617423057556]]], [-0.04513714599609375, -0.035000293731689454, 0.4226152648925781, 0.03284838487808595, -0.05693166011470585, 0.12386694934399861, [[0.9907305240631104, -0.12533824145793915, -0.05237678810954094], [0.12335027009248734, 0.9915720820426941, -0.03961718827486038], [0.056900911033153534, 0.03278926759958267, 0.9978412389755249]]], [-0.04582415771484375, -0.046654304504394534, 0.42774090576171875, 0.07834035236198225, -0.06891251178689117, 0.11853052166454006, [[0.9906266331672668, -0.12324151396751404, -0.05891060829162598], [0.1179724931716919, 0.9893007278442383, -0.08582883328199387], [0.06885798275470734, 0.07807449251413345, 0.9945667386054993]]], [-0.04749168014526367, -0.05078005599975586, 0.4325596008300781, 0.09001687373753489, -0.07023612958344883, 0.10869963085534112, [[0.9916470050811768, -0.11431793868541718, -0.059729382395744324], [0.1082182228565216, 0.9893887042999268, -0.0969473198056221], [0.07017839699983597, 0.089673712849617, 0.9934956431388855]]], [-0.05070160293579101, -0.05600151824951172, 0.43664352416992186, 0.07868156888374697, -0.07206548570492322, 0.10885653472242363, [[0.991500735282898, -0.11393153667449951, -0.06281621009111404], [0.1083596870303154, 0.9903906583786011, -0.08593351393938065], [0.07200312614440918, 0.07839639484882355, 0.9943186640739441]]], [-0.05391715240478516, -0.06842375183105469, 0.438984375, 0.08953849940202091, -0.08729389831839218, 0.10568266001070287, [[0.9906343221664429, -0.11281579732894897, -0.07691691815853119], [0.1050843894481659, 0.9896149039268494, -0.09807977825403214], [0.08718307316303253, 0.08907842636108398, 0.9922016859054565]]], [-0.060818244934082034, -0.07684702301025391, 0.4408538818359375, 0.07555368538426191, -0.08089706915692396, 0.07841859811004087, [[0.9936665296554565, -0.08419562131166458, -0.0744175836443901], [0.07808205485343933, 0.9936049580574036, -0.08156222105026245], [0.0808088630437851, 0.07523497194051743, 0.9938861131668091]]], [-0.06412703704833984, -0.0809747085571289, 0.44227008056640627, 0.06976762411360451, -0.06468237308080527, 0.08657989634223096, [[0.9941709637641907, -0.09075045585632324, -0.05821046978235245], [0.08629094064235687, 0.9934409856796265, -0.07502562552690506], [0.06463728100061417, 0.06956525892019272, 0.9954811334609985]]], [-0.06917671966552734, -0.090509521484375, 0.44270318603515624, 0.031270148661122314, -0.06598058339724933, 0.10138927297949127, [[0.9926997423171997, -0.1032169759273529, -0.0623975433409214], [0.10099541395902634, 0.9941695332527161, -0.03777465224266052], [0.06593272089958191, 0.031197022646665573, 0.9973362684249878]]], [-0.07388330841064453, -0.09673139190673828, 0.4429320068359375, 0.059015023546982626, -0.04635154238538086, 0.07721680571648332, [[0.9959494471549988, -0.07973053306341171, -0.041566673666238785], [0.07705724239349365, 0.9950737357139587, -0.062373086810112], [0.046334948390722275, 0.05891742557287216, 0.9971869587898254]]], [-0.07778211212158204, -0.10135966491699219, 0.44339340209960937, 0.054685283994451286, -0.027594355498938183, 0.07716275165079463, [[0.9966448545455933, -0.07847454398870468, -0.02325425297021866], [0.07705685496330261, 0.9954177737236023, -0.05661908909678459], [0.027590854093432426, 0.05463722348213196, 0.9981250166893005]]], [-0.08037523651123046, -0.10912393951416016, 0.44303765869140627, 0.04638895305090136, -0.01753024625476951, 0.120768112500248, [[0.9925638437271118, -0.1211521103978157, -0.011796257458627224], [0.12045624852180481, 0.9915505051612854, -0.048144131898880005], [0.01752934791147709, 0.04636519029736519, 0.9987707138061523]]], [-0.08421650695800781, -0.11264616394042969, 0.4430646667480469, 0.04097401208738359, -0.014475592156572903, 0.07607268617736572, [[0.9970033764839172, -0.07652676850557327, -0.011307981796562672], [0.07599136978387833, 0.996225893497467, -0.041943252086639404], [0.014475086703896523, 0.040958255529403687, 0.9990559816360474]]], [-0.08568081665039062, -0.11772469329833984, 0.44163079833984376, 0.05011110362377974, 0.003355581690680287, 0.09788184482048115, [[0.9952077865600586, -0.09743566811084747, 0.008230410516262054], [0.09772507101297379, 0.9939805269241333, -0.04952285811305046], [-0.0033555757254362106, 0.05008985102176666, 0.9987390637397766]]], [-0.08749079132080079, -0.11884551239013671, 0.4418644409179687, 0.034843391185200946, 0.002401670117543775, 0.11389722489038784, [[0.9935178756713867, -0.11349902302026749, 0.006343848071992397], [0.11365079879760742, 0.9929271936416626, -0.0343378409743309], [-0.002401667647063732, 0.034836240112781525, 0.9993901252746582]]], [-0.08920056915283203, -0.12360614013671875, 0.4401047668457031, 0.05308585120545993, -0.004128658818646658, 0.09271489483086741, [[0.9956965446472168, -0.09266982972621918, 0.0008073689532466233], [0.09258133172988892, 0.9942821264266968, -0.05321472883224487], [0.004128647036850452, 0.053060468286275864, 0.9985827803611755]]], [-0.08907734680175781, -0.12340280914306641, 0.4410065612792969, 0.01565234016493995, -0.006247117123397983, 0.09613888565822677, [[0.9953628182411194, -0.09607642889022827, -0.0047150468453764915], [0.09598898142576218, 0.9952508807182312, -0.01617901399731636], [0.0062470766715705395, 0.015651395544409752, 0.999858021736145]]], [-0.08972643280029297, -0.12777953338623046, 0.4403634338378906, 0.022042723564780542, -0.018651717611397167, 0.12234386026282695, [[0.9923526644706726, -0.12241724133491516, -0.015816880390048027], [0.12201765179634094, 0.9922340512275696, -0.024151738733053207], [0.018650636076927185, 0.02203710563480854, 0.9995831847190857]]], [-0.09188974761962891, -0.13067808532714845, 0.44024273681640624, 0.0538021691946399, -0.03320694623816589, 0.095317852523738, [[0.9949119091033936, -0.09681317955255508, -0.027884235605597496], [0.0951211154460907, 0.9938503503799438, -0.056687381118535995], [0.03320084512233734, 0.05374656990170479, 0.9980025291442871]]], [-0.09296897125244141, -0.1350787353515625, 0.441074951171875, 0.08583268442419362, -0.03746868425487726, 0.10049233627524587, [[0.9942565560340881, -0.10314909368753433, -0.028533274307847023], [0.10025286674499512, 0.9909699559211731, -0.08903909474611282], [0.03745991736650467, 0.08566716313362122, 0.9956193566322327]]], [-0.09579735565185547, -0.137206787109375, 0.4418251953125, 0.046622491109188806, -0.0586189592892048, 0.1136071820241549, [[0.9918470978736877, -0.11595258116722107, -0.052861131727695465], [0.11316824704408646, 0.9921644926071167, -0.052939362823963165], [0.05858539417386055, 0.04652555286884308, 0.9971976280212402]]], [-0.10146681213378907, -0.14375938415527345, 0.4446272888183594, 0.05435775636062807, -0.06980719261951851, 0.12730374469434563, [[0.9894919991493225, -0.13053159415721893, -0.062186017632484436], [0.12665095925331116, 0.9899616241455078, -0.06273379176855087], [0.06975051015615463, 0.05419866740703583, 0.9960910677909851]]], [-0.10510256958007813, -0.1461475372314453, 0.44616107177734377, 0.0800328880454763, -0.07142966461079747, 0.12115486113443523, [[0.9901384115219116, -0.12613576650619507, -0.06095666438341141], [0.1205504909157753, 0.9888026714324951, -0.08795938640832901], [0.07136894017457962, 0.07974360883235931, 0.9942572116851807]]], [-0.11065645599365234, -0.14858158874511718, 0.4479595947265625, 0.04034807893702671, -0.07953712243670341, 0.10165462369393807, [[0.9916925430297852, -0.10458541661500931, -0.07488539069890976], [0.10115882009267807, 0.9937027096748352, -0.04818522557616234], [0.07945328950881958, 0.040209610015153885, 0.9960272908210754]]], [-0.11849971771240235, -0.1560191345214844, 0.449125244140625, 0.06988100872449536, -0.08995231263170567, 0.09682815610128077, [[0.9912917613983154, -0.10268396139144897, -0.08244166523218155], [0.09628605842590332, 0.9922801852226257, -0.07816047221422195], [0.08983105421066284, 0.06954184919595718, 0.9935262203216553]]], [-0.12470803833007812, -0.16169161987304687, 0.45180865478515625, 0.09378525527051491, -0.07394335170985289, 0.11654984319904234, [[0.9905017018318176, -0.1226465106010437, -0.06216239556670189], [0.11596839874982834, 0.9880464673042297, -0.10156550258398056], [0.07387598603963852, 0.09339193254709244, 0.9928848147392273]]], [-0.13665481567382812, -0.1693916473388672, 0.4554969482421875, 0.061568273050147934, -0.07512904162553857, 0.08862001862810888, [[0.9932660460472107, -0.09293655306100845, -0.069176584482193], [0.0882544070482254, 0.9937797784805298, -0.0679183155298233], [0.07505838572978973, 0.061355818063020706, 0.9952897429466248]]], [-0.14568142700195313, -0.17941184997558593, 0.4578070983886719, 0.03114049186053051, -0.07010121063781893, 0.07453189585936676, [[0.9947745203971863, -0.07660160213708878, -0.06749705225229263], [0.0742800235748291, 0.9965779185295105, -0.036262158304452896], [0.07004380971193314, 0.031058987602591515, 0.9970602989196777]]], [-0.151625732421875, -0.18365599060058593, 0.46113348388671876, 0.04856215306019072, -0.04847942851318909, 0.08649473418968606, [[0.9950911402702332, -0.08862870931625366, -0.0440288744866848], [0.08628542721271515, 0.9948839545249939, -0.05254301056265831], [0.04846044257283211, 0.04848603531718254, 0.9976475834846497]]], [-0.1615635986328125, -0.19230342102050782, 0.4645425415039062, 0.04994818063299235, -0.02720509171767649, 0.08347281044052048, [[0.9961494207382202, -0.08462531119585037, -0.022910473868250847], [0.08334505558013916, 0.9951621294021606, -0.05201871693134308], [0.027201736345887184, 0.04990893974900246, 0.9983832836151123]]], [-0.16697416687011718, -0.1975389862060547, 0.4666577758789062, 0.01660755078419522, -0.019792766641110404, 0.07965160425665205, [[0.9966342449188232, -0.07988406717777252, -0.018404645845294], [0.0795518234372139, 0.996665894985199, -0.01812867447733879], [0.01979147456586361, 0.016603535041213036, 0.9996662735939026]]], [-0.17207740783691405, -0.2005193328857422, 0.46976739501953124, 0.024306331150122467, 0.0011368692112123657, 0.08256006414647868, [[0.9965932369232178, -0.082414411008358, 0.0031369179487228394], [0.0824662521481514, 0.9963017702102661, -0.024127429351210594], [-0.0011368689592927694, 0.024303922429680824, 0.9997039437294006]]], [-0.1781307678222656, -0.20219485473632812, 0.4722596435546875, 0.007123423372297502, 0.008967886816456438, 0.08324415486745529, [[0.9964971542358398, -0.08308228105306625, 0.009528780356049538], [0.08314470201730728, 0.9965172410011292, -0.00635306304320693], [-0.008967766538262367, 0.007123076822608709, 0.9999344348907471]]], [-0.18156980895996094, -0.20794163513183594, 0.4728931884765625, -0.0028638340391585262, 0.01782750214826634, 0.06184356430455432, [[0.9979296922683716, -0.06185485050082207, 0.017615409567952156], [0.061794329434633255, 0.9980810284614563, 0.003960106056183577], [-0.017826557159423828, -0.0028633750043809414, 0.9998369812965393]]], [-0.18412857055664061, -0.2107438201904297, 0.4748321838378906, 0.025484833959363802, 0.022596687763831946, 0.05741206444635535, [[0.9980974793434143, -0.05678708478808403, 0.024012386798858643], [0.05736587941646576, 0.9980612397193909, -0.024144012480974197], [-0.022594764828681946, 0.02547556906938553, 0.9994200468063354]]], [-0.1859365997314453, -0.21006875610351564, 0.47573638916015626, -0.011314413722002661, 0.028982820002067422, 0.06595929675979126, [[0.9974064230918884, -0.06623441725969315, 0.02816816233098507], [0.06588380038738251, 0.9977399706840515, 0.01319948025047779], [-0.02897876314818859, -0.011309420689940453, 0.9995160698890686]]], [-0.1870171661376953, -0.21331587219238282, 0.47530145263671875, 0.009270464562068845, 0.02928222068608921, 0.05565729714887013, [[0.998023509979248, -0.05535518005490303, 0.029747139662504196], [0.0556047186255455, 0.9984237551689148, -0.007627351675182581], [-0.029278036206960678, 0.009266357868909836, 0.9995283484458923]]], [-0.18641365051269532, -0.21413262939453126, 0.4763868408203125, 0.04468604333137405, 0.03863987945208991, 0.07250497824669389, [[0.9966282248497009, -0.07064802944660187, 0.041726354509592056], [0.07238739728927612, 0.9965020418167114, -0.04175816848874092], [-0.03863026574254036, 0.044637829065322876, 0.9982560873031616]]], [-0.18623240661621093, -0.21094119262695313, 0.47745465087890626, -0.0009530507588823463, 0.032249768797017575, 0.05988882440701028, [[0.9976881742477417, -0.05988368019461632, 0.03212931379675865], [0.05982190743088722, 0.9982048869132996, 0.0028812529053539038], [-0.032244179397821426, -0.0009525550995022058, 0.9994795918464661]]], [-0.18543923950195312, -0.21331822204589843, 0.47767843627929685, 0.012410772988431705, 0.03442901417340671, 0.06266576713255803, [[0.9974457025527954, -0.062193579971790314, 0.035129204392433167], [0.06258764863014221, 0.9979870319366455, -0.010230577550828457], [-0.03442221134901047, 0.012403099797666073, 0.9993304014205933]]], [-0.18387962341308595, -0.21191880798339843, 0.47988388061523435, 0.03507012044898545, 0.023312111631088372, 0.05797115878992772, [[0.9980489015579224, -0.05708712339401245, 0.025288034230470657], [0.05792295187711716, 0.9977536201477051, -0.033654309809207916], [-0.023310000076889992, 0.03505340591073036, 0.9991135597229004]]], [-0.1827777099609375, -0.20887580871582032, 0.4813555297851563, 0.027727324940950378, 0.021880255086415223, 0.047795409749761784, [[0.9986189007759094, -0.047152988612651825, 0.023169688880443573], [0.04776577651500702, 0.9985030293464661, -0.02664721943438053], [-0.02187850885093212, 0.027717135846614838, 0.9993763566017151]]], [-0.18240155029296876, -0.21058993530273437, 0.4822945556640625, 0.013355372641494886, 0.0012382986782337735, 0.05719022525262965, [[0.9983643293380737, -0.05713744834065437, 0.0019995213951915503], [0.05715901032090187, 0.9982770085334778, -0.013262367807328701], [-0.0012382983695715666, 0.01335496548563242, 0.9999100565910339]]], [-0.18214520263671874, -0.20930859375, 0.48241278076171873, 0.043238517975739396, -0.0005989629244458339, 0.054159176114657565, [[0.9985335469245911, -0.05410796031355858, 0.001742362859658897], [0.05413269251585007, 0.9975990653038025, -0.043194059282541275], [0.0005989628261886537, 0.043225038796663284, 0.9990651607513428]]], [-0.18238401794433592, -0.2086012725830078, 0.48358090209960936, 0.07052413037558013, -0.0022591278926296088, 0.07684008202679966, [[0.997046709060669, -0.07673238962888718, 0.0031624017283320427], [0.0767642930150032, 0.994558572769165, -0.07043074816465378], [0.002259126165881753, 0.07046550512313843, 0.9975116848945618]]], [-0.18398338317871094, -0.20811146545410156, 0.48390386962890625, 0.009714809330298852, -0.021257848705634297, 0.061753054224491316, [[0.9978683590888977, -0.061917003244161606, -0.02061520144343376], [0.061699870973825455, 0.9980340600013733, -0.011007881723344326], [0.02125624753534794, 0.00971246138215065, 0.9997268915176392]]], [-0.18493919372558593, -0.20740629577636718, 0.48446661376953126, 0.048915579900554104, -0.016968411974776165, 0.04957847599998076, [[0.9986274838447571, -0.050327520817518234, -0.014503277838230133], [0.04955103248357773, 0.9975354671478271, -0.049675870686769485], [0.016967598348855972, 0.04888903722167015, 0.9986600875854492]]], [-0.18840859985351563, -0.20726034545898436, 0.48588565063476563, 0.04289203677801379, -0.022324434982134322, 0.07492441481625446, [[0.9969459772109985, -0.07573997229337692, -0.019029811024665833], [0.07483568042516708, 0.9962056875228882, -0.04442799463868141], [0.022322580218315125, 0.042868200689554214, 0.9988313317298889]]], [-0.19040272521972657, -0.20745721435546874, 0.48565823364257815, 0.025036312644537956, -0.01972807212244776, 0.0592090250893228, [[0.9980534315109253, -0.05964886024594307, -0.018204698339104652], [0.0591629222035408, 0.9979056119918823, -0.02615678496658802], [0.019726792350411415, 0.025028826668858528, 0.9994920492172241]]], [-0.19303871154785157, -0.20431576538085938, 0.48723770141601563, 0.02300622167061567, -0.023504692939527505, 0.05584826210808033, [[0.9981650710105896, -0.056344274431467056, -0.02217559888958931], [0.0558038167655468, 0.9981464743614197, -0.024279871955513954], [0.02350252866744995, 0.022997837513685226, 0.9994592070579529]]], [-0.19977610778808594, -0.20691171264648436, 0.4910834045410156, 0.058522263998544, -0.02783543934753263, 0.06930151646894571, [[0.9972131848335266, -0.07075145840644836, -0.023667382076382637], [0.06921923160552979, 0.9957790374755859, -0.06027241423726082], [0.027831844985485077, 0.05846620723605156, 0.9979013204574585]]], [-0.2055780792236328, -0.2032052459716797, 0.49434039306640626, 0.027891087671413666, -0.023672899373095024, 0.06476970057403132, [[0.9976235628128052, -0.0653579831123352, -0.0218068677932024], [0.06470628827810287, 0.99747234582901, -0.029360473155975342], [0.023670688271522522, 0.027879657223820686, 0.999330997467041]]], [-0.20868849182128907, -0.20548828125, 0.4951002502441406, 0.03504932398331566, -0.02190838999103839, 0.061737710077737235, [[0.9978553056716919, -0.06242679804563522, -0.019689425826072693], [0.061683692038059235, 0.9974344968795776, -0.03632616251707077], [0.021906636655330658, 0.03503374010324478, 0.9991459846496582]]], [-0.21288200378417968, -0.20289474487304687, 0.49848907470703124, 0.032164586092475494, -0.013378798847220486, 0.07820123476589534, [[0.9968546032905579, -0.07851006835699081, -0.010818300768733025], [0.07811456173658371, 0.9963945746421814, -0.033105358481407166], [0.013378399424254894, 0.03215616196393967, 0.9993933439254761]]], [-0.21783636474609375, -0.20029217529296875, 0.5016775207519532, -0.017174261257640773, -0.010185806187806845, 0.0571517212680459, [[0.9983155131340027, -0.056937552988529205, -0.011148456484079361], [0.05711765214800835, 0.9982300400733948, 0.01656365394592285], [0.010185630060732365, -0.017172526568174362, 0.9998006820678711]]], [-0.22234341430664062, -0.20045266723632812, 0.5046427612304687, -0.004343664185234596, -0.0012021350822886134, 0.047989166385596665, [[0.998848021030426, -0.04796507954597473, -0.0014091077027842402], [0.047970715910196304, 0.9988395571708679, 0.004280983004719019], [0.001202134764753282, -0.004343647509813309, 0.9999898672103882]]], [-0.22398655700683595, -0.1975874481201172, 0.507265869140625, 0.024171806951686046, 0.022359257441151303, 0.04958756715886862, [[0.9985211491584778, -0.04901306703686714, 0.02352140285074711], [0.04955485835671425, 0.9985058307647705, -0.023031873628497124], [-0.0223573949187994, 0.024163411930203438, 0.9994580149650574]]], [-0.22648495483398437, -0.19115524291992186, 0.5105902404785156, 0.006475054080282927, 0.03822505347524019, 0.07357995959014448, [[0.9965656995773315, -0.07326526194810867, 0.0385875441133976], [0.07345988601446152, 0.9972915053367615, -0.0036481714341789484], [-0.038215745240449905, 0.006470278836786747, 0.9992485642433167]]], [-0.2279061279296875, -0.18837957763671875, 0.5127734985351563, 0.00967058072687419, 0.052052784419364784, 0.0521751764330611, [[0.9972865581512451, -0.05164660885930061, 0.05246037617325783], [0.05208086967468262, 0.9986187219619751, -0.006943991873413324], [-0.05202928185462952, 0.009657331742346287, 0.9985988736152649]]], [-0.22661253356933594, -0.18707786560058592, 0.5138757934570313, 0.019466599644668157, 0.05703147045372492, 0.05051701580521352, [[0.9971005320549011, -0.049377843737602234, 0.057899970561265945], [0.05041343346238136, 0.9985910654067993, -0.01656281016767025], [-0.05700055882334709, 0.019433721899986267, 0.9981849789619446]]], [-0.2241514434814453, -0.18218939208984375, 0.5141965942382812, 0.03433621124452171, 0.07379207734368554, 0.05999117328787452, [[0.9954845905303955, -0.05739346519112587, 0.07560735195875168], [0.059792034327983856, 0.9977644681930542, -0.029850110411643982], [-0.073725126683712, 0.03423603996634483, 0.9966907501220703]]], [-0.2221717529296875, -0.17946974182128905, 0.5149528198242187, 0.006891634494024992, 0.06984544787874292, 0.06491276537071103, [[0.9954608678817749, -0.06438570469617844, 0.07008707523345947], [0.06470903009176254, 0.9979013800621033, -0.0023501780815422535], [-0.06978867202997208, 0.006874776910990477, 0.9975380897521973]]], [-0.2187335205078125, -0.17440359497070312, 0.51439501953125, 0.04572590366898603, 0.0718045565589458, 0.06384264064992383, [[0.9953911900520325, -0.060459911823272705, 0.07443813979625702], [0.06363487988710403, 0.9971288442611694, -0.04104448854923248], [-0.07174286991357803, 0.045592185109853745, 0.996380627155304]]], [-0.2154508056640625, -0.16881094360351562, 0.5155256958007812, 0.0008144585509194668, 0.071312208111733, 0.06439021768843875, [[0.995391309261322, -0.06428779661655426, 0.07115650922060013], [0.06418219208717346, 0.9979310631752014, 0.0037719758693128824], [-0.071251779794693, 0.0008123883744701743, 0.9974580407142639]]], [-0.20853627014160156, -0.16744654846191406, 0.5160324096679687, 0.022859717426155432, 0.060379314018453645, 0.08413868688076298, [[0.9946466088294983, -0.08264307677745819, 0.06203440949320793], [0.08388630300760269, 0.996317982673645, -0.01770702935755253], [-0.06034263223409653, 0.022816073149442673, 0.9979169368743896]]], [-0.2021670684814453, -0.1602146759033203, 0.5173705444335938, 0.045861785643644286, 0.0570020071263615, 0.058460421169149394, [[0.9966703057289124, -0.0557582750916481, 0.059492651373147964], [0.058332230895757675, 0.9973946213722229, -0.04244223237037659], [-0.056971143931150436, 0.04577124863862991, 0.9973260760307312]]], [-0.1977998504638672, -0.15460264587402345, 0.5199684448242188, 0.02272254986722094, 0.055535395410839516, 0.06298307903017242, [[0.9964785575866699, -0.061666548252105