{"amplitude": 0.05299187797877014, "frequency": 0.01685049655005919, "seed": 1762490476, "time_interval": 0.05, "pid_gains": {"pid_rate": {"roll_kp": "50.0", "roll_ki": "0.0", "roll_kd": "0.0", "pitch_kp": "50.0", "pitch_ki": "0.0", "pitch_kd": "0.0", "yaw_kp": "80.0", "yaw_ki": "0.0", "yaw_kd": "0.0"}, "pid_attitude": {"roll_kp": "8.0", "roll_ki": "0.0", "roll_kd": "0.20000000298023224", "pitch_kp": "8.0", "pitch_ki": "0.0", "pitch_kd": "1.0", "yaw_kp": "10.0", "yaw_ki": "0.0", "yaw_kd": "0.3499999940395355"}, "velCtlPid": {"vxKp": "15.0", "vxKi": "1.0", "vxKd": "0.0", "vyKp": "10.0", "vyKi": "1.0", "vyKd": "0.0", "vzKp": "12.5", "vzKi": "0.5", "vzKd": "0.0"}, "posCtlPid": {"xKp": "1.5", "xKi": "0.0", "xKd": "0.0", "yKp": "1.5", "yKi": "0.0", "yKd": "0.0", "zKp": "5.0", "zKi": "0.5", "zKd": "0.0"}}, "mocap_pose": [[0.005712976455688476, 0.009120158195495606, 0.25738595581054685, 0.03148069027935818, 0.04320699143196416, 1.5723530225890014, [[-0.0015552387339994311, -0.9995054006576538, 0.031408246606588364], [0.9990655183792114, -0.00019638366939034313, 0.04322109371423721], [-0.043193548917770386, 0.03144611418247223, 0.9985716938972473]]], [0.005675839900970459, 0.008991787910461426, 0.25743850708007815, 0.027719576924094103, 0.03669263782715659, 1.5721156539402146, [[-0.0013184691779315472, -0.9996163249015808, 0.02766762301325798], [0.9993260502815247, -0.0003021052398253232, 0.036706846207380295], [-0.03668440505862236, 0.027697373181581497, 0.9989429712295532]]], [0.0055164661407470705, 0.008836932182312011, 0.2572331848144531, 0.028442879764562723, 0.042431523804670856, 1.5731406389556146, [[-0.0023421940859407187, -0.999595582485199, 0.02833956480026245], [0.9990971684455872, -0.0011370093561708927, 0.04246818646788597], [-0.042418792843818665, 0.028413448482751846, 0.9986957907676697]]], [0.00617498779296875, 0.008273257255554198, 0.25733175659179686, 0.03887933961208012, 0.03956361215798099, 1.7322921622493364, [[-0.16066893935203552, -0.9864891767501831, 0.032008614391088486], [0.9862155318260193, -0.15915584564208984, 0.04525913670659065], [-0.03955329209566116, 0.038839127868413925, 0.9984623193740845]]], [0.005227181434631347, 0.009276265144348145, 0.25756948852539063, 0.03357153433542348, 0.04315734244077585, 1.7579246194908948, [[-0.1858648806810379, -0.9822583198547363, 0.02495737001299858], [0.9816276431083679, -0.18451042473316193, 0.04861128702759743], [-0.043143946677446365, 0.033533975481987, 0.9985058903694153]]], [0.004150302410125733, 0.010981190681457519, 0.2605708923339844, 0.030236564545666478, 0.02586371640482099, 1.7840736473086198, [[-0.21159330010414124, -0.9770612120628357, 0.024075668305158615], [0.9770156145095825, -0.21080322563648224, 0.03166235610842705], [-0.025860833004117012, 0.03022184781730175, 0.9992086291313171]]], [0.0029968500137329103, 0.006796331882476807, 0.27893548583984373, 0.0619008237489046, 0.057619699425184745, 1.5990144230112642, [[-0.028167536482214928, -0.9977879524230957, 0.06021498143672943], [0.9979429841041565, -0.024599283933639526, 0.059200022369623184], [-0.057587821036577225, 0.06175863742828369, 0.996428370475769]]], [0.0004085429608821869, 0.007575953960418701, 0.2940558166503906, 0.0693810883850442, -0.026435313235960045, 1.4011720508735461, [[0.16875305771827698, -0.9835862517356873, 0.06387915462255478], [0.9853038787841797, 0.16659976541996002, -0.037693172693252563], [0.026432234793901443, 0.06930121779441833, 0.9972455501556396]]], [-0.0028618741035461425, 0.0055152115821838375, 0.32101910400390626, 0.08114700077786441, -0.02803459986445378, 1.2454674072556555, [[0.3194948732852936, -0.9451538920402527, 0.06787635385990143], [0.9471732974052429, 0.31641578674316406, -0.05238097161054611], [0.02803092822432518, 0.0810261219739914, 0.9963177442550659]]], [-0.005107937335968017, -0.0014195759296417236, 0.34542877197265626, 0.08044578179053957, -0.13794936111011746, 1.0151586174047458, [[0.5224741101264954, -0.8526456356048584, -0.004030920099467039], [0.8414934277534485, 0.5163913369178772, -0.15883587300777435], [0.13751225173473358, 0.0795956403017044, 0.9872967600822449]]], [-0.0056966300010681155, -0.0020053825378417967, 0.35633871459960936, 0.15061475462209217, -0.14423817028756214, 0.8991279875289335, [[0.6158307194709778, -0.7873439192771912, 0.0290188230574131], [0.7746558785438538, 0.5983652472496033, -0.2046150416135788], [0.1437385529279709, 0.14848783612251282, 0.9784122705459595]]], [-0.008424306869506836, -0.00970908260345459, 0.3732982177734375, 0.08310320933146748, -0.1393039739722206, 0.7731290880382016, [[0.7087955474853516, -0.7042174935340881, -0.04106805473566055], [0.691612958908081, 0.7052093744277954, -0.15604878962039948], [0.13885386288166046, 0.08220347762107849, 0.9868952035903931]]], [-0.009442715644836426, -0.015822136878967285, 0.38017596435546874, 0.07824400433329332, -0.18483022968439444, 0.7054491983523623, [[0.7483531832695007, -0.6573285460472107, -0.0888073518872261], [0.6373323798179626, 0.7496771812438965, -0.17830172181129456], [0.18377965688705444, 0.0768328607082367, 0.9799600839614868]]], [-0.014694026947021484, -0.024438745498657228, 0.38919461059570315, 0.0728270748413058, -0.14718581749319326, 0.6507197534879493, [[0.7870452404022217, -0.6126438975334167, -0.07229974120855331], [0.5992096066474915, 0.7870749235153198, -0.14649562537670135], [0.14665496349334717, 0.07197598367929459, 0.9865656495094299]]], [-0.01828465270996094, -0.03258845138549805, 0.3912126770019531, 0.023792775094485574, -0.18062313354870874, 0.6365967183921699, [[0.7910420298576355, -0.5977306365966797, -0.13027139008045197], [0.5847914814949036, 0.8013553023338318, -0.1258910447359085], [0.17964260280132294, 0.023403503000736237, 0.9834535121917725]]], [-0.023509834289550783, -0.03950104141235351, 0.39401416015625, 0.04186038895657901, -0.14593417089681116, 0.5863307121061343, [[0.8241223692893982, -0.5578926205635071, -0.09786767512559891], [0.5474269390106201, 0.828879714012146, -0.11524834483861923], [0.1454167366027832, 0.04140333831310272, 0.9885038137435913]]], [-0.03354714965820312, -0.04582473373413086, 0.39505804443359377, 0.01475063276665256, -0.12717036764045875, 0.5462380751324876, [[0.84758460521698, -0.521018385887146, -0.10069837421178818], [0.5152814984321594, 0.8534200191497803, -0.07848065346479416], [0.12682786583900452, 0.014630986377596855, 0.9918168187141418]]], [-0.0397508316040039, -0.056612972259521485, 0.3948807373046875, 0.02219705978130554, -0.10523731026524752, 0.5531708310046388, [[0.8461556434631348, -0.527242124080658, -0.07769420742988586], [0.5224812030792236, 0.8494283556938171, -0.07405991107225418], [0.10504317283630371, 0.02207244373857975, 0.9942227005958557]]], [-0.04861783218383789, -0.062010284423828124, 0.39550885009765624, 0.01865313498171356, -0.05829984257992926, 0.5266774438248771, [[0.8630132675170898, -0.503515899181366, -0.04098614305257797], [0.50180983543396, 0.8637852668762207, -0.045407891273498535], [0.05826682224869728, 0.018620366230607033, 0.9981274008750916]]], [-0.0580697021484375, -0.06498674774169921, 0.395213134765625, -0.007725233874822102, -0.03446610798771621, 0.5233933477473534, [[0.8656136989593506, -0.499576598405838, -0.03370646759867668], [0.499525249004364, 0.8662353157997131, -0.010532022453844547], [0.03445928543806076, -0.007720569614320993, 0.9993762969970703]]], [-0.06663984680175782, -0.07155458831787109, 0.39422174072265626, -0.020649465887049467, -0.0015810846503401255, 0.4933454642855439, [[0.8807523846626282, -0.4734453558921814, -0.011170625686645508], [0.4735744595527649, 0.8805811405181885, 0.017437193542718887], [0.0015810837503522635, -0.02064797282218933, 0.9997855424880981]]], [-0.07221636199951172, -0.07278490447998047, 0.39363128662109376, -0.0006443137323279835, 0.028045880844693727, 0.5255859635569572, [[0.8646899461746216, -0.501735508441925, 0.023934081196784973], [0.5015226602554321, 0.8650208711624146, 0.014626681804656982], [-0.028042204678058624, -0.0006440603756345809, 0.9996065497398376]]], [-0.07696356964111328, -0.06964338684082032, 0.3940865783691406, -0.004915720596326806, 0.04162487281170435, 0.4931168260053208, [[0.8800987005233765, -0.47354814410209656, 0.03432776406407356], [0.4729636311531067, 0.8807542324066162, 0.024028243497014046], [-0.04161285236477852, -0.004911443218588829, 0.9991217255592346]]], [-0.07881412506103516, -0.07114952087402343, 0.393640869140625, 0.011015974755835461, 0.05834027169579459, 0.481727835677332, [[0.8846880197525024, -0.46271374821662903, 0.05677216127514839], [0.46252283453941345, 0.8864395022392273, 0.017250612378120422], [-0.05830718204379082, 0.010997011326253414, 0.9982381463050842]]], [-0.07984893035888672, -0.06633956909179688, 0.39256280517578124, 0.005590582417844964, 0.08298471690384979, 0.49371533293553116, [[0.8775479197502136, -0.4734853208065033, 0.07563892006874084], [0.4722699820995331, 0.8807840943336487, 0.03435786813497543], [-0.08288950473070145, 0.005571314599364996, 0.9965431690216064]]], [-0.07938137054443359, -0.060908016204833985, 0.39195828247070313, 0.054057098044436896, 0.07054744178180905, 0.47925421719747185, [[0.8851318359375, -0.4570644795894623, 0.08737076073884964], [0.45997053384780884, 0.887799084186554, -0.015487411059439182], [-0.07048893719911575, 0.05389637500047684, 0.9960554838180542]]], [-0.07782679748535157, -0.057743904113769534, 0.39168826293945314, 0.020963642597494725, 0.07010335098948017, 0.507178571616673, [[0.8719713687896729, -0.484322726726532, 0.07139655947685242], [0.484519898891449, 0.8746395111083984, 0.015691382810473442], [-0.07004594802856445, 0.02091062068939209, 0.9973245859146118]]], [-0.07239681243896484, -0.051057682037353516, 0.391437744140625, 0.04761651863977345, 0.06949456840760138, 0.5005431282955486, [[0.8752043843269348, -0.47645846009254456, 0.08369363844394684], [0.4787437319755554, 0.8779138326644897, -0.008473256602883339], [-0.0694386437535286, 0.04748363420367241, 0.9964554905891418]]], [-0.06781861114501953, -0.04538485336303711, 0.39190216064453126, 0.0960992159927283, 0.05316905533988936, 0.4952788659935504, [[0.878592848777771, -0.4685976207256317, 0.09214576333761215], [0.47460538148880005, 0.8782002329826355, -0.0592799037694931], [-0.05314400792121887, 0.09581577777862549, 0.9939793944358826]]], [-0.06389967727661133, -0.039044620513916016, 0.39283041381835937, 0.06193230944596481, 0.052061946637365075, 0.45721476344668777, [[0.8960697650909424, -0.4377143383026123, 0.0739263966679573], [0.440852552652359, 0.8969870805740356, -0.03260708972811699], [-0.05203843116760254, 0.06180886551737785, 0.9967305064201355]]], [-0.05551718139648437, -0.038057205200195315, 0.3933857421875, 0.08634582517406497, 0.0127608744658676, 0.48303560696913206, [[0.8855169415473938, -0.46176469326019287, 0.05131367966532707], [0.4644317924976349, 0.8828009366989136, -0.07046713680028915], [-0.012760528363287449, 0.08623155206441879, 0.9961934089660645]]], [-0.05063034439086914, -0.034345664978027345, 0.3949025268554687, 0.1175449203948376, -0.012531716426766204, 0.4771988645424469, [[0.888215184211731, -0.45742887258529663, 0.042808663100004196], [0.45925670862197876, 0.8814803957939148, -0.1098889634013176], [0.012531387619674206, 0.11726521700620651, 0.993021547794342]]], [-0.04658102798461914, -0.032418521881103515, 0.3963204040527344, 0.07416710630718809, -0.01725643003695243, 0.47570001163578396, [[0.8888400197029114, -0.4578385353088379, 0.01863694377243519], [0.45789265632629395, 0.8859429359436035, -0.07375273108482361], [0.017255574464797974, 0.07408809661865234, 0.9971023797988892]]], [-0.04116640472412109, -0.034907463073730466, 0.3969800720214844, 0.10268368577961537, -0.042994953385732115, 0.4595328276027947, [[0.8954315185546875, -0.4451419413089752, 0.007143380586057901], [0.4431195557117462, 0.8895847797393799, -0.11083285510540009], [0.04298170655965805, 0.10240860283374786, 0.9938133955001831]]], [-0.03601140975952148, -0.036374378204345706, 0.3990374755859375, 0.10124122937919916, -0.08017818149494582, 0.47938824373964667, [[0.8844268321990967, -0.46605703234672546, -0.024083778262138367], [0.45975470542907715, 0.8790003061294556, -0.12642799317836761], [0.08009230345487595, 0.10074368119239807, 0.9916833639144897]]], [-0.03529580688476563, -0.03748237228393555, 0.40049191284179686, 0.061651122602851605, -0.0843847215159006, 0.4775865340458418, [[0.8849467039108276, -0.4633757770061493, -0.04639233276247978], [0.45800158381462097, 0.8840327262878418, -0.09338483959436417], [0.08428461104631424, 0.06139284372329712, 0.9945486783981323]]], [-0.033411819458007815, -0.04549238204956055, 0.40047015380859374, 0.07707619594027204, -0.09325292433114174, 0.46377738073962704, [[0.8904832005500793, -0.45241427421569824, -0.04859011620283127], [0.44538605213165283, 0.8885064721107483, -0.11039703339338303], [0.09311782568693161, 0.07666534930467606, 0.9926990866661072]]], [-0.0340226936340332, -0.05133728408813477, 0.40087075805664063, 0.0900853070366002, -0.11062298228015632, 0.48057037200085817, [[0.8813112378120422, -0.4692172706127167, -0.05590719357132912], [0.4594593048095703, 0.8785444498062134, -0.13060162961483002], [0.11039749532938004, 0.0894136130809784, 0.9898573756217957]]], [-0.03689816665649414, -0.054294010162353516, 0.4016709899902344, 0.06242901593527253, -0.11894694143917439, 0.47259442423926246, [[0.8840989470481873, -0.4609030485153198, -0.0770547091960907], [0.4519815146923065, 0.8852857351303101, -0.10946167260408401], [0.11866665631532669, 0.061947643756866455, 0.9909998774528503]]], [-0.03915432357788086, -0.0661620864868164, 0.4012054443359375, 0.07698779611408099, -0.12154180744225562, 0.44941746312307074, [[0.8940557837486267, -0.4415530860424042, -0.0754663273692131], [0.43123599886894226, 0.8939812183380127, -0.12179125845432281], [0.12124278396368027, 0.07634437829256058, 0.9896826148033142]]], [-0.04285890579223633, -0.07243739318847656, 0.4024918212890625, 0.07794785704132795, -0.11126903037903513, 0.45974848249486583, [[0.8906222581863403, -0.4501241147518158, -0.06465531140565872], [0.4409787356853485, 0.8896063566207886, -0.11890453100204468], [0.11103957146406174, 0.07738740742206573, 0.9907983541488647]]], [-0.05045929336547852, -0.07851966094970703, 0.4032783203125, 0.04520719594206529, -0.10633645844420436, 0.46506369647463747, [[0.8887444734573364, -0.4523085951805115, -0.07449924200773239], [0.4459465444087982, 0.8907287120819092, -0.08794340491294861], [0.10613617300987244, 0.044936537742614746, 0.9933357238769531]]], [-0.054797061920166014, -0.08775962829589844, 0.40359881591796876, 0.04792440605790138, -0.10923820374829374, 0.45818250414256323, [[0.8915120959281921, -0.44649502635002136, -0.0764743983745575], [0.43968233466148376, 0.8935180306434631, -0.09113163501024246], [0.10902107506990433, 0.047620516270399094, 0.9928981065750122]]], [-0.062478935241699216, -0.0945975112915039, 0.40713986206054686, 0.051985650977352776, -0.07537249451607919, 0.4534608906070965, [[0.8963841199874878, -0.44100481271743774, -0.04483591392636299], [0.43683549761772156, 0.896007776260376, -0.07965405285358429], [0.0753011479973793, 0.05181470885872841, 0.9958137273788452]]], [-0.07078482055664062, -0.09743876647949219, 0.41065579223632814, 0.009364177755100761, -0.07595278145352502, 0.4324756873136447, [[0.9053133130073547, -0.4197465777397156, -0.06496591866016388], [0.41791149973869324, 0.907593309879303, -0.04030322656035423], [0.0758797749876976, 0.009337044321000576, 0.997073233127594]]], [-0.0778210220336914, -0.10683344268798828, 0.4139894714355469, 0.04395482732805539, -0.07067534982700208, 0.43694707608168865, [[0.9037858843803406, -0.4255780279636383, -0.045325540006160736], [0.4221189022064209, 0.9038596153259277, -0.06966666132211685], [0.07061652839183807, 0.043830979615449905, 0.9965400695800781]]], [-0.08490176391601563, -0.11011114501953125, 0.4192356567382812, 0.033863911577392436, -0.05197760781117444, 0.4231931586656326, [[0.9105508327484131, -0.41204240918159485, -0.03343939408659935], [0.4101193845272064, 0.9105371236801147, -0.05219462141394615], [0.051954206079244614, 0.03381171450018883, 0.9980769157409668]]], [-0.0962912368774414, -0.11253372192382813, 0.424025146484375, 0.020195693015552935, -0.036442802459242696, 0.41118179348258854, [[0.9160404801368713, -0.40028584003448486, -0.025319531559944153], [0.39942750334739685, 0.9161680936813354, -0.03307083994150162], [0.03643473610281944, 0.02018091268837452, 0.9991322159767151]]], [-0.10651641845703125, -0.116459228515625, 0.4281467895507812, 0.008871506847440008, -0.01906584982840509, 0.38371260274638375, [[0.9271126389503479, -0.3745077848434448, -0.014356493018567562], [0.3742976188659668, 0.9271813631057739, -0.015363159589469433], [0.01906469464302063, 0.008869778364896774, 0.9997789263725281]]], [-0.11123868560791016, -0.1185873031616211, 0.4302212219238281, 0.04827727725119521, -0.01993245905438612, 0.4190863265135556, [[0.91327965259552, -0.4073305130004883, 0.0014525419101119041], [0.40684518218040466, 0.9120054244995117, -0.05218333750963211], [0.019931139424443245, 0.04824893921613693, 0.9986364841461182]]], [-0.1195679931640625, -0.11793563842773437, 0.43329180908203124, 0.022916516301634993, -0.01573543401668598, 0.40223223105000677, [[0.920075535774231, -0.3917023837566376, -0.005504759959876537], [0.39142492413520813, 0.9198066592216492, -0.027243822813034058], [0.015734784305095673, 0.02291167341172695, 0.9996136426925659]]], [-0.1290869598388672, -0.11863912963867188, 0.43534368896484377, 0.0030697994704743936, -0.013749213943490712, 0.3910533732118724, [[0.9244206547737122, -0.3811996877193451, -0.011540708132088184], [0.3811264634132385, 0.9244876503944397, -0.008078544400632381], [0.013748780824244022, 0.0030695046298205853, 0.999900758266449]]], [-0.1335379180908203, -0.11976811981201171, 0.43567327880859374, 0.02463317708655338, -0.007457952677578872, 0.37356064307790277, [[0.931007981300354, -0.3649931252002716, 0.002047110116109252], [0.3649226725101471, 0.9306843280792236, -0.025652803480625153], [0.007457883562892675, 0.024630000814795494, 0.9996688365936279]]], [-0.1404482421875, -0.11864510345458984, 0.4368729553222656, 0.0501024637962979, -0.005986890400024647, 0.38206323825207883, [[0.9278807044029236, -0.3726460933685303, 0.013123959302902222], [0.37282904982566833, 0.9266211986541748, -0.04869980737566948], [0.005986854899674654, 0.05008060857653618, 0.9987272620201111]]], [-0.14540541076660157, -0.11806138610839843, 0.4371317138671875, 0.026396744544647438, -0.01579086186964318, 0.37189539076810696, [[0.9315240979194641, -0.3636435866355896, -0.005114681087434292], [0.36333659291267395, 0.9311642646789551, -0.03032528981566429], [0.01579020544886589, 0.02639038860797882, 0.9995269775390625]]], [-0.15200669860839844, -0.11443179321289063, 0.4379114074707031, 0.04303723649367222, -0.014023659111948694, 0.3838268287627309, [[0.9271472096443176, -0.37468427419662476, 0.0031204388942569494], [0.37443476915359497, 0.9261538982391357, -0.04513988643884659], [0.014023199677467346, 0.043019723147153854, 0.9989758133888245]]], [-0.15948342895507814, -0.11278057861328125, 0.4402345886230469, 0.05409872387015194, -0.02300576781858732, 0.34472447313796484, [[0.9409195184707642, -0.3386136591434479, -0.0033456578385084867], [0.3378479480743408, 0.9393713474273682, -0.058653637766838074], [0.02300373837351799, 0.05405803024768829, 0.9982727766036987]]], [-0.16533807373046874, -0.11156504821777344, 0.44082720947265625, 0.029250971962391487, -0.022421996290901802, 0.34649292393102815, [[0.9403330683708191, -0.34007272124290466, -0.011146407574415207], [0.33951589465141296, 0.9399444460868835, -0.03511929139494896], [0.022420117631554604, 0.02923944965004921, 0.9993209838867188]]], [-0.17244790649414063, -0.10819617462158203, 0.4422715148925781, 0.053782402909185234, -0.019478482364356342, 0.3549588397776367, [[0.9374828934669495, -0.3480309844017029, 0.00044651172356680036], [0.34748584032058716, 0.9359411001205444, -0.057164907455444336], [0.019477250054478645, 0.05374627932906151, 0.9983646273612976]]], [-0.17853643798828125, -0.10683778381347656, 0.4439429016113281, 0.06814073309816857, -0.01941107274270215, 0.3404948626378055, [[0.9424119591712952, -0.33442428708076477, 0.004485169891268015], [0.3338906764984131, 0.9399607181549072, -0.07064599543809891], [0.01940985396504402, 0.06807518750429153, 0.9974913597106934]]], [-0.1854849853515625, -0.10168839263916016, 0.4485974426269531, 0.016563333854665685, -0.018941241900957362, 0.3475389812203641, [[0.9400451183319092, -0.3408331871032715, -0.0121643440797925], [0.3405238687992096, 0.9399779438972473, -0.022022193297743797], [0.018940109759569168, 0.016559606418013573, 0.9996834993362427]]], [-0.1887239074707031, -0.10078826904296875, 0.4491192932128906, 0.013842569876270777, -0.025869342963164232, 0.3566260760950176, [[0.936766505241394, -0.34941667318344116, -0.019404130056500435], [0.3489977717399597, 0.9368652701377869, -0.022000674158334732], [0.02586645819246769, 0.013837496750056744, 0.9995696544647217]]], [-0.19441175842285155, -0.09774385833740235, 0.45409527587890625, 0.026680423471064363, -0.003584272265432009, 0.35650482793808164, [[0.9371163249015808, -0.3489663600921631, 0.0059526897966861725], [0.3489987254142761, 0.9367554783821106, -0.02625032141804695], [0.0035842645447701216, 0.02667708694934845, 0.9996376633644104]]], [-0.2007480926513672, -0.09390060424804687, 0.45753189086914064, 0.02072785755044043, 0.006010793950993021, 0.31831578604623295, [[0.9497467279434204, -0.31278184056282043, 0.012194253504276276], [0.31296175718307495, 0.9495988488197327, -0.01780439354479313], [-0.006010757759213448, 0.020725999027490616, 0.9997671246528625]]], [-0.20388142395019532, -0.09109703826904297, 0.4574723815917969, 0.04242543997790907, 0.010678853031457436, 0.32790052007882997, [[0.9466665983200073, -0.3213375508785248, 0.023759875446558], [0.3220377564430237, 0.9460145831108093, -0.03671696037054062], [-0.010678649879992008, 0.04241029545664787, 0.9990432262420654]]], [-0.20774908447265625, -0.08720853424072265, 0.4598375244140625, 0.03670461474205747, 0.02997059719465134, 0.3018915532983423, [[0.9543470144271851, -0.29607656598091125, 0.03950246050953865], [0.2971932291984558, 0.9544596672058105, -0.026133084669709206], [-0.029966110363602638, 0.03667989373207092, 0.9988777041435242]]], [-0.2108865509033203, -0.08460287475585937, 0.4603404846191406, 0.07946438622765226, 0.042035118956909256, 0.31505672099639215, [[0.949938952922821, -0.3057209551334381, 0.0644260048866272], [0.3095966875553131, 0.9488121867179871, -0.06249305233359337], [-0.042022742331027985, 0.07931066304445267, 0.9959638118743896]]], [-0.2121275634765625, -0.0814752960205078, 0.45988577270507813, 0.09306408072048306, 0.04698623822805015, 0.3152567727164385, [[0.9496675133705139, -0.30456915497779846, 0.07327480614185333], [0.30971840023994446, 0.9479560852050781, -0.07384972274303436], [-0.04696895182132721, 0.09282723814249039, 0.9945737719535828]]], [-0.21263809204101564, -0.07727741241455079, 0.46217257690429686, 0.08443000775079323, 0.059914348933406414, 0.32898509081455435, [[0.9446726441383362, -0.31715312600135803, 0.08371089398860931], [0.322503000497818, 0.9446310997009277, -0.060530394315719604], [-0.05987850949168205, 0.08417841792106628, 0.9946499466896057]]], [-0.21073939514160156, -0.07316873168945312, 0.46426193237304686, 0.10072611899021494, 0.08257825943201902, 0.31378944670824477, [[0.9479295015335083, -0.2992114722728729, 0.10909722745418549], [0.30761343240737915, 0.9489098191261292, -0.07031477987766266], [-0.08248443901538849, 0.10021322220563889, 0.9915410280227661]]], [-0.20960382080078124, -0.06599689483642578, 0.4654683532714844, 0.07705185193884218, 0.08395407507389252, 0.30447228351439454, [[0.9506452083587646, -0.2927423417568207, 0.10283772647380829], [0.2987338900566101, 0.9531098008155823, -0.04837073013186455], [-0.08385548740625381, 0.07670451700687408, 0.9935213327407837]]], [-0.20651498413085936, -0.062491230010986325, 0.4680948486328125, 0.05072990572654683, 0.09049544201892967, 0.2753517033864683, [[0.9583918452262878, -0.26712566614151, 0.10064255446195602], [0.27077287435531616, 0.9623375535011292, -0.024258742108941078], [-0.09037197381258011, 0.05050065740942955, 0.9946268796920776]]], [-0.20003509521484375, -0.06081546401977539, 0.471031982421875, 0.07431889631205658, 0.0971514898601964, 0.28097647678863974, [[0.9562545418739319, -0.2696087658405304, 0.11352690309286118], [0.27598637342453003, 0.9601300954818726, -0.044515859335660934], [-0.09699873626232147, 0.07390037178993225, 0.9925371408462524]]], [-0.19720692443847657, -0.05653905487060547, 0.47159945678710935, 0.06609667746711637, 0.10469692477979264, 0.2575177975332881, [[0.9617299437522888, -0.24745002388954163, 0.11766033619642258], [0.2532864212989807, 0.9666714668273926, -0.037313107401132584], [-0.104505755007267, 0.065686896443367, 0.9923526644706726]]], [-0.19064466857910156, -0.05167738342285156, 0.473959716796875, 0.04157215265609769, 0.09048968013180225, 0.26777067252890957, [[0.9604175090789795, -0.2607318162918091, 0.09806665778160095], [0.2634997069835663, 0.9645236134529114, -0.016190463677048683], [-0.09036623686552048, 0.04139013960957527, 0.9950481653213501]]], [-0.18177264404296875, -0.049448444366455076, 0.4756183166503906, 0.06015580971136568, 0.08841657391713675, 0.28323153796430245, [[0.9564067721366882, -0.2738572657108307, 0.10143090039491653], [0.2783682644367218, 0.9599041938781738, -0.03309214487671852], [-0.08830142021179199, 0.0598846971988678, 0.9942920804023743]]], [-0.17288560485839843, -0.04098280715942383, 0.47695196533203127, 0.06531715133396801, 0.10201993697866674, 0.2897781995047075, [[0.953324556350708, -0.2787601351737976, 0.11603926122188568], [0.2842539846897125, 0.9581632018089294, -0.033510856330394745], [-0.10184305906295776, 0.06493134051561356, 0.9926791787147522]]], [-0.1681486053466797, -0.03924911880493164, 0.478004638671875, 0.01893364000570784, 0.08931260249674233, 0.2587036109439934, [[0.9628693461418152, -0.2541491985321045, 0.09105376154184341], [0.25480785965919495, 0.9669811725616455, 0.0045116860419511795], [-0.0891939103603363, 0.018857048824429512, 0.9958357810974121]]], [-0.16007638549804687, -0.03509497833251953, 0.48014337158203124, 0.05268359709467761, 0.10232300767082125, 0.2529850060913544, [[0.9631056785583496, -0.24474014341831207, 0.11193638294935226], [0.2489859163761139, 0.9681726098060608, -0.0254522617906332], [-0.10214454680681229, 0.052383799105882645, 0.993389368057251]]], [-0.14971945190429686, -0.030140260696411132, 0.48247259521484376, 0.05869293307120896, 0.09953107927242377, 0.25538983928136993, [[0.9627763032913208, -0.2465478926897049, 0.11079695075750351], [0.251372367143631, 0.9673712849617004, -0.03169753775000572], [-0.09936682879924774, 0.058368928730487823, 0.9933374524116516]]], [-0.14063587951660156, -0.029069982528686523, 0.48586846923828125, 0.0683399718238335, 0.09253845429848018, 0.23262806865033725, [[0.9689005017280579, -0.22385729849338531, 0.10545001178979874], [0.22954921424388885, 0.9722471833229065, -0.04519416019320488], [-0.09240643680095673, 0.0679946169257164, 0.9933971166610718]]], [-0.12906951904296876, -0.027555938720703124, 0.4892333679199219, 0.10000047039233453, 0.07953078168865857, 0.24740995874756924, [[0.966485321521759, -0.23598016798496246, 0.1010916605591774], [0.2441195249557495, 0.9666485786437988, -0.07743508368730545], [-0.07944697141647339, 0.099518321454525, 0.9918590188026428]]], [-0.12125504302978515, -0.025393072128295897, 0.49182269287109376, 0.11820546632106095, 0.07209868509540152, 0.23346532587571556, [[0.9703430533409119, -0.22147104144096375, 0.0968761146068573], [0.23074917495250702, 0.9680470824241638, -0.09818169474601746], [-0.07203623652458191, 0.11762400716543198, 0.9904420375823975]]], [-0.11016192626953125, -0.028990211486816405, 0.49407421875, 0.09883293385034256, 0.058467251540912146, 0.22266815312840052, [[0.9736451506614685, -0.21413156390190125, 0.07850322127342224], [0.2204553484916687, 0.9718254804611206, -0.08339491486549377], [-0.05843394622206688, 0.09850350767374039, 0.9934195876121521]]], [-0.10001176452636719, -0.03515148162841797, 0.4944124145507813, 0.13138920389631495, 0.03392669610225285, 0.2535129892185922, [[0.9674802422523499, -0.24434256553649902, 0.06541148573160172], [0.2506618797779083, 0.9608082175254822, -0.11838995665311813], [-0.03392018750309944, 0.13093610107898712, 0.9908103346824646]]], [-0.094123779296875, -0.03744527053833008, 0.49515701293945313, 0.1629270443339665, 0.0328232463874325, 0.26337853842078246, [[0.9649958610534668, -0.25175660848617554, 0.07349573075771332], [0.26020383834838867, 0.9541151523590088, -0.1481829583644867], [-0.032817352563142776, 0.1621198058128357, 0.9862252473831177]]], [-0.0877322006225586, -0.044685359954833984, 0.4957995300292969, 0.10741851205258314, 0.026543582073275784, 0.22437131074047872, [[0.9745907783508301, -0.21843692660331726, 0.04958004876971245], [0.22241510450839996, 0.9699479341506958, -0.0986536517739296], [-0.026540465652942657, 0.10717428475618362, 0.9938859343528748]]], [-0.08202153015136719, -0.05213357162475586, 0.4955898742675781, 0.12008181368692454, 0.04333598636180902, 0.2241669726833831, [[0.9740642309188843, -0.2156335860490799, 0.06856370717287064], [0.22208555042743683, 0.9691122770309448, -0.10723517835140228], [-0.04332242161035538, 0.1196809634566307, 0.9918667674064636]]], [-0.07523428344726563, -0.06075062942504883, 0.4950414733886719, 0.12286102913864998, 0.02861245116467659, 0.22100152878841406, [[0.9752790331840515, -0.21413376927375793, 0.05456661805510521], [0.2191171795129776, 0.9690923690795898, -0.11334758251905441], [-0.028608547523617744, 0.12250200659036636, 0.9920558333396912]]], [-0.0723542251586914, -0.06889551544189453, 0.49418551635742186, 0.06307218324076137, 0.027149568387024425, 0.21219173360609, [[0.9772114157676697, -0.2085115611553192, 0.03975900635123253], [0.21052536368370056, 0.9759882092475891, -0.055910997092723846], [-0.0271462332457304, 0.06300714612007141, 0.9976438283920288]]], [-0.06955583953857422, -0.07620791625976563, 0.4936947021484375, 0.1088528784615518, 0.024473966472671416, 0.24989935046314476, [[0.9686471223831177, -0.243266761302948, 0.05043791979551315], [0.2472323775291443, 0.963860034942627, -0.09924730658531189], [-0.024471523240208626, 0.10860550403594971, 0.9937836527824402]]], [-0.06580789947509766, -0.08264888763427734, 0.4926299133300781, 0.0544882027378952, 0.023723707629837554, 0.2436639402746796, [[0.9701874256134033, -0.23964814841747284, 0.03612591326236725], [0.2411920577287674, 0.9693319201469421, -0.04713793843984604], [-0.02372148260474205, 0.05444591864943504, 0.9982349276542664]]], [-0.061199256896972656, -0.0962186508178711, 0.49120037841796876, 0.08972886093968095, 0.02995241650765279, 0.23509784461829258, [[0.9720553755760193, -0.22939127683639526, 0.049880191683769226], [0.2328336536884308, 0.9692043662071228, -0.08019556105136871], [-0.029947936534881592, 0.08956830948591232, 0.9955303072929382]]], [-0.058059616088867186, -0.10497978973388672, 0.4913545227050781, 0.10701746514977999, 0.02713569358491541, 0.24842189500550121, [[0.968944787979126, -0.24165885150432587, 0.05241166800260544], [0.24578408896923065, 0.9644689559936523, -0.0969013199210167], [-0.027132363989949226, 0.1067739874124527, 0.9939130544662476]]], [-0.054558238983154296, -0.1111291275024414, 0.4910727844238281, 0.06898228705910245, 0.03793496355101422, 0.24756034111103972, [[0.9688156247138977, -0.24192218482494354, 0.0535721518099308], [0.2448631227016449, 0.9678478837013245, -0.057554975152015686], [-0.03792586550116539, 0.06887800246477127, 0.9969039559364319]]], [-0.04906681823730469, -0.12323442077636719, 0.49068994140625, 0.06853684338690377, 0.03690114058890326, 0.23473334457716596, [[0.9719142913818359, -0.229580357670784, 0.0517248660326004], [0.23242531716823578, 0.9708806872367859, -0.05804463475942612], [-0.03689276799559593, 0.06843657791614532, 0.9969730973243713]]], [-0.043630451202392576, -0.1308933563232422, 0.4916512451171875, 0.0893687624922919, 0.04428990994117776, 0.24631797386291654, [[0.9688657522201538, -0.23902934789657593, 0.0645299106836319], [0.24359561502933502, 0.9669100642204285, -0.07580319792032242], [-0.0442754328250885, 0.08916232734918594, 0.995032548904419]]], [-0.039257694244384765, -0.1353333282470703, 0.4940504150390625, 0.05023065308978916, 0.054359991304407496, 0.22946809627197653, [[0.9723491072654724, -0.22451616823673248, 0.06426291912794113], [0.22712360322475433, 0.973179817199707, -0.03655039146542549], [-0.05433322489261627, 0.05013536661863327, 0.9972634315490723]]], [-0.03275237274169922, -0.14705557250976561, 0.49587188720703124, 0.05378844215453232, 0.058998471026288746, 0.22925205380378882, [[0.9721422791481018, -0.22383342683315277, 0.06955599039793015], [0.22685381770133972, 0.9731486439704895, -0.03897570073604584], [-0.05896424874663353, 0.05366896837949753, 0.9968163371086121]]], [-0.025922088623046874, -0.15276063537597656, 0.49938043212890626, 0.07512490529463006, 0.07138295778489123, 0.22806872410700457, [[0.9716241359710693, -0.22024454176425934, 0.08624900877475739], [0.22552087903022766, 0.9725676774978638, -0.05703045800328255], [-0.07132235169410706, 0.07486312091350555, 0.9946399331092834]]], [-0.020820703506469727, -0.15913803100585938, 0.5029908752441407, 0.06229512515470434, 0.06856096939471068, 0.23614005622803605, [[0.9699640870094299, -0.229351207613945, 0.08104149252176285], [0.23340190947055817, 0.9713601469993591, -0.04453086853027344], [-0.06850726902484894, 0.06210858002305031, 0.9957154393196106]]], [-0.013971153259277344, -0.1700423126220703, 0.5067741088867187, 0.05161198793011812, 0.04904509016896941, 0.24485423331715112, [[0.9690060615539551, -0.23963837325572968, 0.060005757957696915], [0.24212341010570526, 0.9694939255714417, -0.038181643933057785], [-0.04902543127536774, 0.05152704194188118, 0.9974675178527832]]], [-0.007992393016815185, -0.17662109375, 0.5099026794433594, 0.08700355040977328, 0.05785561628461444, 0.2395622430741118, [[0.9698165655136108, -0.23149891197681427, 0.07657749950885773], [0.23688039183616638, 0.9689597487449646, -0.07074403017759323], [-0.05782334506511688, 0.08674844354391098, 0.9945507645606995]]], [-0.003024186134338379, -0.18233010864257812, 0.5136050415039063, 0.06685143480698062, 0.04818616379798302, 0.2228544944440023, [[0.9741384983062744, -0.21738263964653015, 0.06163555756211281], [0.2207578867673874, 0.9738032221794128, -0.05452774465084076], [-0.04816751927137375, 0.06672411412000656, 0.9966081380844116]]], [0.004700379848480225, -0.19260812377929687, 0.5185752563476562, 0.06784632626874483, 0.061083249563463005, 0.2392340169142313, [[0.9697079062461853, -0.23239271342754364, 0.07523467391729355], [0.23651659488677979, 0.97026526927948, -0.051431573927402496], [-0.06104527413845062, 0.06766784936189651, 0.9958385825157166]]], [0.010898431777954102, -0.20473321533203126, 0.5211106567382813, 0.07833895598108931, 0.03779248126698587, 0.22999695292333633, [[0.9729718565940857, -0.22439634799957275, 0.054516736418008804], [0.2278117686510086, 0.9713550209999084, -0.06761081516742706], [-0.037783484905958176, 0.07820297032594681, 0.9962211847305298]]], [0.014086675643920899, -0.20725717163085938, 0.5238734130859375, 0.07580034056801867, 0.038740287849211796, 0.23202653481787017, [[0.9724721908569336, -0.22643554210662842, 0.05499809607863426], [0.22977769374847412, 0.971082329750061, -0.06481791287660599], [-0.038730598986148834, 0.07567095756530762, 0.9963803887367249]]], [0.01932197380065918, -0.2196127471923828, 0.5257763061523437, 0.06160202509051835, 0.03055798955175293, 0.23838758496157178, [[0.9712663292884827, -0.23386046290397644, 0.044170137494802475], [0.236025869846344, 0.970320999622345, -0.052621029317379], [-0.030553234741091728, 0.0615343302488327, 0.9976372122764587]]], [0.024093278884887694, -0.2266437225341797, 0.5275216674804688, 0.10408278437269583, 0.030552953080565937, 0.23349778309700378, [[0.9724090099334717, -0.22704194486141205, 0.05359778553247452], [0.23127381503582, 0.9683325290679932, -0.09404551982879639], [-0.030548200011253357, 0.103846475481987, 0.9941241145133972]]], [0.027581064224243165, -0.23408908081054688, 0.5288955688476562, 0.06698843982366516, 0.021113434899473482, 0.2262251243855707, [[0.9743028283119202, -0.22242017090320587, 0.035542093217372894], [0.2242504507303238, 0.9726513028144836, -0.06050798296928406], [-0.02111186645925045, 0.06692343205213547, 0.9975347518920898]]], [0.031696889877319334, -0.24635789489746093, 0.528985107421875, 0.07284498659387627, -0.00041527803292784604, 0.21844454711899164, [[0.9762356281280518, -0.2161661833524704, 0.015368047170341015], [0.2167113721370697, 0.9736401438713074, -0.07114075869321823], [0.0004152782494202256, 0.07278057187795639, 0.997347891330719]]], [0.03619101333618164, -0.2536778411865234, 0.529854736328125, 0.08710776003052233, 0.011527597801216372, 0.22816546791382258, [[0.9740182757377625, -0.22435645759105682, 0.030864091590046883], [0.22617588937282562, 0.9706165790557861, -0.08214543014764786], [-0.011527342721819878, 0.08699186146259308, 0.9961423277854919]]], [0.038099468231201174, -0.2594154052734375, 0.5302762451171875, 0.04702297853837342, 0.0007083811207877488, 0.22041662143698906, [[0.9758061766624451, -0.2183620184659958, 0.010967615060508251], [0.21863612532615662, 0.9747350811958313, -0.04571371152997017], [-0.0007083808886818588, 0.04700563848018646, 0.9988943934440613]]], [0.040696781158447264, -0.26977813720703125, 0.5316434326171875, 0.01058183591461194, -0.0026671096465600286, 0.20606572207773588, [[0.9788399934768677, -0.20462661981582642, -0.0004454198351595551], [0.2046097218990326, 0.9787828922271729, -0.010903455317020416], [0.00266710645519197, 0.010581600479781628, 0.9999404549598694]]], [0.04242072677612305, -0.2761129150390625, 0.53261083984375, 0.04919999625271289, -0.010939132727993295, 0.22267224713353273, [[0.9752524495124817, -0.22109414637088776, 0.00020484942069742829], [0.2208234667778015, 0.9740117788314819, -0.050378721207380295], [0.010938914492726326, 0.04917720705270767, 0.9987301826477051]]], [0.04345883941650391, -0.2807543640136719, 0.5346347045898437, 0.03094080848319042, -0.006760273476960066, 0.2308808198289709, [[0.9734429717063904, -0.22892911732196808, 0.0005015208735130727], [0.22882983088493347, 0.9729514122009277, -0.03166123107075691], [0.006760221906006336, 0.030935164541006088, 0.9994985461235046]]], [0.04465258407592773, -0.29156976318359373, 0.5363346557617188, 0.02375766885673608, -0.01461817753733552, 0.2143295939643348, [[0.9770147800445557, -0.21297168731689453, -0.009226562455296516], [0.21266968548297882, 0.9767696261405945, -0.02632007747888565], [0.014617656357586384, 0.02375289611518383, 0.999610960483551]]], [0.04476176071166992, -0.2980093994140625, 0.5374721069335937, 0.07435607127217954, -0.012161666813772065, 0.21483810596598357, [[0.9769386649131775, -0.21348285675048828, 0.003988354932516813], [0.2131734937429428, 0.974118709564209, -0.0751652792096138], [0.012161366641521454, 0.07428207993507385, 0.9971631169319153]]], [0.04369503021240234, -0.3025122375488281, 0.5393001098632813, 0.0407763645471419, -0.01438431872360968, 0.23114297242657134, [[0.9733045101165771, -0.22947058081626892, -0.004650770220905542], [0.22906655073165894, 0.9724617004394531, -0.04297338053584099], [0.014383822679519653, 0.04076084867119789, 0.9990653991699219]]], [0.04233546447753906, -0.3104987487792969, 0.5417742309570313, 0.041761604593187174, -0.018150435645804208, 0.24112005504229655, [[0.9709112048149109, -0.23931804299354553, -0.007639656774699688], [0.2387510985136032, 0.9700435400009155, -0.04487183690071106], [0.018149439245462418, 0.04174258932471275, 0.9989635348320007]]], [0.04223904037475586, -0.3169404602050781, 0.5425585