{"amplitude": 0.07277399891347902, "frequency": 0.016139276826866084, "seed": 1762492903, "time_interval": 0.05, "pid_gains": {"pid_rate": {"roll_kp": "50.0", "roll_ki": "0.0", "roll_kd": "0.0", "pitch_kp": "50.0", "pitch_ki": "0.0", "pitch_kd": "0.0", "yaw_kp": "80.0", "yaw_ki": "0.0", "yaw_kd": "0.0"}, "pid_attitude": {"roll_kp": "8.0", "roll_ki": "0.0", "roll_kd": "0.20000000298023224", "pitch_kp": "8.0", "pitch_ki": "0.0", "pitch_kd": "1.0", "yaw_kp": "10.0", "yaw_ki": "0.0", "yaw_kd": "0.3499999940395355"}, "velCtlPid": {"vxKp": "15.0", "vxKi": "1.0", "vxKd": "0.0", "vyKp": "10.0", "vyKi": "1.0", "vyKd": "0.0", "vzKp": "12.5", "vzKi": "0.5", "vzKd": "0.0"}, "posCtlPid": {"xKp": "1.5", "xKi": "0.0", "xKd": "0.0", "yKp": "1.5", "yKi": "0.0", "yKd": "0.0", "zKp": "5.0", "zKi": "0.5", "zKd": "0.0"}}, "mocap_pose": [[-0.02588444519042969, 0.005763816833496094, 0.25827334594726564, 0.01585324494545093, 0.0550164802941393, 0.7445694445438054, [[0.7342671155929565, -0.6769290566444397, 0.05117510259151459], [0.6766299605369568, 0.735878050327301, 0.02560105361044407], [-0.05498873069882393, 0.01582859642803669, 0.9983615279197693]]], [-0.02587004089355469, 0.0057549233436584475, 0.25832501220703125, 0.015703071265029178, 0.056205053462227594, 0.7451095287898659, [[0.7338529825210571, -0.6773203611373901, 0.0519317090511322], [0.6769816279411316, 0.735521137714386, 0.026543712243437767], [-0.05617546662688255, 0.01567763090133667, 0.9982978105545044]]], [-0.025888162612915037, 0.005771169662475586, 0.25835891723632814, 0.014551194156696257, 0.05557908982734627, 0.7351302842413167, [[0.7405980229377747, -0.6700132489204407, 0.050958745181560516], [0.6696481704711914, 0.7422069311141968, 0.026459991931915283], [-0.055550478398799896, 0.014528213068842888, 0.998350203037262]]], [-0.025684192657470704, 0.005137299060821533, 0.25846572875976564, 0.01947280508735061, 0.05361638485464759, 0.8518322829876792, [[0.6576590538024902, -0.7516584992408752, 0.0499405711889267], [0.7514070868492126, 0.6592658162117004, 0.027494650334119797], [-0.05359070003032684, 0.01944359391927719, 0.9983736872673035]]], [-0.025760663986206054, 0.005915746688842773, 0.2583729553222656, 0.01927415277063571, 0.05603725961942918, 0.9341328570981586, [[0.5935826897621155, -0.8032927513122559, 0.04878849908709526], [0.802821695804596, 0.5952734351158142, 0.03356863185763359], [-0.05600793659687042, 0.019242707639932632, 0.9982448816299438]]], [-0.026109992980957033, 0.00700439453125, 0.26248309326171876, 0.025663591451793033, 0.03998029544700743, 0.9932803822460774, [[0.5455081462860107, -0.8369855284690857, 0.0433131642639637], [0.8371518850326538, 0.546623945236206, 0.01946703903377056], [-0.03996964544057846, 0.025640267878770828, 0.9988718628883362]]], [-0.028435861587524414, 0.006599758148193359, 0.28324908447265623, 0.017407583572139007, -0.004491422129716538, 0.7886394775572682, [[0.704804003238678, -0.7093426585197449, 0.00918311532586813], [0.7093878388404846, 0.7046488523483276, -0.015454137697815895], [0.004491406958550215, 0.017406528815627098, 0.9998384118080139]]], [-0.031195404052734375, 0.010774187088012695, 0.29448016357421875, -0.051668800968330764, -0.029239019824925494, 0.5923946392022224, [[0.8292514085769653, -0.5563514828681946, -0.05305744335055351], [0.5581105947494507, 0.8293418884277344, 0.026544203981757164], [0.029234854504466057, -0.051623739302158356, 0.9982386231422424]]], [-0.03725311279296875, 0.014759275436401367, 0.3195641479492187, -0.007147739385728602, -0.05306512183387335, 0.45259603656380226, [[0.898048996925354, -0.43694955110549927, -0.05082433298230171], [0.43668609857559204, 0.8994576930999756, -0.01676597073674202], [0.05304022133350372, -0.007137617561966181, 0.9985668659210205]]], [-0.03828818130493164, 0.017416656494140623, 0.33578536987304686, 0.02632256299791169, -0.05453481495716783, 0.4322150178834502, [[0.9066901803016663, -0.42004072666168213, -0.03845330700278282], [0.4182604253292084, 0.9071246385574341, -0.04672366753220558], [0.0545077882707119, 0.026280395686626434, 0.9981674551963806]]], [-0.043728435516357425, 0.02106246566772461, 0.356779541015625, 0.046333695576279144, -0.07538799667376228, 0.3620095061389962, [[0.9325308203697205, -0.3570364713668823, -0.05395612120628357], [0.35314831137657166, 0.9329479336738586, -0.06996023654937744], [0.07531660795211792, 0.04618556424975395, 0.996089518070221]]], [-0.04599204254150391, 0.02037820816040039, 0.36718331909179686, 0.0531146930626816, -0.0253503431156874, 0.34062877995677365, [[0.9422419667243958, -0.33487704396247864, -0.006121377926319838], [0.3339724838733673, 0.9407659769058228, -0.05849562957882881], [0.025347627699375153, 0.05307266488671303, 0.9982689023017883]]], [-0.04835088348388672, 0.02469464874267578, 0.3750036926269531, 0.058131963866406317, 0.013222427357716393, 0.33238534915114504, [[0.945184051990509, -0.3250214159488678, 0.03143494948744774], [0.3262702226638794, 0.9439206123352051, -0.05061221867799759], [-0.01322204153984785, 0.058094147592782974, 0.9982235431671143]]], [-0.05136179733276367, 0.02724343490600586, 0.38460946655273437, 0.04431602901023912, -0.0034814123703599265, 0.3426908232680682, [[0.9418482184410095, -0.3358380198478699, 0.011610561050474644], [0.33602064847946167, 0.940877377986908, -0.04289424791932106], [0.0034814055543392897, 0.04430125653743744, 0.9990121722221375]]], [-0.05248881149291992, 0.02828708267211914, 0.39045196533203125, 0.07093482034328939, 0.002424156657849341, 0.31247688167081417, [[0.9515722393989563, -0.30647993087768555, 0.024089215323328972], [0.30741560459136963, 0.9492348432540894, -0.06669986248016357], [-0.00242415489628911, 0.0708751380443573, 0.9974822402000427]]], [-0.05350051116943359, 0.03268472671508789, 0.3948372497558594, 0.05975347586558591, 0.01901624229717025, 0.3255887505559627, [[0.9472912549972534, -0.3182199001312256, 0.03708571195602417], [0.31980884075164795, 0.9461348652839661, -0.05050905793905258], [-0.019015096127986908, 0.05970712751150131, 0.9980348348617554]]], [-0.05391251373291016, 0.035220466613769534, 0.3974656982421875, 0.05004199907632742, 0.01983485340919655, 0.2795725585255102, [[0.9609844088554382, -0.2746458053588867, 0.032842688262462616], [0.2758905589580536, 0.9602439999580383, -0.04261285439133644], [-0.019833553582429886, 0.050011277198791504, 0.9985517263412476]]], [-0.05107212448120117, 0.036022056579589845, 0.3997571105957031, 0.07978183611258069, 0.039672230187566715, 0.29647975885313005, [[0.9556183815002441, -0.28820303082466125, 0.061094731092453], [0.29192548990249634, 0.9542522430419922, -0.06466954946517944], [-0.03966182470321655, 0.07963451743125916, 0.9960348010063171]]], [-0.05032054901123047, 0.03983614730834961, 0.40042758178710935, 0.049439226195005556, 0.03219196155481541, 0.2750282683986342, [[0.9619188904762268, -0.2697114646434784, 0.044359855353832245], [0.27143344283103943, 0.9616735577583313, -0.03883148357272148], [-0.03218640014529228, 0.04939348250627518, 0.9982606172561646]]], [-0.04890689468383789, 0.04159125518798828, 0.4018591003417969, 0.053074865351126724, 0.037106716854328425, 0.27091648369706234, [[0.9628627896308899, -0.26534149050712585, 0.04989169165492058], [0.2674303948879242, 0.9626959562301636, -0.041200969368219376], [-0.03709820285439491, 0.053013432770967484, 0.9979044795036316]]], [-0.045052680969238285, 0.042274890899658205, 0.4037476501464844, 0.051904992631156305, 0.03038940704103754, 0.2771257869975601, [[0.961401641368866, -0.2717075049877167, 0.0433804914355278], [0.2734659016132355, 0.9609816670417786, -0.04160035401582718], [-0.0303847286850214, 0.051857732236385345, 0.9981921315193176]]], [-0.04305915451049805, 0.04545326232910156, 0.403555908203125, 0.061374271397660274, 0.02862827620563957, 0.2590369627634675, [[0.9662410020828247, -0.25397035479545593, 0.0433284156024456], [0.25604480504989624, 0.9652668237686157, -0.05197108909487724], [-0.028624365106225014, 0.06131061539053917, 0.9977082014083862]]], [-0.04269081878662109, 0.05018871307373047, 0.40594723510742187, 0.02541396502853105, 0.009017335688416228, 0.2540339645332756, [[0.9678671956062317, -0.2510075569152832, 0.015111110173165798], [0.25130027532577515, 0.9676515460014343, -0.022330306470394135], [-0.009017213247716427, 0.02541019581258297, 0.9996364116668701]]], [-0.04103218460083008, 0.049287479400634764, 0.40703237915039064, 0.06804632849988605, -0.013967163690950635, 0.25739817719013247, [[0.9669612646102905, -0.25489455461502075, 0.003833542810752988], [0.25454047322273254, 0.9645758271217346, -0.06930102407932281], [0.01396670937538147, 0.06798719614744186, 0.9975884556770325]]], [-0.041193275451660155, 0.054851158142089844, 0.4059671630859375, 0.05236656239359584, -0.013874065063343322, 0.23519405778581237, [[0.9723755717277527, -0.23341844975948334, -0.0012756799114868045], [0.23300927877426147, 0.9709668159484863, -0.054130155593156815], [0.013873619958758354, 0.05233759433031082, 0.9985330700874329]]], [-0.04412002944946289, 0.056332538604736325, 0.4051565246582031, 0.02558251621910032, -0.04273141724557927, 0.2241905315008821, [[0.9740843772888184, -0.22330985963344574, -0.035948917269706726], [0.22211427986621857, 0.9744124412536621, -0.0344335101544857], [0.04271841421723366, 0.025556374341249466, 0.9987602233886719]]], [-0.04489316558837891, 0.05634762954711914, 0.40511865234375, 0.06389287614521101, -0.04203363569526264, 0.24832747192070098, [[0.9684686660766602, -0.24788230657577515, -0.024956032633781433], [0.2455659806728363, 0.9666875600814819, -0.07219786196947098], [0.0420212596654892, 0.06379301846027374, 0.9970780611038208]]], [-0.04976845932006836, 0.06267177963256836, 0.40281317138671874, 0.0421433614655459, -0.044566648534496434, 0.24899882224409134, [[0.9681973457336426, -0.24803410470485687, -0.03275708854198456], [0.24618908762931824, 0.9678365588188171, -0.05180089920759201], [0.044551897794008255, 0.042089056223630905, 0.9981200695037842]]], [-0.055940906524658204, 0.0640494613647461, 0.4005483703613281, -0.0002759633136180245, -0.06282165687873609, 0.22176407890358824, [[0.9735866189002991, -0.21993392705917358, -0.06130360811948776], [0.21951696276664734, 0.9755147099494934, -0.013539383187890053], [0.06278034299612045, -0.0002754185697995126, 0.9980273246765137]]], [-0.05946576690673828, 0.0639189109802246, 0.39914996337890624, 0.044091209988421254, -0.05172850949707741, 0.24077002935904301, [[0.9698556065559387, -0.24043205380439758, -0.039655014872550964], [0.2381315529346466, 0.969667375087738, -0.05512271821498871], [0.05170544236898422, 0.0440179668366909, 0.997691810131073]]], [-0.06609819793701172, 0.06659727478027344, 0.3982904052734375, 0.06602521600872617, -0.04916118882065934, 0.24192219859162312, [[0.9697062969207764, -0.24219509959220886, -0.031800277531147], [0.2392798513174057, 0.9679871201515198, -0.07580306380987167], [0.04914138838648796, 0.06589754670858383, 0.9966155886650085]]], [-0.07422020721435547, 0.06432581329345703, 0.39815109252929687, 0.048503796649717365, -0.04207986124024554, 0.20209193578741852, [[0.9787816405296326, -0.2024811953306198, -0.03143103048205376], [0.2005414515733719, 0.978087306022644, -0.05593186989426613], [0.04206744581460953, 0.04844186082482338, 0.9979397654533386]]], [-0.08214260101318359, 0.06052086639404297, 0.396702392578125, 0.10273150357863378, -0.047535081094795206, 0.2242133298696075, [[0.9738680124282837, -0.22591817378997803, -0.023282432928681374], [0.2220883071422577, 0.9687455892562866, -0.11049322038888931], [0.04751718044281006, 0.10243505984544754, 0.9936041235923767]]], [-0.08979079437255859, 0.05543432235717773, 0.3967549133300781, 0.1433438757808438, -0.03965343214247352, 0.21675813505444064, [[0.9758321046829224, -0.21838964521884918, -0.007595564238727093], [0.21489569544792175, 0.9653657078742981, -0.14794906973838806], [0.03964304178953171, 0.14274118840694427, 0.9889658093452454]]], [-0.09706133270263671, 0.05087559509277344, 0.39642559814453127, 0.10126161929962924, -0.02999417896805734, 0.21179309455779882, [[0.9772158265113831, -0.2121003121137619, -0.007919210940599442], [0.21011871099472046, 0.9720101356506348, -0.1051018163561821], [0.029989682137966156, 0.10104318708181381, 0.9944299459457397]]], [-0.10147610473632812, 0.043370441436767576, 0.39561187744140625, 0.1419231153377428, -0.019431949375991797, 0.2315511108456285, [[0.9731278419494629, -0.2298552691936493, 0.013738350942730904], [0.22944419085979462, 0.9628950357437134, -0.1420864313840866], [0.019430726766586304, 0.14142045378684998, 0.9897589087486267]]], [-0.10762648773193359, 0.03778231048583985, 0.3964062194824219, 0.14060610258917183, 0.004278118458355795, 0.22559124036717731, [[0.9746531248092651, -0.2208908349275589, 0.03547617420554161], [0.22368061542510986, 0.9651774168014526, -0.1356448233127594], [-0.004278106149286032, 0.14014197885990143, 0.9901221990585327]]], [-0.11331702423095703, 0.031115188598632812, 0.39806048583984377, 0.07494581985260425, 0.012008707206029534, 0.20859064540652283, [[0.978253185749054, -0.20562034845352173, 0.02722049504518509], [0.2070663720369339, 0.9757636785507202, -0.0707729160785675], [-0.012008419260382652, 0.0748702809214592, 0.9971209764480591]]], [-0.11706664276123047, 0.022635047912597656, 0.39903463745117185, 0.0958806015466584, 0.024563325028855276, 0.23785564536700432, [[0.971552312374115, -0.23225188255310059, 0.04631643369793892], [0.23554810881614685, 0.9679357409477234, -0.08727799355983734], [-0.024560855701565742, 0.09570488333702087, 0.9951066970825195]]], [-0.12026104736328125, 0.016911062240600586, 0.401113037109375, 0.07356211199460254, 0.030530962189636135, 0.20982056330088533, [[0.9776124954223633, -0.20552675426006317, 0.04508400708436966], [0.20818734169006348, 0.9758904576301575, -0.06554295867681503], [-0.030526218935847282, 0.07346153259277344, 0.9968307614326477]]], [-0.12354250335693359, 0.012652493476867676, 0.40367147827148436, 0.04801655728012669, 0.03873714168276243, 0.23044235333893506, [[0.972835123538971, -0.22633524239063263, 0.04862341657280922], [0.2282368540763855, 0.9728679060935974, -0.03789382800459862], [-0.03872745484113693, 0.04796209931373596, 0.9980980753898621]]], [-0.1266725311279297, 0.0037644171714782716, 0.40524398803710937, 0.03818915717708783, 0.03610259766111379, 0.2005589732804307, [[0.9793168306350708, -0.19772140681743622, 0.0429515466094017], [0.19908732175827026, 0.9795154333114624, -0.030229123309254646], [-0.03609475493431091, 0.03815499693155289, 0.9986197352409363]]], [-0.12766674041748047, -0.0015006688833236693, 0.40724169921875, 0.06210724392347226, 0.03785497715403552, 0.21779108603055353, [[0.9756776094436646, -0.21336331963539124, 0.0502917617559433], [0.2159186154603958, 0.9750021696090698, -0.052439380437135696], [-0.03784593567252159, 0.0620228573679924, 0.9973569512367249]]], [-0.13026654052734374, -0.00803352451324463, 0.4105897216796875, 0.08271751120302712, 0.0345715381153302, 0.2375756820252683, [[0.9713306427001953, -0.23176679015159607, 0.05292405188083649], [0.2352064698934555, 0.9692603945732117, -0.07219556719064713], [-0.03456465154886246, 0.08257384598255157, 0.9959853887557983]]], [-0.13234722900390625, -0.014779477119445801, 0.41134515380859377, 0.06282789480272967, 0.017597937609294068, 0.18949346493939195, [[0.9819477200508118, -0.18690472841262817, 0.02907451055943966], [0.18833228945732117, 0.9803701639175415, -0.058354612439870834], [-0.017597028985619545, 0.0627768486738205, 0.9978724718093872]]], [-0.13548464965820312, -0.02033890914916992, 0.41304971313476563, 0.06251380470736237, 0.011638871998857603, 0.1824384984940054, [[0.9833375811576843, -0.18035870790481567, 0.022757478058338165], [0.181415855884552, 0.9816151857376099, -0.05932885780930519], [-0.011638608761131763, 0.062468864023685455, 0.9979790449142456]]], [-0.13729620361328124, -0.02146101760864258, 0.41532583618164065, 0.05466996030279228, 0.004168340726633524, 0.19841911803927306, [[0.9803708791732788, -0.19660191237926483, 0.01485159806907177], [0.19711799919605255, 0.9789596199989319, -0.052750177681446075], [-0.004168328363448381, 0.05464225634932518, 0.9984973073005676]]], [-0.13927095031738282, -0.031930919647216796, 0.4160400085449219, 0.09219454821985026, 0.005962356433496074, 0.2027599306254794, [[0.9794971346855164, -0.19998060166835785, 0.02435462549328804], [0.20136991143226624, 0.9754651784896851, -0.0889824703335762], [-0.005962321534752846, 0.09206236153841019, 0.9957354068756104]]], [-0.1431836700439453, -0.037565670013427734, 0.4184527282714844, 0.08262857999894341, -0.007873997760821316, 0.18004660942126588, [[0.9838048219680786, -0.179103821516037, 0.007059709168970585], [0.1790698766708374, 0.9803622961044312, -0.08260565996170044], [0.007873916067183018, 0.08253202587366104, 0.9965572953224182]]], [-0.146979736328125, -0.04220824813842773, 0.4207715759277344, 0.06879870794075875, -0.01682952518869163, 0.1860502112888714, [[0.9826033711433411, -0.18567803502082825, -0.0037829247303307056], [0.1849525272846222, 0.9802036285400391, -0.070663683116436], [0.016828730702400208, 0.06873471289873123, 0.9974930286407471]]], [-0.1503881378173828, -0.05324999618530273, 0.42348574829101565, 0.07651908140656274, -0.01887069863044699, 0.18929382366642425, [[0.9819625020027161, -0.1890314817428589, -0.004094093572348356], [0.1881318837404251, 0.9789920449256897, -0.07861914485692978], [0.01886957883834839, 0.07643081992864609, 0.9968963265419006]]], [-0.15386331176757811, -0.060793258666992187, 0.42533868408203124, 0.10276376746563298, -0.021688769908549954, 0.19673348398288082, [[0.9804796576499939, -0.1966174840927124, -0.0011049512540921569], [0.19542090594768524, 0.9751016497612, -0.10482093691825867], [0.021687069907784462, 0.10255886614322662, 0.9944905042648315]]], [-0.15725328063964844, -0.06713617706298829, 0.42779522705078127, 0.09762353112315564, -0.01148502262641471, 0.18366539031120194, [[0.9831160306930542, -0.18286551535129547, 0.006563278846442699], [0.182622492313385, 0.9782951474189758, -0.09791673719882965], [0.011484770104289055, 0.09746211022138596, 0.9951729774475098]]], [-0.16168338012695313, -0.078063232421875, 0.4292206115722656, 0.06007430628538459, -0.004871601542637771, 0.1736888732978452, [[0.9849422574043274, -0.1727932244539261, 0.0055859824642539024], [0.17281483113765717, 0.9831266403198242, -0.059975214302539825], [0.004871582146733999, 0.06003746762871742, 0.9981842637062073]]], [-0.16388665771484376, -0.08849766540527344, 0.42837435913085936, 0.07474049517861381, 0.002211091455485814, 0.14896649321859673, [[0.9889225959777832, -0.1478385329246521, 0.013262869790196419], [0.14841578900814056, 0.9861886501312256, -0.07351670414209366], [-0.0022110892459750175, 0.07467074692249298, 0.9972057938575745]]], [-0.16516169738769532, -0.09815323638916015, 0.4300556640625, 0.08402147833801005, 0.019109225210005132, 0.17240605055711467, [[0.9849950075149536, -0.1693682074546814, 0.03315557539463043], [0.17152190208435059, 0.9819745421409607, -0.07941200584173203], [-0.019108062610030174, 0.08390732854604721, 0.9962903261184692]]], [-0.1658308868408203, -0.10276729583740235, 0.4292764892578125, 0.04568957875346087, 0.01721276344799305, 0.15879088147308879, [[0.9872729182243347, -0.15718315541744232, 0.02419976145029068], [0.15810099244117737, 0.9865130186080933, -0.04238028824329376], [-0.0172119140625, 0.04566691815853119, 0.9988084435462952]]], [-0.16736619567871094, -0.11324003601074219, 0.430689208984375, 0.05333842386006601, 0.03467793897916738, 0.1477387512527245, [[0.9885118007659912, -0.14516426622867584, 0.042092323303222656], [0.1471133977174759, 0.9879719018936157, -0.047635991126298904], [-0.03467098996043205, 0.05328108370304108, 0.9979774951934814]]], [-0.16729103088378905, -0.11738897705078125, 0.43209979248046876, 0.06366863291770017, 0.03778689679331437, 0.1529304910764368, [[0.987623393535614, -0.14965082705020905, 0.04695376008749008], [0.15222632884979248, 0.9866925477981567, -0.0571398064494133], [-0.03777790442109108, 0.06358020752668381, 0.9972614645957947]]], [-0.16600161743164063, -0.1256944351196289, 0.4338395690917969, 0.020966889019056106, 0.04367023602111564, 0.15627772086487762, [[0.9868717193603516, -0.1547040492296219, 0.04637795686721802], [0.15549398958683014, 0.9877387881278992, -0.01391657255589962], [-0.0436563566327095, 0.020945364609360695, 0.9988270401954651]]], [-0.163087646484375, -0.13433978271484376, 0.4360696411132812, 0.030805393804757192, 0.04056356777052983, 0.16299378628368996, [[0.9859341979026794, -0.16096356511116028, 0.04499406740069389], [0.16213954985141754, 0.9864804148674011, -0.023814842104911804], [-0.040552444756031036, 0.03077518567442894, 0.9987033605575562]]], [-0.1597094421386719, -0.14154678344726562, 0.43897366333007815, 0.0735002093765342, 0.05133178645388181, 0.16340145469323075, [[0.9853799939155579, -0.15851841866970062, 0.06243500858545303], [0.16246101260185242, 0.9846286177635193, -0.06413166970014572], [-0.0513092465698719, 0.07333732396364212, 0.9959864616394043]]], [-0.15797134399414062, -0.14503535461425782, 0.44013714599609377, 0.027192032650035933, 0.05065955668281674, 0.1581802554582597, [[0.9862486720085144, -0.15610362589359283, 0.05427002161741257], [0.1573193520307541, 0.9873673915863037, -0.018875641748309135], [-0.05063788965344429, 0.027153801172971725, 0.9983478784561157]]], [-0.1532674102783203, -0.1555109100341797, 0.44221475219726564, 0.051498158848571146, 0.03845585165076071, 0.15955092160227438, [[0.986568808555603, -0.15671031177043915, 0.04608587920665741], [0.15875738859176636, 0.9863042235374451, -0.04472153261303902], [-0.038446374237537384, 0.051437340676784515, 0.9979358911514282]]], [-0.14891827392578125, -0.1598009490966797, 0.4437274475097656, 0.08825956718859676, 0.039768343919076354, 0.16658627176935384, [[0.9853768348693848, -0.16171549260616302, 0.05367079749703407], [0.1656857430934906, 0.9828991889953613, -0.08035793155431747], [-0.0397578626871109, 0.08807533234357834, 0.9953200817108154]]], [-0.1462750549316406, -0.16244718933105468, 0.4448232727050781, 0.040411880887935944, 0.03836780286742125, 0.17366635364189326, [[0.9842329621315002, -0.17112722992897034, 0.044731609523296356], [0.17266753315925598, 0.9844214916229248, -0.03317045047879219], [-0.03835839033126831, 0.04037114977836609, 0.9984481930732727]]], [-0.1431427001953125, -0.17006007385253907, 0.4451465148925781, 0.07371884869382873, 0.03282214968126684, 0.15306148971457706, [[0.9877766370773315, -0.14966171979904175, 0.04357384517788887], [0.15238241851329803, 0.9859932065010071, -0.06780129671096802], [-0.03281625732779503, 0.07361242920160294, 0.996746838092804]]], [-0.139787841796875, -0.17475440979003906, 0.446781494140625, 0.07287450998448985, 0.02499619376033313, 0.15783229997720957, [[0.9872618317604065, -0.15496347844600677, 0.03606153652071953], [0.1571287214756012, 0.9852351546287537, -0.06798700988292694], [-0.024993591010570526, 0.07278727740049362, 0.9970342516899109]]], [-0.13708023071289063, -0.18016694641113282, 0.4489574890136719, 0.04133362537081985, 0.019054070420900793, 0.1506250502719579, [[0.9884980320930481, -0.1491495817899704, 0.02502170018851757], [0.15002889931201935, 0.9879511594772339, -0.037997424602508545], [-0.019052917137742043, 0.04131435602903366, 0.9989645481109619]]], [-0.13445236206054687, -0.18762071228027344, 0.4517839050292969, 0.05045805133616715, 0.014160699137950816, 0.14640299032037246, [[0.9892030358314514, -0.14498832821846008, 0.021348638460040092], [0.14586593210697174, 0.9881472587585449, -0.04783400893211365], [-0.014160226099193096, 0.05043158680200577, 0.9986271262168884]]], [-0.13363023376464844, -0.19529290771484376, 0.4564317932128906, 0.08082454678242348, -0.0003907110918821566, 0.1666209854211908, [[0.9861507415771484, -0.16534076631069183, 0.013006206601858139], [0.16585107147693634, 0.9829262495040894, -0.07968302816152573], [0.00039071121136657894, 0.08073657006025314, 0.9967353940010071]]], [-0.13407763671875, -0.19867422485351563, 0.4591466064453125, 0.01920787822520642, -0.01654968523010658, 0.15920120263885298, [[0.9872190356254578, -0.15881414711475372, -0.013291812501847744], [0.15850785374641418, 0.9871217012405396, -0.021586824208498], [0.01654892973601818, 0.019204067066311836, 0.9996786117553711]]], [-0.1341334228515625, -0.20816999816894532, 0.4624612731933594, 0.03005148206002789, -0.017207495783227778, 0.1638441926225669, [[0.9864614605903625, -0.163548544049263, -0.012067519128322601], [0.16308796405792236, 0.9860777258872986, -0.03244990110397339], [0.017206646502017975, 0.030042510479688644, 0.9994004964828491]]], [-0.13585153198242186, -0.21091781616210936, 0.46557992553710936, 0.07186428681287811, -0.009500826198737489, 0.17020431739584785, [[0.9855057001113892, -0.16961883008480072, 0.002822933252900839], [0.16937607526779175, 0.982890784740448, -0.0723700225353241], [0.009500683285295963, 0.07179920375347137, 0.9973738789558411]]], [-0.13893408203125, -0.21537673950195313, 0.47069390869140626, 0.008904508663746216, -0.0267369436984628, 0.15744081404566806, [[0.9872787594795227, -0.15702007710933685, -0.02500593289732933], [0.1567351520061493, 0.9875553250312805, -0.012985710985958576], [0.0267337579280138, 0.008901208639144897, 0.9996029734611511]]], [-0.1414287872314453, -0.22222413635253907, 0.4745263671875, 0.051207226529971187, -0.026538968846596234, 0.17357205431747091, [[0.9846273064613342, -0.17381326854228973, -0.017263151705265045], [0.17264100909233093, 0.9834484457969666, -0.05499253794550896], [0.02653585374355316, 0.051166824996471405, 0.9983375072479248]]], [-0.14468495178222657, -0.22737998962402345, 0.48099929809570313, 0.04474066241927143, -0.020090353997001875, 0.16535316497025304, [[0.9861612319946289, -0.1653222143650055, -0.012433278374373913], [0.1645674705505371, 0.9852253198623657, -0.047419045120477676], [0.020089002326130867, 0.04471671208739281, 0.9987977147102356]]], [-0.14896556091308594, -0.22911129760742188, 0.48379208374023436, -0.005611868285752525, -0.020425579486392786, 0.1575851609448895, [[0.9874030947685242, -0.15681807696819305, -0.021051455289125443], [0.156901016831398, 0.9876115918159485, 0.002337113954126835], [0.02042415924370289, -0.00561066810041666, 0.9997756481170654]]], [-0.15368238830566405, -0.23493699645996094, 0.4871338806152344, 0.028328684904171134, -0.011333500545370967, 0.14749113267600522, [[0.9890793561935425, -0.14721553027629852, -0.007043172605335712], [0.14694753289222717, 0.9886988401412964, -0.029682202264666557], [0.011333257891237736, 0.02832307666540146, 0.999534547328949]]], [-0.1576717224121094, -0.23607919311523437, 0.48997982788085936, 0.036493610794965235, 0.0003058640160917836, 0.15666820026448774, [[0.9877525568008423, -0.15591317415237427, 0.005994681268930435], [0.15602807700634003, 0.9870966672897339, -0.035990968346595764], [-0.00030586394132114947, 0.03648550808429718, 0.9993341565132141]]], [-0.16346148681640624, -0.23592835998535155, 0.4929922485351563, 0.007956686774911778, 0.003026688260265198, 0.17164480066652948, [[0.9853006601333618, -0.17077407240867615, 0.004341125953942537], [0.17080242931842804, 0.9852780699729919, -0.007322730962187052], [-0.003026683581992984, 0.007956566289067268, 0.9999637603759766]]], [-0.16737408447265625, -0.24142620849609375, 0.4931639709472656, 0.007903851256290895, 0.0005625178518882112, 0.1684848155295246, [[0.98583984375, -0.16767919063568115, 0.0018799088429659605], [0.16768878698349, 0.9858099222183228, -0.00769752636551857], [-0.0005625178455375135, 0.007903767749667168, 0.9999685883522034]]], [-0.17105191040039064, -0.24009930419921874, 0.493222900390625, 0.0283708807865682, 0.0194285793351634, 0.1731519077615583, [[0.9848607182502747, -0.17167578637599945, 0.024016456678509712], [0.17225545644760132, 0.9847451448440552, -0.024597138166427612], [-0.019427357241511345, 0.028361720964312553, 0.9994089007377625]]], [-0.17580140686035156, -0.24170533752441406, 0.49181704711914065, 0.007444647077910593, 0.00795304383388773, 0.16056964940455176, [[0.987105131149292, -0.1598176807165146, 0.009040681645274162], [0.15987549722194672, 0.9871184825897217, -0.006077325437217951], [-0.007952960208058357, 0.007444343063980341, 0.9999406933784485]]], [-0.1791772155761719, -0.24225953674316406, 0.4899669189453125, 0.04315980038092044, 0.01733366780021539, 0.1481296944327772, [[0.9889002442359924, -0.14671146869659424, 0.023494936525821686], [0.14756639301776886, 0.9882381558418274, -0.04011815786361694], [-0.01733279973268509, 0.04313991963863373, 0.9989186525344849]]], [-0.18259674072265625, -0.24068394470214843, 0.4894259338378906, 0.03254779685744087, 0.030020101100523444, 0.16648582253059108, [[0.9857288599014282, -0.16466675698757172, 0.03497769311070442], [0.1656431257724762, 0.985812783241272, -0.027120616286993027], [-0.03001559153199196, 0.032527387142181396, 0.9990200400352478]]], [-0.18717427062988282, -0.23758541870117186, 0.48979425048828124, 0.010530253423901834, 0.01956250698062001, 0.1709203363400325, [[0.98524010181427, -0.16987693309783936, 0.02106620743870735], [0.1700568050146103, 0.9854090213775635, -0.007049644365906715], [-0.01956125907599926, 0.01052804384380579, 0.9997532367706299]]], [-0.18891168212890624, -0.23971908569335937, 0.4890560607910156, 0.027147196688893233, 0.0178597155140916, 0.15017059196271879, [[0.9885878562927246, -0.14907237887382507, 0.021712176501750946], [0.14958295226097107, 0.9884538054466248, -0.024167565628886223], [-0.01785876601934433, 0.027139533311128616, 0.9994721412658691]]], [-0.1916569366455078, -0.23952841186523438, 0.4908165283203125, 0.07415754042868186, 0.018269308610209922, 0.15508466756314054, [[0.987833559513092, -0.1527019739151001, 0.029443593695759773], [0.15443797409534454, 0.9854921102523804, -0.0703863650560379], [-0.018268292769789696, 0.07407722622156143, 0.9970851540565491]]], [-0.19503028869628905, -0.23492329406738283, 0.49334967041015626, 0.03601733044551211, 0.020404374613261167, 0.14077321385940825, [[0.9899017214775085, -0.1394902914762497, 0.02524048089981079], [0.14027951657772064, 0.9895687699317932, -0.03279247507452965], [-0.020402958616614342, 0.03600204735994339, 0.9991434216499329]]], [-0.19762197875976562, -0.2360334930419922, 0.4949942932128906, 0.03748100348706488, 0.010464999039771383, 0.1289402751446159, [[0.9916443824768066, -0.1281040906906128, 0.01518895011395216], [0.12857624888420105, 0.9910526275634766, -0.035816505551338196], [-0.010464807972311974, 0.03747017681598663, 0.9992429614067078]]], [-0.19982936096191406, -0.2327724609375, 0.49763619995117186, 0.05567992939631249, 0.014527242047073008, 0.1392695813073378, [[0.99021315574646, -0.1378040760755539, 0.022089267149567604], [0.13880515098571777, 0.9888951778411865, -0.053098857402801514], [-0.014526731334626675, 0.05564529076218605, 0.998344898223877]]], [-0.20081488037109374, -0.23193753051757812, 0.49774554443359376, 0.05301026907507185, 0.013650631619309683, 0.15307854301319362, [[0.9882142543792725, -0.15155239403247833, 0.02155093103647232], [0.15246719121932983, 0.9870283603668213, -0.05028737336397171], [-0.013650207780301571, 0.05298050865530968, 0.998502254486084]]], [-0.20718325805664062, -0.22759202575683593, 0.5020836791992187, 0.02950070599422925, 0.010530275320838722, 0.11646598510502224, [[0.993170440196991, -0.11584381014108658, 0.013881763443350792], [0.11619642376899719, 0.992829442024231, -0.02807351015508175], [-0.010530080646276474, 0.029494792222976685, 0.9995094537734985]]], [-0.20935072326660156, -0.22564749145507812, 0.50376611328125, 0.07092665366347396, 0.02587822218039304, 0.12005800840214699, [[0.9924692511558533, -0.1176481544971466, 0.03411223739385605], [0.11972969770431519, 0.9905251860618591, -0.06726578623056412], [-0.025875333696603775, 0.07084347307682037, 0.997151792049408]]], [-0.21371429443359374, -0.22053218078613282, 0.5052994995117187, 0.03233066130328288, 0.010614992164321047, 0.130116563572518, [[0.99149090051651, -0.12934169173240662, 0.014713726937770844], [0.12974241375923157, 0.9910731315612793, -0.030675232410430908], [-0.010614792816340923, 0.032323207706213, 0.9994211196899414]]], [-0.21758277893066405, -0.2217041778564453, 0.5056186218261719, 0.02960002845323089, 0.01583132220170791, 0.14370965757856718, [[0.9895675182342529, -0.1426890790462494, 0.019899172708392143], [0.14319756627082825, 0.9893251061439514, -0.027024416252970695], [-0.015830660238862038, 0.0295919980853796, 0.9994366765022278]]], [-0.22066915893554687, -0.21942764282226562, 0.5071172485351563, 0.05217169378104925, 0.020072515463060325, 0.117709513350338, [[0.9928801655769348, -0.11623866111040115, 0.02602931298315525], [0.11741422116756439, 0.9918519258499146, -0.04943326860666275], [-0.02007116749882698, 0.052137523889541626, 0.9984381794929504]]], [-0.22743577575683593, -0.21728269958496094, 0.5092883605957031, 0.0725145956778176, 0.016716659308549486, 0.12353815793671852, [[0.9922401905059814, -0.12169847637414932, 0.0254726130515337], [0.12320694327354431, 0.9899200797080994, -0.06984451413154602], [-0.0167158804833889, 0.07244093716144562, 0.9972326159477234]]], [-0.23081265258789063, -0.21604667663574217, 0.5101804809570313, 0.027100628545906384, 0.011436327972323745, 0.10557419523975764, [[0.9943671822547913, -0.1050313264131546, 0.014223694801330566], [0.10537129640579224, 0.9940997362136841, -0.02574176900088787], [-0.011436078697443008, 0.02709553949534893, 0.999567449092865]]], [-0.23498225402832032, -0.21269088745117187, 0.51181591796875, 0.021290662715856154, 0.017369358133804136, 0.09217791246129607, [[0.995604395866394, -0.09165838360786438, 0.019250432029366493], [0.09203354269266129, 0.9955629706382751, -0.019600311294198036], [-0.017368484288454056, 0.02128584310412407, 0.9996225237846375]]], [-0.23900448608398436, -0.21008352661132812, 0.5151257934570312, 0.05896778828881903, 0.025178365668068414, 0.1089701349810369, [[0.9937535524368286, -0.10709068179130554, 0.031392183154821396], [0.10872013121843338, 0.9925022125244141, -0.05585084855556488], [-0.025175705552101135, 0.05891494080424309, 0.9979454874992371]]], [-0.24266305541992186, -0.20385006713867188, 0.5181980590820312, 0.01659952184282249, 0.036167783696247735, 0.09052255056386102, [[0.9952543377876282, -0.0897887647151947, 0.037507396191358566], [0.09033985435962677, 0.9958226680755615, -0.013262431137263775], [-0.03615989908576012, 0.01658790372312069, 0.9992083311080933]]], [-0.24451853942871093, -0.20314857482910156, 0.5190531005859375, 0.05413893576507009, 0.03754637826593865, 0.10268435785206034, [[0.994031548500061, -0.10033326596021652, 0.042831871658563614], [0.1024317592382431, 0.9934833645820618, -0.04998534917831421], [-0.037537556141614914, 0.054074354469776154, 0.9978311061859131]]], [-0.24572254943847657, -0.19869625854492187, 0.5237583618164062, 0.03829978634449833, 0.04857256278277666, 0.08541954523339021, [[0.9951788783073425, -0.08340078592300415, 0.05160773545503616], [0.08521508425474167, 0.9957818984985352, -0.03401147946715355], [-0.048553466796875, 0.03824526444077492, 0.9980881214141846]]], [-0.2464445343017578, -0.19226290893554687, 0.5264480590820313, -0.0097820715648727, 0.050758773853781136, 0.08777914559186364, [[0.9948669075965881, -0.08815666288137436, 0.04968167468905449], [0.08755355328321457, 0.9960587024688721, 0.014191973023116589], [-0.05073697865009308, -0.009769316762685776, 0.9986642599105835]]], [-0.24503805541992188, -0.1891727752685547, 0.52996240234375, 0.035533654805462576, 0.07010204529999187, 0.08841716941480596, [[0.9936472177505493, -0.08576757460832596, 0.07286401838064194], [0.0880851298570633, 0.9956846833229065, -0.029206223785877228], [-0.07004464417695999, 0.03543892130255699, 0.9969141483306885]]], [-0.24282582092285157, -0.18448350524902343, 0.5318795166015625, 0.062236829132907914, 0.07437985004951964, 0.09388373450567707, [[0.9928434491157532, -0.08896281570196152, 0.0796714723110199], [0.09348668158054352, 0.994101881980896, -0.05496986582875252], [-0.0743112862110138, 0.062024690210819244, 0.9953043460845947]]], [-0.24080799865722657, -0.17572529602050782, 0.5349036865234374, 0.030433362984041756, 0.09357100328427026, 0.07874858680788911, [[0.9925399422645569, -0.07579651474952698, 0.0954955667257309], [0.07832308858633041, 0.996662974357605, -0.02298753522336483], [-0.09343452006578445, 0.03029555268585682, 0.9951643943786621]]], [-0.2367965850830078, -0.172140869140625, 0.5362523803710938, 0.017842511766408404, 0.07081914984143767, 0.07808342597643592, [[0.994454026222229, -0.0767330676317215, 0.0719248503446579], [0.07780857384204865, 0.9968928098678589, -0.012268513441085815], [-0.07075996696949005, 0.017796842381358147, 0.9973345994949341]]], [-0.233177001953125, -0.166919921875, 0.5374114990234375, 0.06692656967058948, 0.07450042426960524, 0.08765355663489084, [[0.9933976531028748, -0.08238675445318222, 0.07983425259590149], [0.08729852735996246, 0.994366466999054, -0.060118623077869415], [-0.07443152368068695, 0.06669110804796219, 0.9949935674667358]]], [-0.22994808959960938, -0.15824452209472656, 0.54116455078125, 0.03218860190202376, 0.05909030323188946, 0.11339669740342194, [[0.9918433427810669, -0.11120682209730148, 0.06228787451982498], [0.11295633763074875, 0.9932778477668762, -0.02529740519821644], [-0.05905592069029808, 0.03212687373161316, 0.9977375864982605]]], [-0.22770033264160155, -0.15704478454589843, 0.5431029052734375, 0.02579869587458249, 0.03275230076659996, 0.0831866156025521, [[0.9960075616836548, -0.08222125470638275, 0.03476574271917343], [0.08304614573717117, 0.9962805509567261, -0.02298661135137081], [-0.03274644538760185, 0.02578200027346611, 0.9991310834884644]]], [-0.224699462890625, -0.14994178771972655, 0.547097412109375, 0.041143090891394396, 0.021729100366825627, 0.08569161124074481, [[0.9960955381393433, -0.08462394773960114, 0.02514965832233429], [0.08556657284498215, 0.9955640435218811, -0.0391225591301918], [-0.021727390587329865, 0.041121773421764374, 0.9989178776741028]]], [-0.22280470275878905, -0.14767631530761718, 0.5527695922851562, 0.05132908611211726, 0.010901043656280418, 0.09706240922473161, [[0.9952340126037598, -0.0962257906794548, 0.01580735109746456], [0.09690431505441666, 0.9940364956855774, -0.05001004785299301], [-0.010900828056037426, 0.051303502172231674, 0.9986236095428467]]], [-0.2233126220703125, -0.14191973876953126, 0.5585385131835937, 0.041416301133614664, -0.004672668133818281, 0.08595541674618257, [[0.9962972402572632, -0.0859687477350235, -0.0010968510759994388], [0.08584867417812347, 0.9954371452331543, -0.04165240377187729], [0.004672651179134846, 0.041404008865356445, 0.9991315603256226]]], [-0.22424652099609374, -0.1374827423095703, 0.5621788330078125, 0.020307002437306175, -0.0199229203618152, 0.07394682401515104, [[0.997069239616394, -0.07426763325929642, -0.018362896516919136], [0.07386478781700134, 0.9970316886901855, -0.02172160893678665], [0.019921602681279182, 0.02030157670378685, 0.9995954036712646]]], [-0.22649559020996093, -0.13167216491699218, 0.5682430419921874, -0.006845964739468947, -0.015186199767809327, 0.0813417136239131, [[0.9965786337852478, -0.08114652335643768, -0.015691295266151428], [0.08124267309904099, 0.9966786503791809, 0.005589442327618599], [0.015185615979135036, -0.0068451217375695705, 0.9998612403869629]]], [-0.22886569213867186, -0.12652613830566406, 0.5719934692382812, 0.021328943101638617, -0.019901208695497496, 0.05254625919351373, [[0.9984220266342163, -0.052933961153030396, -0.018747752532362938], [0.052511680871248245, 0.998370349407196, -0.022342834621667862], [0.019899895414710045, 0.021323103457689285, 0.9995745420455933]]], [-0.23362767028808593, -0.12072203826904297, 0.5741685791015625, 0.029851316548296557, -0.03558804315528885, 0.06717910151170714, [[0.9971125721931458, -0.06815824657678604, -0.03348087891936302], [0.06708607822656631, 0.9972285032272339, -0.032166965305805206], [0.035580530762672424, 0.029827984049916267, 0.9989215731620