{"amplitude": 0.07051606473768651, "frequency": 0.010812834763288683, "seed": 1762489929, "time_interval": 0.05, "pid_gains": {"pid_rate": {"roll_kp": "50.0", "roll_ki": "0.0", "roll_kd": "0.0", "pitch_kp": "50.0", "pitch_ki": "0.0", "pitch_kd": "0.0", "yaw_kp": "80.0", "yaw_ki": "0.0", "yaw_kd": "0.0"}, "pid_attitude": {"roll_kp": "8.0", "roll_ki": "0.0", "roll_kd": "0.20000000298023224", "pitch_kp": "8.0", "pitch_ki": "0.0", "pitch_kd": "1.0", "yaw_kp": "10.0", "yaw_ki": "0.0", "yaw_kd": "0.3499999940395355"}, "velCtlPid": {"vxKp": "15.0", "vxKi": "1.0", "vxKd": "0.0", "vyKp": "10.0", "vyKi": "1.0", "vyKd": "0.0", "vzKp": "12.5", "vzKi": "0.5", "vzKd": "0.0"}, "posCtlPid": {"xKp": "1.5", "xKi": "0.0", "xKd": "0.0", "yKp": "1.5", "yKi": "0.0", "yKd": "0.0", "zKp": "5.0", "zKi": "0.5", "zKd": "0.0"}}, "mocap_pose": [[-0.017320919036865234, 0.0076297569274902345, 0.2581102294921875, 0.025972405143333488, 0.04947658683729261, 1.0207622787491097, [[0.5220766067504883, -0.8515478372573853, 0.047982107847929], [0.8514634966850281, 0.5236348509788513, 0.02857302501797676], [-0.0494564026594162, 0.025937706232070923, 0.9984394311904907]]], [-0.017327699661254883, 0.007573901176452636, 0.25811163330078124, 0.02611382413386848, 0.04919062622508119, 1.0199944360922761, [[0.5227376222610474, -0.8511426448822021, 0.04797497019171715], [0.8510743975639343, 0.5242862701416016, 0.028218740597367287], [-0.04917079210281372, 0.026079272851347923, 0.9984498620033264]]], [-0.017256233215332033, 0.00760537052154541, 0.2581614990234375, 0.02528342034194886, 0.0491596927650062, 1.013503739837116, [[0.5282514095306396, -0.847761869430542, 0.04743681475520134], [0.8476648330688477, 0.5297756791114807, 0.02832048200070858], [-0.04913989454507828, 0.025250185281038284, 0.9984726905822754]]], [-0.01723820686340332, 0.006644864082336426, 0.2582281494140625, 0.03150725207523564, 0.04348926490936522, 1.177346922007105, [[0.383014053106308, -0.9226086735725403, 0.04575427249073982], [0.92271888256073, 0.3844511806964874, 0.028056612238287926], [-0.04347555711865425, 0.031472254544496536, 0.9985586404800415]]], [-0.017732988357543944, 0.007286286830902099, 0.2579844970703125, 0.030390452579880045, 0.04684335992887623, 1.2017756280506058, [[0.3603065311908722, -0.9317371249198914, 0.04522276297211647], [0.9316579103469849, 0.3618627190589905, 0.03269355371594429], [-0.04682622849941254, 0.03035244345664978, 0.9984418153762817]]], [-0.01874746322631836, 0.008987724304199219, 0.2615644836425781, 0.016289768816484362, 0.06411135440833426, 1.245368137698374, [[0.3190577030181885, -0.9470545649528503, 0.035914674401283264], [0.9455673098564148, 0.32066094875335693, 0.05548889562487602], [-0.06406744569540024, 0.016255583614110947, 0.9978131651878357]]], [-0.019906339645385743, 0.006232533454895019, 0.27441607666015627, 0.027827289924771348, 0.015257913828894187, 1.0627496519774196, [[0.48641493916511536, -0.8731516599655151, 0.031728845089673996], [0.8735947012901306, 0.4866541028022766, -0.00021033135999459773], [-0.01525732222944498, 0.027820460498332977, 0.9994965195655823]]], [-0.02379051971435547, 0.009220290184020995, 0.291460205078125, -0.010835624421791978, 0.01022599503844357, 0.8873982914046021, [[0.631398618221283, -0.7754560112953186, -0.0019455957226455212], [0.7753910422325134, 0.6313086152076721, 0.014770777896046638], [-0.010225816629827023, -0.010834845714271069, 0.9998890161514282]]], [-0.026941949844360352, 0.011922910690307617, 0.3155264587402344, -0.0021498990649176375, -0.06811924444607342, 0.7393794095559201, [[0.7371732592582703, -0.6737198233604431, -0.05174204707145691], [0.6722667217254639, 0.7389837503433228, -0.04427662864327431], [0.06806657463312149, -0.0021449110936373472, 0.9976784586906433]]], [-0.033363113403320314, 0.020131675720214844, 0.34241738891601564, 0.02365318881977091, -0.06513195623228096, 0.5551465638473951, [[0.8480212688446045, -0.5282285809516907, -0.04283037409186363], [0.5259503126144409, 0.8487741351127625, -0.054394252598285675], [0.06508591771125793, 0.023600835353136063, 0.9976005554199219]]], [-0.03644855499267578, 0.024073040008544922, 0.35885379028320313, 0.033575283001723105, -0.05140796097817413, 0.4663448572882224, [[0.8920376896858215, -0.45091181993484497, -0.030778978019952774], [0.44903045892715454, 0.8919386863708496, -0.05307547748088837], [0.05138532072305679, 0.03352462872862816, 0.9981160759925842]]], [-0.03983417129516602, 0.026637323379516603, 0.3712395935058594, 0.04542894618590962, -0.05122211880147587, 0.4305868469775668, [[0.9075291156768799, -0.41908642649650574, -0.027522550895810127], [0.41685670614242554, 0.9068129062652588, -0.06261696666479111], [0.05119972303509712, 0.045353759080171585, 0.9976580739021301]]], [-0.042319332122802734, 0.031403728485107425, 0.3792076416015625, 0.04469854072991672, -0.033979937263692195, 0.4192134948588401, [[0.9128820896148682, -0.4080222249031067, -0.01281249150633812], [0.40680721402168274, 0.9118791222572327, -0.05462926626205444], [0.03397339954972267, 0.044657863676548004, 0.9984245300292969]]], [-0.043738014221191404, 0.03567431640625, 0.3877456359863281, 0.04974972849459258, -0.019223523809581478, 0.43426159553503535, [[0.9070133566856384, -0.42108726501464844, 0.003506534267216921], [0.42066290974617004, 0.9056563377380371, -0.05319100618362427], [0.019222339615225792, 0.04972001910209656, 0.9985781908035278]]], [-0.04698495101928711, 0.042881397247314455, 0.3919090576171875, 0.0450411338132673, 0.015440296414253929, 0.40508709266261583, [[0.9189585447311401, -0.39306020736694336, 0.031920384615659714], [0.39405182003974915, 0.9184099435806274, -0.03530328348278999], [-0.015439682640135288, 0.045020539313554764, 0.9988667368888855]]], [-0.047810256958007814, 0.04686641311645508, 0.3940078125, 0.03710431636263667, 0.010057375425184034, 0.3658998584090425, [[0.9337549209594727, -0.35719507932662964, 0.022657474502921104], [0.357771635055542, 0.9332929253578186, -0.031044254079461098], [-0.010057205334305763, 0.03709392622113228, 0.999261200428009]]], [-0.04601221084594727, 0.05025040054321289, 0.3953065185546875, 0.06969835343837541, 0.017464614929556088, 0.3980320593270348, [[0.921684980392456, -0.38554278016090393, 0.04305298626422882], [0.3875458836555481, 0.9200588464736938, -0.05744512379169464], [-0.017463726922869682, 0.06963131576776505, 0.9974198937416077]]], [-0.046614059448242186, 0.057974075317382814, 0.3942544860839844, 0.04951904092051973, 0.037076498461297014, 0.39636314678667, [[0.9218372106552124, -0.3839001953601837, 0.05326205492019653], [0.38580068945884705, 0.9220487475395203, -0.03136806562542915], [-0.03706800565123558, 0.049464788287878036, 0.9980877637863159]]], [-0.04648312759399414, 0.05995101928710937, 0.39087667846679686, 0.07145993517701946, 0.03192295564987724, 0.3818169559985567, [[0.9275163412094116, -0.3695414662361145, 0.056147363036870956], [0.3724173605442047, 0.9264699220657349, -0.054395269602537155], [-0.03191753476858139, 0.07136275619268417, 0.9969396591186523]]], [-0.04244998550415039, 0.06066924285888672, 0.39041995239257815, 0.08268277276076075, 0.019658332642958465, 0.41608956396353286, [[0.9144997596740723, -0.40132102370262146, 0.051299650222063065], [0.4041086733341217, 0.912207841873169, -0.06762386113405228], [-0.019657066091895103, 0.08257263898849487, 0.9963911771774292]]], [-0.040110710144042966, 0.06359704208374023, 0.38897457885742187, 0.09075952868871767, 0.03584154759349811, 0.4057383518961023, [[0.918221116065979, -0.39008864760398865, 0.06856243312358856], [0.3944437801837921, 0.9163114428520203, -0.069191113114357], [-0.035833872854709625, 0.09057676792144775, 0.995244562625885]]], [-0.04000383758544922, 0.06700418090820312, 0.38754046630859373, 0.04796995823266342, 0.022096922353271653, 0.37713021582668443, [[0.9294983148574829, -0.3668452203273773, 0.038177113980054855], [0.36816397309303284, 0.9290459156036377, -0.03645452484488487], [-0.022095123305916786, 0.047939855605363846, 0.9986057877540588]]], [-0.0354182014465332, 0.06865923309326172, 0.38746066284179687, 0.05686529933370074, 0.0232296303785815, 0.4227200245771945, [[0.9117304086685181, -0.4083755314350128, 0.044464726001024246], [0.41013187170028687, 0.9110438823699951, -0.04231834411621094], [-0.023227540776133537, 0.05681932345032692, 0.9981142282485962]]], [-0.034967185974121094, 0.073329833984375, 0.387869873046875, 0.0681577708291711, 0.010180949691834806, 0.3904959137599925, [[0.9246724843978882, -0.3791220784187317, 0.035316482186317444], [0.380627304315567, 0.9228372573852539, -0.059111811220645905], [-0.010180773213505745, 0.06810148060321808, 0.9976264238357544]]], [-0.03507672119140625, 0.07264555358886719, 0.38875503540039064, 0.02070352375113868, -0.010908975490864448, 0.3451681709342097, [[0.940962553024292, -0.3384949266910553, -0.003258505603298545], [0.3383347988128662, 0.9407404661178589, -0.02317124977707863], [0.010908759199082851, 0.020700812339782715, 0.9997261762619019]]], [-0.03112217903137207, 0.0723548583984375, 0.389778076171875, 0.058073838533015565, -0.024792857576821703, 0.3747413817513028, [[0.9303163290023804, -0.36675381660461426, -0.001786107080988586], [0.3659193813800812, 0.9285068511962891, -0.06307202577590942], [0.024790316820144653, 0.0580233633518219, 0.9980073571205139]]], [-0.03223647689819336, 0.07425302886962891, 0.39242578125, 0.07524674715090063, -0.01561237006712446, 0.34292899249363146, [[0.9416590929031372, -0.3364008069038391, 0.010616501793265343], [0.33620598912239075, 0.9387142658233643, -0.0760331079363823], [0.015611736103892326, 0.07516659796237946, 0.9970487952232361]]], [-0.03586299133300781, 0.07096502685546875, 0.3950439453125, 0.07762224495683888, -0.04499869485430796, 0.2978313714402678, [[0.9550074338912964, -0.29589879512786865, -0.02011842466890812], [0.2931506931781769, 0.9520729780197144, -0.08729100227355957], [0.04498350992798805, 0.07746582478284836, 0.9959796667098999]]], [-0.03442855072021484, 0.06705321502685548, 0.39742791748046874, 0.07900793615214088, -0.049815745246511556, 0.3590971672945886, [[0.9350530505180359, -0.35401228070259094, -0.018736694008111954], [0.35099315643310547, 0.9319127798080444, -0.09133631736040115], [0.04979514330625534, 0.07882785052061081, 0.9956437945365906]]], [-0.03750580978393555, 0.06272922134399414, 0.40062091064453126, 0.1214541969138932, -0.049061136081382406, 0.33290138599863817, [[0.943960964679718, -0.32999467849731445, -0.0064154756255447865], [0.3263932764530182, 0.9361944794654846, -0.13041217625141144], [0.04904145747423172, 0.12101003527641296, 0.9914391040802002]]], [-0.04345988845825195, 0.05670079803466797, 0.40131613159179685, 0.09829828074653939, -0.061131326742869696, 0.29205151840237964, [[0.9558663964271545, -0.29226940870285034, -0.02996760793030262], [0.287379652261734, 0.9513059854507446, -0.11148924380540848], [0.06109325960278511, 0.09795673191547394, 0.9933136701583862]]], [-0.04442404174804687, 0.049208217620849606, 0.40290814208984377, 0.06703304840126606, -0.05833336348573548, 0.37673572987092835, [[0.9282888174057007, -0.37069210410118103, -0.029447833076119423], [0.3672613501548767, 0.9263454675674438, -0.08368513733148575], [0.058300286531448364, 0.06686892360448837, 0.9960570335388184]]], [-0.04830880355834961, 0.04600502395629883, 0.40390457153320314, 0.09898644180796189, -0.03226488743964229, 0.3105153283786425, [[0.9516806602478027, -0.3070892095565796, -0.00037029117811471224], [0.305390328168869, 0.9465410709381104, -0.10390724986791611], [0.03225928917527199, 0.09877343475818634, 0.9945869445800781]]], [-0.05446805953979492, 0.03808171081542969, 0.4043806762695312, 0.05719808367858249, -0.04016029465151494, 0.29318631042206156, [[0.956555962562561, -0.29072868824005127, -0.021851912140846252], [0.28877100348472595, 0.9550989866256714, -0.06631185859441757], [0.0401495024561882, 0.057120807468891144, 0.997559666633606]]], [-0.05782379913330078, 0.029936620712280274, 0.40514971923828125, 0.04288119169498397, -0.019281595382810934, 0.341887491042803, [[0.941948413848877, -0.3357364237308502, -0.003775624558329582], [0.335203617811203, 0.9409803748130798, -0.04684511944651604], [0.01928040012717247, 0.042860083281993866, 0.9988950490951538]]], [-0.060821269989013674, 0.027160898208618164, 0.4065113220214844, 0.06972442283355032, -0.0009377087080142399, 0.3237773413641166, [[0.9480400085449219, -0.3174388110637665, 0.021278023719787598], [0.31814974546432495, 0.945716142654419, -0.06634563207626343], [0.0009377092937938869, 0.06966791301965714, 0.9975697994232178]]], [-0.0668524627685547, 0.018816036224365236, 0.40752386474609376, 0.03286886352432383, -0.0017634926274863183, 0.297566911452719, [[0.956051230430603, -0.29309195280075073, 0.00795016810297966], [0.2931944727897644, 0.9555193185806274, -0.03193547576665878], [0.0017634915420785546, 0.03286289423704147, 0.9994583129882812]]], [-0.06957845306396485, 0.01421193027496338, 0.40851516723632814, 0.061593225023995724, 0.008860668297859364, 0.3249608320584427, [[0.9476260542869568, -0.3181493878364563, 0.028033437207341194], [0.3192591369152069, 0.9460403323173523, -0.05550917610526085], [-0.008860552683472633, 0.06155187264084816, 0.9980645775794983]]], [-0.07248613739013672, 0.009709138870239258, 0.4096222839355469, 0.06153183052086539, 0.01199518086792506, 0.32119683601154936, [[0.9487900137901306, -0.31440508365631104, 0.030773406848311424], [0.3156796991825104, 0.9472954273223877, -0.05456849932670593], [-0.011994892731308937, 0.06148858740925789, 0.998035728931427]]], [-0.07683039855957031, -0.00018606853485107422, 0.4092025451660156, 0.05424196922810948, 0.014998612622611374, 0.2743072451170143, [[0.9625048041343689, -0.2696990370750427, 0.029101954773068428], [0.27084967494010925, 0.9614176154136658, -0.048131730407476425], [-0.014998050406575203, 0.05420927703380585, 0.9984169602394104]]], [-0.07897792053222656, -0.0055709371566772465, 0.40931387329101565, 0.06802041113822291, 0.015207758992545672, 0.32492894973415787, [[0.9475638270378113, -0.31752368807792664, 0.03607629984617233], [0.31920453906059265, 0.9458118677139282, -0.059567902237176895], [-0.015207173302769661, 0.06796011328697205, 0.997572124004364]]], [-0.08113990020751953, -0.008090168952941894, 0.4097492370605469, 0.052169070791036595, 0.021429948730196546, 0.30109059998401405, [[0.9547943472862244, -0.29509133100509644, 0.03590082749724388], [0.2964938282966614, 0.9540457129478455, -0.0434534028172493], [-0.021428309381008148, 0.05213343724608421, 0.9984102249145508]]], [-0.08376116943359375, -0.016232181549072265, 0.40986679077148436, 0.0545922840912053, 0.03299514624818878, 0.28816867872194574, [[0.9582440853118896, -0.28204765915870667, 0.04708901420235634], [0.28404220938682556, 0.9578491449356079, -0.04295377805829048], [-0.03298915922641754, 0.05453547090291977, 0.9979667067527771]]], [-0.08556851959228516, -0.022212705612182616, 0.4103863220214844, 0.032237164538038515, 0.018665688999604635, 0.29596413470118177, [[0.9563547372817993, -0.290935218334198, 0.027244551107287407], [0.2916114032268524, 0.9561998844146729, -0.02538926526904106], [-0.018664605915546417, 0.032225966453552246, 0.999306321144104]]], [-0.08610478973388672, -0.02261285591125488, 0.4111584167480469, 0.04382258599265912, 0.033132840013103015, 0.2775448342401349, [[0.9612032175064087, -0.27233651280403137, 0.043831802904605865], [0.2738448977470398, 0.9612053632736206, -0.033064186573028564], [-0.03312677890062332, 0.04378451779484749, 0.998491644859314]]], [-0.08618101501464843, -0.0306503963470459, 0.41226983642578124, 0.04351046029997453, 0.036451465971993446, 0.27824650084591895, [[0.960899829864502, -0.27288585901260376, 0.046955812722444534], [0.27448755502700806, 0.9610639214515686, -0.031823351979255676], [-0.03644339367747307, 0.04346783831715584, 0.9983898997306824]]], [-0.0870337142944336, -0.034913848876953125, 0.41302047729492186, 0.051527031158006664, 0.0317282526970768, 0.26662944207436723, [[0.9641789197921753, -0.26155564188957214, 0.04413177818059921], [0.26334887742996216, 0.9638146162033081, -0.041336990892887115], [-0.03172292932868004, 0.051478311419487, 0.9981701374053955]]], [-0.08646331787109375, -0.03567334747314453, 0.41490277099609374, 0.053781150276721965, 0.03383120642378845, 0.27422325630759287, [[0.9620850086212158, -0.2686574459075928, 0.04707071930170059], [0.27064433693885803, 0.9617363810539246, -0.04260023310780525], [-0.033824753016233444, 0.053724467754364014, 0.9979827404022217]]], [-0.08515567779541015, -0.04201301193237305, 0.4158033447265625, 0.04371464134100067, 0.03304597932057174, 0.2784918515858127, [[0.9609462022781372, -0.27325505018234253, 0.04375021159648895], [0.2747558355331421, 0.9609495401382446, -0.03294277563691139], [-0.033039964735507965, 0.04367686063051224, 0.9984992146492004]]], [-0.08467060089111328, -0.04481055450439453, 0.417635498046875, 0.0812538905687788, 0.034033020565064076, 0.27632381410078855, [[0.9615077972412109, -0.26926368474960327, 0.05477101355791092], [0.27266278862953186, 0.9596441984176636, -0.06883303076028824], [-0.03402645140886307, 0.08111751079559326, 0.9961235523223877]]], [-0.08328517150878906, -0.04676256561279297, 0.42043353271484374, 0.059788236131870315, 0.038827772273971606, 0.2587488426348028, [[0.9659822583198547, -0.25317180156707764, 0.05274772644042969], [0.2556783854961395, 0.9655770659446716, -0.04784884303808212], [-0.03881801664829254, 0.05970758572220802, 0.9974608421325684]]], [-0.0808609390258789, -0.05261786270141602, 0.4226422424316406, 0.04612298812371493, 0.03890999469944734, 0.2534270973965207, [[0.9673261046409607, -0.24872015416622162, 0.049177609384059906], [0.2505332827568054, 0.9674790501594543, -0.03489113971590996], [-0.03890017792582512, 0.04607173800468445, 0.9981804490089417]]], [-0.07793177795410157, -0.05538752746582031, 0.4256916198730469, 0.06206086572174127, 0.048335752778765784, 0.2480793045303494, [[0.9682536125183105, -0.24216488003730774, 0.06197638064622879], [0.2452557384967804, 0.9682554006576538, -0.048281289637088776], [-0.04831693321466446, 0.06194859743118286, 0.9969091415405273]]], [-0.07621430206298828, -0.06086150741577148, 0.42982733154296876, 0.10192079963457933, 0.04133977120767196, 0.24563175686191613, [[0.9691551923751831, -0.2378285825252533, 0.06462056934833527], [0.24296140670776367, 0.9659727215766907, -0.08869291841983795], [-0.04132799804210663, 0.10165750980377197, 0.9939606189727783]]], [-0.07443954467773438, -0.0634948959350586, 0.43239080810546876, 0.05351143601604395, 0.02766567074598436, 0.2411633912921613, [[0.9706891775131226, -0.23705393075942993, 0.039597343653440475], [0.23874111473560333, 0.9700241684913635, -0.045340899378061295], [-0.027662141248583794, 0.05346543341875076, 0.998186469078064]]], [-0.07053706359863281, -0.06744757843017578, 0.4346046142578125, 0.07822249755917256, 0.03404756074149651, 0.24656125411907315, [[0.9691954255104065, -0.2407447248697281, 0.051982905715703964], [0.2439292073249817, 0.9674413204193115, -0.06749651581048965], [-0.03404098376631737, 0.07809746265411377, 0.996364414691925]]], [-0.06752272033691406, -0.06983499908447266, 0.43813995361328123, 0.106930989859644, 0.04196311384676954, 0.26239544358692185, [[0.9649211764335632, -0.25358912348747253, 0.0679679811000824], [0.2591663897037506, 0.9614166021347046, -0.09225453436374664], [-0.04195079952478409, 0.10663337260484695, 0.9934130311012268]]], [-0.06499020385742188, -0.07541189575195313, 0.44119662475585936, 0.04697894033829668, 0.023899232197202025, 0.21775237821463755, [[0.9761066436767578, -0.21470153331756592, 0.033452291041612625], [0.21597392857074738, 0.975550651550293, -0.040695786476135254], [-0.02389695681631565, 0.04694825038313866, 0.9986114501953125]]], [-0.060594673156738284, -0.08338918304443359, 0.44475384521484373, 0.06589316073950455, 0.007017639000793885, 0.24266527428721976, [[0.9706770777702332, -0.23932065069675446, 0.02261924557387829], [0.2402847409248352, 0.968705415725708, -0.06223367899656296], [-0.007017581257969141, 0.065843865275383, 0.9978052377700806]]], [-0.057846790313720704, -0.08304035186767578, 0.4469132995605469, 0.08483929959922426, 0.020697952406983466, 0.25125154648547215, [[0.9683945775032043, -0.2460235059261322, 0.041041694581508636], [0.24856315553188324, 0.9655542969703674, -0.07694999873638153], [-0.020696474239230156, 0.08471941202878952, 0.9961898922920227]]], [-0.054565093994140626, -0.0879593734741211, 0.45048431396484373, 0.05494097565614818, 0.02382258880166077, 0.22746455120135411, [[0.9739648699760437, -0.22389349341392517, 0.035555142909288406], [0.22544412314891815, 0.9730662703514099, -0.048135269433259964], [-0.023820335045456886, 0.05489775910973549, 0.9982078075408936]]], [-0.05142707443237305, -0.09622896575927735, 0.45173284912109374, 0.07647522667268228, 0.024373331108330287, 0.23568056930034612, [[0.9720668196678162, -0.23101182281970978, 0.04146786779165268], [0.23343543708324432, 0.969948410987854, -0.06861456483602524], [-0.024370918050408363, 0.07637801021337509, 0.996781051158905]]], [-0.04821224594116211, -0.09869277954101563, 0.453317138671875, 0.0925717765843201, 0.02626499864585674, 0.2427831454492338, [[0.9703378677368164, -0.23701928555965424, 0.04760558903217316], [0.24032215774059296, 0.9671001434326172, -0.08344212919473648], [-0.026261979714035988, 0.09240773320198059, 0.995374858379364]]], [-0.0453188362121582, -0.10131439208984375, 0.4555079345703125, 0.04562196659104058, 0.03134800891859646, 0.23620762998211975, [[0.971754789352417, -0.23238402605056763, 0.0411134772002697], [0.23390227556228638, 0.9715553522109985, -0.037012629210948944], [-0.031342875212430954, 0.04558373615145683, 0.9984686970710754]]], [-0.04273423004150391, -0.10679850769042969, 0.4554908752441406, 0.07089118470754635, 0.02840982241651213, 0.2478817485836738, [[0.9690431356430054, -0.24278420209884644, 0.044847242534160614], [0.24525199830532074, 0.9674929976463318, -0.061714861541986465], [-0.02840600162744522, 0.07080323994159698, 0.9970857501029968]]], [-0.03982705688476563, -0.10919310760498047, 0.45672613525390626, 0.06348755866957356, 0.040966056886512, 0.229149350317138, [[0.973042905330658, -0.22416111826896667, 0.05421515554189682], [0.22695861756801605, 0.9724881649017334, -0.052502404898405075], [-0.0409545972943306, 0.06339168548583984, 0.9971480369567871]]], [-0.0363062629699707, -0.11590472412109375, 0.45681427001953123, 0.04576546929033977, 0.027545053906780526, 0.2556181078832054, [[0.9671401977539062, -0.2513596713542938, 0.03818622976541519], [0.2527475655078888, 0.9668127298355103, -0.03730655089020729], [-0.027541570365428925, 0.04573214054107666, 0.9985740184783936]]], [-0.03306668472290039, -0.11904287719726563, 0.4564639587402344, 0.08801940506605346, 0.0332003545208337, 0.24914181359611728, [[0.9685903191566467, -0.24278995394706726, 0.05371996760368347], [0.2464364767074585, 0.9660921692848206, -0.07703854888677597], [-0.03319425508379936, 0.08785735070705414, 0.9955798387527466]]], [-0.028985559463500978, -0.12330485534667969, 0.45687472534179685, 0.0949599968249391, 0.031846650167695945, 0.2610757691157441, [[0.9656229615211487, -0.25404030084609985, 0.05509791895747185], [0.25798913836479187, 0.9625394940376282, -0.08342241495847702], [-0.03184126690030098, 0.09476926922798157, 0.9949899315834045]]], [-0.026066755294799803, -0.1283262939453125, 0.45679263305664064, 0.044828119361103994, 0.03008871375955091, 0.25725620857698206, [[0.9666540026664734, -0.2528686225414276, 0.040466636419296265], [0.2543128430843353, 0.9664631485939026, -0.03569181635975838], [-0.030084174126386642, 0.04479282349348068, 0.9985432028770447]]], [-0.02259893035888672, -0.13093988037109375, 0.4568946838378906, 0.08386924166334245, 0.02588425884739487, 0.2595817825193458, [[0.9661736488342285, -0.25367867946624756, 0.0464283749461174], [0.2565903961658478, 0.9636567234992981, -0.07434462010860443], [-0.025881368666887283, 0.0837428942322731, 0.9961512088775635]]], [-0.018930059432983398, -0.13668215942382814, 0.45716534423828126, 0.09147329835840191, 0.02592857424179451, 0.24091964674746402, [[0.9707925319671631, -0.2352984994649887, 0.04686637222766876], [0.23851561546325684, 0.9676240086555481, -0.08254773169755936], [-0.025925669819116592, 0.09131508320569992, 0.9954845309257507]]], [-0.017192880630493165, -0.1410029754638672, 0.4572567138671875, 0.04122604265367032, 0.016374384775413198, 0.2551968332786645, [[0.9674839377403259, -0.25156840682029724, 0.026233892887830734], [0.25240203738212585, 0.9669618010520935, -0.03574979677796364], [-0.0163736529648304, 0.041208840906620026, 0.9990164041519165]]], [-0.014023064613342285, -0.144976318359375, 0.4576619262695312, 0.07268432411553519, 0.011164688184347904, 0.2536757080287544, [[0.9679361581802368, -0.24951627850532532, 0.02900369092822075], [0.25094807147979736, 0.965644121170044, -0.06750176101922989], [-0.011164456605911255, 0.07261581718921661, 0.9972975254058838]]], [-0.011549493789672852, -0.15125192260742187, 0.4589714050292969, 0.092400829774894, 0.003483130647158328, 0.24205950052747438, [[0.9708404541015625, -0.23836801946163177, 0.025484366342425346], [0.23970113694667816, 0.9667818546295166, -0.08874806016683578], [-0.0034831238444894552, 0.09226883947849274, 0.9957280158996582]]], [-0.010328445434570312, -0.15609761047363283, 0.46042388916015625, 0.041700493872489114, -0.0015341554130161583, 0.2466879712519461, [[0.9697253704071045, -0.2440432757139206, 0.00869362335652113], [0.24419325590133667, 0.9688678979873657, -0.040800660848617554], [0.0015341551043093204, 0.04168836027383804, 0.9991294741630554]]], [-0.008580236434936524, -0.1611448974609375, 0.46147357177734377, 0.05926934634775108, -0.00632464348471129, 0.23191501131805967, [[0.9732085466384888, -0.2298027127981186, 0.007470121141523123], [0.2298370897769928, 0.9714330434799194, -0.05909992754459381], [0.006324601359665394, 0.059233468025922775, 0.998224139213562]]], [-0.007654541492462158, -0.16489276123046875, 0.46411328125, 0.06973117347793166, -0.0022968019548701424, 0.2390543517681462, [[0.9715597629547119, -0.23636400699615479, 0.014271785505115986], [0.23678335547447205, 0.9691632986068726, -0.06823581457138062], [0.0022967997938394547, 0.06967449188232422, 0.9975671172142029]]], [-0.007077703475952149, -0.17142863464355468, 0.4671050720214844, 0.048428179335639976, -0.0026482861768593047, 0.22207880236643424, [[0.9754382371902466, -0.22012466192245483, 0.008082300424575806], [0.22025707364082336, 0.9742698073387146, -0.04780302196741104], [0.002648283028975129, 0.04840908199548721, 0.9988240599632263]]], [-0.006499228477478028, -0.18079676818847656, 0.46921917724609374, 0.045621378526866596, -0.012495420114168043, 0.20717015397293126, [[0.9785404801368713, -0.20603503286838531, -0.0028345182072371244], [0.20567533373832703, 0.977481484413147, -0.04719782620668411], [0.012495094910264015, 0.045601993799209595, 0.9988815188407898]]], [-0.0059330744743347165, -0.18090760803222655, 0.47102157592773436, 0.0531521408042112, -0.004979018842925509, 0.22455544399080662, [[0.974881112575531, -0.22261640429496765, 0.006982837803661823], [0.22267022728919983, 0.9734575152397156, -0.05290038883686066], [0.004978998564183712, 0.05312645807862282, 0.9985753893852234]]], [-0.006216367244720459, -0.18590797424316408, 0.4740960693359375, 0.030259882839829888, -0.0023774477740672317, 0.2409979675025954, [[0.9710975289344788, -0.2386324554681778, 0.004913399461656809], [0.2386711984872818, 0.9706385135650635, -0.02994806505739689], [0.0023774453438818455, 0.030255179852247238, 0.9995393753051758]]], [-0.006673882007598877, -0.192664794921875, 0.47577685546875, 0.038994311911282026, 0.007502789630716711, 0.22812212317142957, [[0.974065363407135, -0.22569186985492706, 0.01611906662583351], [0.22614233195781708, 0.9734184741973877, -0.03627901151776314], [-0.007502719759941101, 0.038983333855867386, 0.9992116689682007]]], [-0.006919051170349121, -0.19394338989257812, 0.4778791198730469, 0.039188319644289815, -0.0021822845647019307, 0.20916883667257927, [[0.9782015085220337, -0.2075711339712143, 0.006002172827720642], [0.2076464295387268, 0.9774350523948669, -0.038777150213718414], [0.00218228274025023, 0.03917819634079933, 0.9992298483848572]]], [-0.007203725337982178, -0.19844979858398437, 0.4796021728515625, 0.02831524330401068, 0.009316764593342075, 0.22119673954120128, [[0.9755932688713074, -0.21905207633972168, 0.015297451987862587], [0.21938784420490265, 0.9753023982048035, -0.025578442960977554], [-0.009316629730165005, 0.028310231864452362, 0.999555766582489]]], [-0.007723886013031006, -0.20412167358398436, 0.4792713928222656, 0.03321574952115808, 0.011488761492584043, 0.19379807027242268, [[0.9812151193618774, -0.19210663437843323, 0.017662977799773216], [0.19257453083992004, 0.9808120727539062, -0.030376633629202843], [-0.011488508433103561, 0.033207450062036514, 0.9993824362754822]]], [-0.008468777656555175, -0.20730268859863282, 0.4794576416015625, 0.050979328401154184, 0.01615244517749792, 0.21414046869813555, [[0.977031946182251, -0.21142727136611938, 0.02659112587571144], [0.21247988939285278, 0.9760648012161255, -0.04636544734239578], [-0.01615174300968647, 0.05095060169696808, 0.9985705614089966]]], [-0.009251340866088868, -0.2072769470214844, 0.4791803588867187, 0.017210015723238187, 0.01340409141272847, 0.2109843185154042, [[0.9777374267578125, -0.20916593074798584, 0.016708511859178543], [0.20940367877483368, 0.9777287244796753, -0.01402093842625618], [-0.013403690420091152, 0.017207620665431023, 0.9997621178627014]]], [-0.008797242164611816, -0.21176947021484374, 0.47791943359375, 0.05969683792021328, 0.015214079971213046, 0.20575672808595347, [[0.9787933826446533, -0.20305553078651428, 0.02705535851418972], [0.20428434014320374, 0.9773483276367188, -0.05530022829771042], [-0.015213493257761002, 0.05965448170900345, 0.998103141784668]]], [-0.009157312393188477, -0.21443576049804688, 0.4778409423828125, 0.06737515760490291, 0.019956535529402908, 0.20739021157176452, [[0.9783767461776733, -0.20412488281726837, 0.03334580361843109], [0.205865740776062, 0.9766280055046082, -0.06178195774555206], [-0.019955210387706757, 0.06731078773736954, 0.9975324869155884]]], [-0.009521671295166016, -0.21589781188964843, 0.4782440795898438, 0.010730984018656325, 0.015942023377805592, 0.1929979126584494, [[0.9813089370727539, -0.19162307679653168, 0.017702659592032433], [0.19177763164043427, 0.9814099669456482, -0.007474140264093876], [-0.015941347926855087, 0.010729414410889149, 0.9998153448104858]]], [-0.007805511951446533, -0.220449462890625, 0.4772810363769531, 0.04687987442793534, 0.02751174428774772, 0.19396223680863853, [[0.9808769226074219, -0.19127163290977478, 0.035995498299598694], [0.1926753968000412, 0.9804186224937439, -0.040687598288059235], [-0.027508273720741272, 0.0468449704349041, 0.9985233545303345]]], [-0.0056857094764709475, -0.222627685546875, 0.47888427734375, 0.04863174224647413, 0.032338820595791073, 0.16674264079104215, [[0.9856150150299072, -0.16422483325004578, 0.03991532698273659], [0.16588427126407623, 0.9852256178855896, -0.0425783209502697], [-0.03233318403363228, 0.04858715832233429, 0.9982954859733582]]], [-0.005223095893859863, -0.22254759216308595, 0.4793372497558594, 0.01667106352617459, 0.028788057249703014, 0.18336027455233542, [[0.9828291535377502, -0.18183740973472595, 0.0313371978700161], [0.1822589933872223, 0.9831874370574951, -0.011143237352371216], [-0.02878408133983612, 0.016663383692502975, 0.9994467496871948]]], [-0.002836615562438965, -0.22523422241210939, 0.48045236206054687, 0.047189892384208745, 0.02993527371110205, 0.17416669140911062, [[0.9844300150871277, -0.17170403897762299, 0.03761955723166466], [0.17320986092090607, 0.9840195775032043, -0.04127786308526993], [-0.029930802062153816, 0.047151245176792145, 0.9984392523765564]]], [-0.00019562150537967682, -0.2244281768798828, 0.4826431579589844, 0.03611602649360153, 0.03203962524042425, 0.17832006216160867, [[0.9836379885673523, -0.1761225014925003, 0.03791036456823349], [0.17728549242019653, 0.9837064743041992, -0.02985721081495285], [-0.032034143805503845, 0.03608964383602142, 0.9988349676132202]]], [0.0035901811122894286, -0.22568278503417968, 0.4862115173339844, 0.0023920437026298674, 0.03467321411493973, 0.1488688591293929, [[0.9883450865745544, -0.1482371687889099, 0.03463752940297127], [0.1482304483652115, 0.9889489412307739, 0.002776087960228324], [-0.0346662662923336, 0.002390603767707944, 0.9993960857391357]]], [0.007639646530151367, -0.2267170715332031, 0.4885027770996094, 0.02286368674616411, 0.03570434927033905, 0.15998851833639044, [[0.9865999221801758, -0.15845957398414612, 0.03887369856238365], [0.1592053323984146, 0.9871010780334473, -0.01688447780907154], [-0.035696763545274734, 0.022847123444080353, 0.999101459980011]]], [0.012748249053955078, -0.2260528106689453, 0.49268170166015623, 0.07962958435716516, 0.0412722637132934, 0.1757501673311765, [[0.9837571978569031, -0.1710612177848816, 0.05440449342131615], [0.1746979057788849, 0.9820495843887329, -0.07112869620323181], [-0.04126054793596268, 0.0794777199625969, 0.9959823489189148]]], [0.01676445198059082, -0.22573231506347657, 0.49480084228515625, -0.0017765626169187893, 0.03472774246520394, 0.15850586341794892, [[0.9868688583374023, -0.15790364146232605, 0.03400503844022751], [0.1577478051185608, 0.9874529242515564, 0.007234711199998856], [-0.0347207635641098, -0.001775490352883935, 0.999395489692688]]], [0.023267871856689454, -0.22770782470703124, 0.49751190185546873, 0.023685901222719102, 0.031882545873124446, 0.17096562287544229, [[0.9849201440811157, -0.1693422943353653, 0.03543299436569214], [0.17004750669002533, 0.985273003578186, -0.017916535958647728], [-0.031877145171165466, 0.023671651259064674, 0.9992114305496216]]], [0.02659548759460449, -0.22631707763671874, 0.5000297546386718, 0.0644108977102664, 0.030518729883346918, 0.18169989559855573, [[0.9830799698829651, -0.17839528620243073, 0.041580550372600555], [0.18061760067939758, 0.9818533062934875, -0.05780426785349846], [-0.03051399253308773, 0.064336396753788, 0.9974616169929504]]], [0.02903531265258789, -0.22650462341308594, 0.5017193603515625, 0.006141835775447899, 0.021148242734086997, 0.16650696812246674, [[0.9859492182731628, -0.16560743749141693, 0.021871741861104965], [0.16570158302783966, 0.986172616481781, -0.002552100457251072], [-0.021146666258573532, 0.006140423938632011, 0.9997575283050537]]], [0.03396834945678711, -0.22678578186035156, 0.5043091430664063, 0.02261597971844795, 0.02071734405859793, 0.16483284748500313, [[0.9862341284751892, -0.16358336806297302, 0.024140531197190285], [0.16405223309993744, 0.9862704277038574, -0.018909193575382233], [-0.0207158625125885, 0.022609198465943336, 0.9995297193527222]]], [0.03701969909667969, -0.226277099609375, 0.5080659484863281, 0.06324795967817967, 0.019800158972381965, 0.17883480025630552, [[0.9838587641716003, -0.17629596590995789, 0.030687391757965088], [0.1778482049703598, 0.9823066592216492, -0.05868292972445488], [-0.019798865541815758, 0.0631934106349945, 0.9978048801422119]]], [0.03944406509399414, -0.22747116088867186, 0.512557861328125, 0.008934846356836335, 0.021145271960019363, 0.14030126595175618, [[0.989952564239502, -0.13964879512786865, 0.022184545174241066], [0.13981015980243683, 0.9901608228683472, -0.005890287458896637], [-0.021143697202205658, 0.008932730183005333, 0.9997365474700928]]], [0.04213023376464844, -0.2294434814453125, 0.5161802978515625, 0.04240500689453836, 0.0023278633067556065, 0.1638283695609546, [[0.9866074323654175, -0.16285252571105957, 0.009208662435412407], [0.16309605538845062, 0.9857392907142639, -0.04144534841179848], [-0.00232786126434803, 0.04239218309521675, 0.9990983605384827]]], [0.0438740234375, -0.23062542724609375, 0.521173095703125, 0.048700256098980085, -0.004273835938302328, 0.17801305604392959, [[0.9841884970664978, -0.17706920206546783, 0.0044188606552779675], [0.17707276344299316, 0.9829937219619751, -0.04866761341691017], [0.004273822996765375, 0.048680562525987625, 0.9988052845001221]]], [0.04432640838623047, -0.231204345703125, 0.5252652587890625, 0.03844439561058201, -0.00659687568036138, 0.18332301037504972, [[0.9832219481468201, -0.1824125051498413, 0.0005251120310276747], [0.18229393661022186, 0.9824706315994263, -0.03899258375167847], [0.006596827879548073, 0.038434091955423355, 0.9992393851280212]]], [0.04510924530029297, -0.2369686584472656, 0.5282191772460938, 0.03194809635000244, -0.01343923192871932, 0.15337460744358683, [[0.9881719350814819, -0.1531202644109726, -0.008394286036491394], [0.15276019275188446, 0.9876912832260132, -0.03361974656581879], [0.013438827358186245, 0.031939778476953506, 0.9993994235992432]]], [0.04568911361694336, -0.2355959930419922, 0.5299740600585937, 0.05395112558993703, -0.0024902504261452574, 0.1696931144673553, [[0.9856336116790771, -0.16876651346683502, 0.006655931938439608], [0.16887935996055603, 0.9841798543930054, -0.053570352494716644], [0.002490247832611203, 0.053924791514873505, 0.9985418915748596]]], [0.045044124603271486, -0.24042520141601562, 0.5315072021484375, 0.031086550243469624, -0.004318794557998773, 0.17235531536067172, [[0.9851743578910828, -0.1715526282787323, 0.0010778490686789155], [0.17150163650512695, 0.9846845269203186, -0.031361352652311325], [0.0043187811970710754, 0.03108125366270542, 0.9995075464248657]]], [0.0444683837890625, -0.24229112243652343, 0.5316519775390625, 0.0491699538847591, 0.003805731887959407, 0.15375289027746114, [[0.9881961345672607, -0.15277788043022156, 0.011283519677817822], [0.15314671397209167, 0.9870375990867615, -0.047988198697566986], [-0.0038057228084653616, 0.04914978891611099, 0.9987841844558716]]], [0.04379534912109375, -0.24154177856445314, 0.5318052368164062, 0.0034387987459070096, 0.0059973498511425305, 0.14562769285464022, [[0.9893972277641296, -0.14509224891662598, 0.006432812660932541], [0.14511089026927948, 0.9894121289253235, -0.0025321063585579395], [-0.005997313652187586, 0.003438730025663972, 0.9999760985374451]]], [0.04369407272338867, -0.24611712646484374, 0.5304813232421876, 0.001694936147163692, 0.009603129275993494, 0.16133912208210277, [[0.9869675636291504, -0.16062378883361816, 0.009750529192388058], [0.1606326699256897, 0.9870142340660095, -0.00013030179252382368], [-0.009602981619536877, 0.0016948571428656578, 0.9999524354934692]]], [0.0433070068359375, -0.24583387756347655, 0.5301793212890625, 0.03659018086938898, 0.026643808983051187, 0.16567336429973784, [[0.9859574437141418, -0.16384489834308624, 0.03229127079248428], [0.16485798358917236, 0.9858080744743347, -0.0316905751824379], [-0.02664065733551979, 0.036569032818078995, 0.9989759922027588]]], [0.04191955184936524, -0.24431069946289063, 0.52949462890625, -0.004457048185451382, 0.019278783687001866, 0.15443375953535632, [[0.9879151582717896, -0.153903990983963, 0.018362389877438545], [0.15379203855991364, 0.9880757331848145, 0.007369250524789095], [-0.01927758939564228, -0.004456205293536186, 0.9998042583465576]]], [0.043729831695556644, -0.24793624877929688, 0.5296895141601563, 0.014067324607495685, 0.03008090834395105, 0.15856430761573795, [[0.987008273601532, -0.1574672907590866, 0.03191729262471199], [0.15782925486564636, 0.9874240756034851, -0.00914178229868412], [-0.030076371505856514, 0.014060496352612972, 0.9994487166404724]]], [0.04396139144897461, -0.24729621887207032, 0.5311519775390625, 0.032319401539879625, 0.04586481279882704, 0.15735428014883202, [[0.9866067171096802, -0.15516065061092377, 0.05032239481806755], [0.15654093027114868, 0.98736172914505, -0.024733543395996094], [-0.04584873467683792, 0.03227979317307472, 0.9984267354011536]]], [0.04327131271362305, -0.24499423217773436, 0.5325498046875, 0.008432692332200328, 0.03789976340775292, 0.14362295261437724, [[0.988993227481842, -0.14280837774276733, 0.03870618715882301], [0.1430269181728363, 0.989714503288269, -0.002922679763287306], [-0.03789069131016731