{"amplitude": 0.0911258241866666, "frequency": 0.014954377577304622, "seed": 1762492315, "time_interval": 0.05, "pid_gains": {"pid_rate": {"roll_kp": "50.0", "roll_ki": "0.0", "roll_kd": "0.0", "pitch_kp": "50.0", "pitch_ki": "0.0", "pitch_kd": "0.0", "yaw_kp": "80.0", "yaw_ki": "0.0", "yaw_kd": "0.0"}, "pid_attitude": {"roll_kp": "8.0", "roll_ki": "0.0", "roll_kd": "0.20000000298023224", "pitch_kp": "8.0", "pitch_ki": "0.0", "pitch_kd": "1.0", "yaw_kp": "10.0", "yaw_ki": "0.0", "yaw_kd": "0.3499999940395355"}, "velCtlPid": {"vxKp": "15.0", "vxKi": "1.0", "vxKd": "0.0", "vyKp": "10.0", "vyKi": "1.0", "vyKd": "0.0", "vzKp": "12.5", "vzKi": "0.5", "vzKd": "0.0"}, "posCtlPid": {"xKp": "1.5", "xKi": "0.0", "xKd": "0.0", "yKp": "1.5", "yKi": "0.0", "yKd": "0.0", "zKp": "5.0", "zKi": "0.5", "zKd": "0.0"}}, "mocap_pose": [[0.04351682281494141, 0.018957500457763673, 0.25806182861328125, 0.016669422603651785, 0.057067051686218395, 0.6959680728424879, [[0.7661840915679932, -0.6403099894523621, 0.05445206165313721], [0.640084981918335, 0.7679362893104553, 0.02377030812203884], [-0.057036083191633224, 0.016641516238451004, 0.998233437538147]]], [0.04351068496704102, 0.018926908493041992, 0.2581063232421875, 0.017508447902493618, 0.057977418762066524, 0.696216484082973, [[0.7659849524497986, -0.6404426097869873, 0.0556807741522789], [0.6402417421340942, 0.767807126045227, 0.023722421377897263], [-0.05794494226574898, 0.017478136345744133, 0.9981667399406433]]], [0.043134506225585935, 0.018884475708007813, 0.25803207397460937, 0.015941525819334945, 0.0543055605932663, 0.691965681260867, [[0.7688581943511963, -0.6373046636581421, 0.05196014791727066], [0.6371113657951355, 0.7704474925994873, 0.022353993728756905], [-0.05427887290716171, 0.015917351469397545, 0.9983989596366882]]], [0.04324653625488281, 0.018415363311767578, 0.25817041015625, 0.022336775274282905, 0.0542468807041907, 0.8023075578875751, [[0.6940270662307739, -0.7179408073425293, 0.05373433232307434], [0.717904269695282, 0.6957467794418335, 0.02344871498644352], [-0.054220277816057205, 0.022302063181996346, 0.9982799291610718]]], [0.04301757431030274, 0.018646600723266602, 0.2581239318847656, 0.021370982008029282, 0.0547431016645572, 0.8773209762229064, [[0.6382561326026917, -0.7681061625480652, 0.05140073597431183], [0.7678771615028381, 0.6399669051170349, 0.028408825397491455], [-0.05471576377749443, 0.021337343379855156, 0.9982739686965942]]], [0.043444931030273436, 0.02210439109802246, 0.26133798217773435, 0.019978491259868558, 0.06524437437663111, 0.9183280307092363, [[0.6058577299118042, -0.7936382293701172, 0.05545070022344589], [0.7928969860076904, 0.608063280582428, 0.03966613486409187], [-0.06519809365272522, 0.019934657961130142, 0.9976732134819031]]], [0.03736832046508789, 0.02077367401123047, 0.2698060607910156, 0.03035777070086282, 0.013673807689748907, 0.7399515483781467, [[0.7384321689605713, -0.673634946346283, 0.03055880405008793], [0.6741890907287598, 0.738440752029419, -0.013200748711824417], [-0.013673380948603153, 0.030350269749760628, 0.9994457960128784]]], [0.03472384643554687, 0.023957208633422853, 0.29062188720703125, 0.034809110704467516, -0.04869038131982917, 0.5368303867628637, [[0.8583155870437622, -0.5125606060028076, -0.02400113269686699], [0.5108087062835693, 0.8579471707344055, -0.0547826774418354], [0.04867114499211311, 0.03476083651185036, 0.9982097744941711]]], [0.02726017951965332, 0.026219640731811523, 0.31599539184570313, 0.035892647987080584, -0.1255665482642354, 0.41286936622498205, [[0.908761739730835, -0.4050973057746887, -0.1002412736415863], [0.3980802297592163, 0.9135801196098328, -0.08308722078800201], [0.12523683905601501, 0.03560241311788559, 0.9914878606796265]]], [0.022381534576416017, 0.024967823028564453, 0.32944219970703126, 0.07682742997218939, -0.1765822351418913, 0.41030933083551707, [[0.9027380347251892, -0.4100799560546875, -0.12999431788921356], [0.39269015192985535, 0.9089143872261047, -0.14024651050567627], [0.1756659895181656, 0.0755583718419075, 0.9815459251403809]]], [0.015411003112792969, 0.02516436195373535, 0.34731231689453124, 0.055832940864145614, -0.1804028206253694, 0.3532151831203596, [[0.9230387210845947, -0.35477179288864136, -0.14878326654434204], [0.34030258655548096, 0.9333397746086121, -0.11432851850986481], [0.17942586541175842, 0.05489832162857056, 0.9822385311126709]]], [0.003279031038284302, 0.023055110931396484, 0.3589805603027344, 0.043444022434172475, -0.2199529725045224, 0.2843308027840771, [[0.9367246031761169, -0.2893458604812622, -0.19704309105873108], [0.2737569212913513, 0.956285834312439, -0.10283271223306656], [0.2181837260723114, 0.04238402098417282, 0.9749869108200073]]], [-0.011022093772888184, 0.020502368927001954, 0.3697975769042969, 0.017018396472151948, -0.20487522707699424, 0.31007016070981963, [[0.932395875453949, -0.30837830901145935, -0.1885225921869278], [0.29874417185783386, 0.9511178731918335, -0.07827330380678177], [0.20344500243663788, 0.01666167378425598, 0.9789445996284485]]], [-0.024258270263671874, 0.018652326583862306, 0.37667025756835937, 0.027260721673194294, -0.19225446260882095, 0.29827945729504124, [[0.9382330179214478, -0.2987450361251831, -0.17455708980560303], [0.28846168518066406, 0.9539578557014465, -0.08218447118997574], [0.19107230007648468, 0.026755155995488167, 0.981211245059967]]], [-0.044049129486083985, 0.017693613052368166, 0.3835135498046875, 0.02835587093744614, -0.1771969661576911, 0.27703127155873314, [[0.9468103051185608, -0.2781984806060791, -0.16172771155834198], [0.2692187428474426, 0.9601181149482727, -0.07546205818653107], [0.17627112567424774, 0.027908125892281532, 0.9839459657669067]]], [-0.05931447982788086, 0.0148213529586792, 0.3869944152832031, -0.0007366065571237923, -0.17256329471416088, 0.30084996471385317, [[0.9408999085426331, -0.29621121287345886, -0.164214089512825], [0.2919309437274933, 0.955122172832489, -0.050179097801446915], [0.1717081367969513, -0.0007256673998199403, 0.9851475954055786]]], [-0.07656572723388672, 0.013700429916381835, 0.392560546875, -0.005122832442795336, -0.1553159750419637, 0.25206441641893584, [[0.9567427039146423, -0.2486329823732376, -0.15107962489128113], [0.24640151858329773, 0.9685845375061035, -0.033619388937950134], [0.15469227731227875, -0.00506114587187767, 0.9879497289657593]]], [-0.09843820953369141, 0.014792015075683593, 0.3987247314453125, -0.02023488791731308, -0.12438436080419901, 0.21614770864695432, [[0.9691848754882812, -0.21197283267974854, -0.125491663813591], [0.2128116339445114, 0.9770693182945251, -0.006839663255959749], [0.1240638718008995, -0.020077187567949295, 0.9920710921287537]]], [-0.11392138671875, 0.017573345184326173, 0.40163946533203126, -0.036419166044941276, -0.12908851910664754, 0.28289637609865387, [[0.9522613286972046, -0.2744520604610443, -0.13369515538215637], [0.2768155336380005, 0.9609225988388062, -0.000945889507420361], [0.12873029708862305, -0.03610816225409508, 0.9910220503807068]]], [-0.13344442749023439, 0.02128042221069336, 0.4083548583984375, -0.04283909069560375, -0.06508708745116443, 0.23723744828892795, [[0.9699327945709229, -0.23209530115127563, -0.07322629541158676], [0.23452071845531464, 0.9717538356781006, 0.026354635134339333], [0.06504113972187042, -0.04273530840873718, 0.996967077255249]]], [-0.1513422393798828, 0.027448545455932616, 0.4116890869140625, -0.021523127368396747, -0.028014095816132345, 0.23349896597260422, [[0.9724810123443604, -0.23074288666248322, -0.032223694026470184], [0.23129215836524963, 0.9727768898010254, 0.01445779763162136], [0.028010431677103043, -0.021513020619750023, 0.999376118183136]]], [-0.17126214599609374, 0.03820097732543945, 0.41495834350585936, -0.008091414917286016, 0.03633743697755243, 0.27689173225956754, [[0.9612748026847839, -0.273640900850296, 0.03273259848356247], [0.27318665385246277, 0.9617979526519775, 0.01771407574415207], [-0.03632944077253342, -0.008085984736680984, 0.9993071556091309]]], [-0.1782919158935547, 0.04322085952758789, 0.41668569946289064, -0.009166918751054715, 0.05691507851465305, 0.2539040000704017, [[0.9663718342781067, -0.2516788840293884, 0.052755724638700485], [0.2507779598236084, 0.9677675366401672, 0.023160774260759354], [-0.05688435584306717, -0.009151947684586048, 0.9983388185501099]]], [-0.18729365539550782, 0.05368090057373047, 0.41687274169921873, 0.03374081487759098, 0.10123311170755067, 0.2648830793377347, [[0.9601819515228271, -0.25835710763931274, 0.10631165653467178], [0.2604561150074005, 0.965466320514679, -0.006115697789937258], [-0.10106029361486435, 0.03356170281767845, 0.9943140745162964]]], [-0.19521372985839844, 0.06831623077392578, 0.41535833740234374, 0.017207670375932613, 0.11495257826384941, 0.2610758122468182, [[0.959736704826355, -0.25617510080337524, 0.115237757563591], [0.25641652941703796, 0.9664792418479919, 0.012978147715330124], [-0.1146995797753334, 0.01709325984120369, 0.9932531714439392]]], [-0.19742849731445314, 0.08014470672607422, 0.41395388793945315, 0.027370238702746255, 0.1407317290995278, 0.2591057562634644, [[0.9570631384849548, -0.25240975618362427, 0.14254648983478546], [0.2536832094192505, 0.9672409892082214, 0.00947208795696497], [-0.14026764035224915, 0.027096262201666832, 0.9897427558898926]]], [-0.19629954528808594, 0.09163974761962891, 0.41111053466796876, 0.0513654667302567, 0.15919977318064182, 0.2580579445534569, [[0.9546605944633484, -0.2469969093799591, 0.1661795824766159], [0.2519761025905609, 0.9676893353462219, -0.009239241480827332], [-0.1585281491279602, 0.05069362372159958, 0.9860522150993347]]], [-0.1925248260498047, 0.10345941925048828, 0.4069153137207031, 0.05756679726887086, 0.17967944937696312, 0.25318523427356804, [[0.9525337219238281, -0.24011945724487305, 0.18714196979999542], [0.2464562952518463, 0.9690913558006287, -0.011008992791175842], [-0.17871418595314026, 0.05660875141620636, 0.9822711944580078]]], [-0.18658456420898437, 0.11938877868652344, 0.40418856811523435, 0.05739698671927547, 0.17083826003348523, 0.23605320013469, [[0.9581148624420166, -0.22399982810020447, 0.17843759059906006], [0.23046261072158813, 0.9729483127593994, -0.016080735251307487], [-0.17000846564769745, 0.056530386209487915, 0.983819842338562]]], [-0.17574954223632813, 0.12955462646484375, 0.40121145629882815, 0.08752133513838689, 0.17459538724084633, 0.2559481022828728, [[0.9527158737182617, -0.2375044822692871, 0.18953651189804077], [0.24931387603282928, 0.9675648212432861, -0.04075366258621216], [-0.1737096905708313, 0.08608074486255646, 0.9810275435447693]]], [-0.1676167449951172, 0.14159492492675782, 0.39825924682617186, 0.07097643345077613, 0.17557384363296102, 0.22575549560310615, [[0.9596418142318726, -0.21120621263980865, 0.18568649888038635], [0.22040149569511414, 0.9749441742897034, -0.030116477981209755], [-0.1746731847524643, 0.06982661038637161, 0.9821473956108093]]], [-0.15671630859375, 0.1539051513671875, 0.3978359069824219, 0.05177829006844184, 0.13981524268457446, 0.2281688315217523, [[0.9645769000053406, -0.21886537969112396, 0.14727304875850677], [0.2239869385957718, 0.9744082093238831, -0.01893356442451477], [-0.13936015963554382, 0.051250118762254715, 0.9889146685600281]]], [-0.14225222778320312, 0.16197096252441406, 0.39733352661132815, 0.09053031488971429, 0.10776105540148895, 0.2318069871653876, [[0.9676073789596558, -0.21933236718177795, 0.1250169575214386], [0.2284039407968521, 0.9715011715888977, -0.06338100135326385], [-0.10755261778831482, 0.08988229185342789, 0.9901280999183655]]], [-0.1261056137084961, 0.17715731811523439, 0.39824749755859373, 0.09093913153079435, 0.08719990741699601, 0.24328291404238883, [[0.9668647646903992, -0.23221874237060547, 0.10605175793170929], [0.23997490108013153, 0.9684471487998962, -0.06724728643894196], [-0.08708944171667099, 0.09046879410743713, 0.9920840859413147]]], [-0.11626776885986329, 0.1842835235595703, 0.400179931640625, 0.05207831253249799, 0.05176619586168352, 0.23391552697612705, [[0.9714632034301758, -0.22885380685329437, 0.062331363558769226], [0.23147769272327423, 0.9720717668533325, -0.0386599563062191], [-0.05174307897686958, 0.05198504403233528, 0.9973064661026001]]], [-0.09908869171142579, 0.19560934448242187, 0.405317138671875, 0.054689103760631255, 0.02122971775250071, 0.204468474064396, [[0.9789484143257141, -0.20160697400569916, 0.031853754073381424], [0.2030009776353836, 0.9779407382011414, -0.04921933263540268], [-0.0212281234562397, 0.05464952811598778, 0.9982799291610718]]], [-0.08953844451904297, 0.20105876159667968, 0.4090841674804688, 0.049796436159426735, 0.001981823956045403, 0.21244415459834848, [[0.9775165915489197, -0.21049194037914276, 0.012430093251168728], [0.2108493149280548, 0.9763275384902954, -0.04823947325348854], [-0.0019818227738142014, 0.04977576062083244, 0.9987584352493286]]], [-0.08228593444824218, 0.20746665954589844, 0.4140191650390625, 0.06525144253567632, -0.03145753170846999, 0.192361944792645, [[0.981069803237915, -0.19278398156166077, -0.018340742215514183], [0.19108322262763977, 0.9790744781494141, -0.07000266015529633], [0.03145234286785126, 0.06517288833856583, 0.9973781704902649]]], [-0.07525135803222656, 0.2094021759033203, 0.4188602294921875, 0.06534666827411277, -0.03564651104077399, 0.21217544229879753, [[0.9769541025161743, -0.21241264045238495, -0.021014032885432243], [0.21045327186584473, 0.9749985337257385, -0.0713249072432518], [0.0356389619410038, 0.06525868922472, 0.9972317814826965]]], [-0.07028740692138671, 0.21240011596679687, 0.42462997436523436, 0.13026996145425748, -0.0657253772938502, 0.21680558378824946, [[0.9744809865951538, -0.22162039577960968, -0.035653721541166306], [0.21464663743972778, 0.9664795398712158, -0.140869140625], [0.06567806750535965, 0.12962134182453156, 0.9893860220909119]]], [-0.06828347015380859, 0.2133408203125, 0.4295197448730469, 0.1100989850607617, -0.060856802837862656, 0.21590639690115215, [[0.9749743938446045, -0.21946319937705994, -0.03550828620791435], [0.21383628249168396, 0.969436764717102, -0.12027622759342194], [0.060819245874881744, 0.10967328399419785, 0.99210524559021]]], [-0.06661823272705078, 0.20865838623046876, 0.43290512084960936, 0.12280498359251171, -0.06751011310863753, 0.20375275465218398, [[0.9770833253860474, -0.20891453325748444, -0.040779199451208115], [0.2018849402666092, 0.9702667593955994, -0.1335098147392273], [0.06745884567499161, 0.12221750617027283, 0.9902081489562988]]], [-0.06491675567626953, 0.20530400085449219, 0.4371657409667969, 0.14057971823706, -0.0489906132390765, 0.22561114623743295, [[0.9734881520271301, -0.22818301618099213, -0.015914620831608772], [0.22343365848064423, 0.9635075330734253, -0.14741307497024536], [0.0489710196852684, 0.1399490237236023, 0.9889469742774963]]], [-0.0666207275390625, 0.20148374938964844, 0.43937945556640623, 0.11867614376999666, -0.04407632908611547, 0.17637167747705093, [[0.9835306406021118, -0.179360494017601, -0.02229948341846466], [0.17528828978538513, 0.9766468405723572, -0.12423773109912872], [0.0440620593726635, 0.11828278005123138, 0.9920018911361694]]], [-0.06681950378417968, 0.1943253631591797, 0.4400945129394531, 0.14021276104423647, -0.03312152817982161, 0.1987058386603644, [[0.9797852039337158, -0.20000050961971283, -0.004557753913104534], [0.1972925364971161, 0.969788670539856, -0.1434767097234726], [0.03311547264456749, 0.13967713713645935, 0.9896432161331177]]], [-0.06707881927490235, 0.19058822631835937, 0.441267333984375, 0.12225367830016476, -0.008885049303027248, 0.1730078045195117, [[0.9850325584411621, -0.1719285249710083, 0.012306131422519684], [0.1721392273902893, 0.977532684803009, -0.1216469332575798], [0.008884932845830917, 0.12194456160068512, 0.9924971461296082]]], [-0.06774459838867188, 0.1837327880859375, 0.44109161376953127, 0.059301362751039276, 0.003330964306746731, 0.18233846107639448, [[0.9834169149398804, -0.1808168739080429, 0.014016781002283096], [0.18132875859737396, 0.9817294478416443, -0.05768116936087608], [-0.0033309583086520433, 0.059266284108161926, 0.9982366561889648]]], [-0.06659066009521485, 0.17750509643554688, 0.4397061157226563, 0.08055787627744025, 0.03887749748555169, 0.19391895768662648, [[0.9805151224136353, -0.1890118271112442, 0.05352269485592842], [0.19256025552749634, 0.9786770343780518, -0.07149673253297806], [-0.038867704570293427, 0.08040996640920639, 0.9960038065910339]]], [-0.06541117095947266, 0.1738341522216797, 0.4379681091308594, 0.06627284740589162, 0.06569288962622966, 0.17757893197586008, [[0.9821511507034302, -0.1719803363084793, 0.07616981863975525], [0.17626607418060303, 0.982881486415863, -0.05361225828528404], [-0.06564565002918243, 0.06608150154352188, 0.9956524968147278]]], [-0.06228567504882813, 0.16614720153808593, 0.4356454162597656, 0.03977451162165309, 0.08256764134064176, 0.18951383275956002, [[0.9787501692771912, -0.18501168489456177, 0.08842398226261139], [0.18773968517780304, 0.9819369912147522, -0.023527830839157104], [-0.08247385919094086, 0.03962855786085129, 0.995805025100708]]], [-0.05580214309692383, 0.15716307067871094, 0.4316851501464844, 0.0634724108838555, 0.10525049700444522, 0.19679000156944723, [[0.9752723574638367, -0.18859349191188812, 0.11522308737039566], [0.1944403350353241, 0.9800273180007935, -0.04170607402920723], [-0.1050562858581543, 0.06307879835367203, 0.9924637079238892]]], [-0.049076045989990234, 0.1526602783203125, 0.4300058288574219, 0.08682232444932476, 0.11838737440558877, 0.19590946277337074, [[0.9740053415298462, -0.18387958407402039, 0.13229480385780334], [0.1932961493730545, 0.9791700839996338, -0.06214981526136398], [-0.1181110218167305, 0.0861063301563263, 0.9892600774765015]]], [-0.04232666397094727, 0.1497423400878906, 0.4291375122070312, 0.06280641633584245, 0.12164931166170234, 0.20364117262034254, [[0.972099244594574, -0.19437871873378754, 0.13130110502243042], [0.20074203610420227, 0.9789460897445679, -0.036975275725126266], [-0.12134949117898941, 0.06230128929018974, 0.9906527400016785]]], [-0.0331096305847168, 0.14163105773925783, 0.42825424194335937, 0.06701065723488582, 0.1176912115435329, 0.21244239530984071, [[0.9707567691802979, -0.202689066529274, 0.12864086031913757], [0.20938944816589355, 0.9769827127456665, -0.04075302183628082], [-0.11741970479488373, 0.0664973109960556, 0.9908535480499268]]], [-0.02267124366760254, 0.1360659942626953, 0.43068417358398436, 0.10556235386035226, 0.12090463254131367, 0.22498400145297423, [[0.9676815867424011, -0.20946092903614044, 0.14042243361473083], [0.2214621901512146, 0.9722065329551697, -0.07595366984605789], [-0.12061028927564621, 0.10459722578525543, 0.9871740341186523]]], [-0.014855820655822754, 0.13251174926757814, 0.4323819885253906, 0.0652557684302097, 0.11215890791332961, 0.19605994269805954, [[0.9746788740158081, -0.18723298609256744, 0.12224919348955154], [0.19358226656913757, 0.9801759123802185, -0.04220309108495712], [-0.11192390322685242, 0.06479974091053009, 0.9916017651557922]]], [-0.0037875952720642088, 0.1242888641357422, 0.43548629760742186, 0.08014147219746814, 0.09473870574092613, 0.21824387252506794, [[0.9719011783599854, -0.20842716097831726, 0.1093900129199028], [0.21554455161094666, 0.9747853875160217, -0.05774073675274849], [-0.09459704905748367, 0.07969671487808228, 0.9923204183578491]]], [0.006054604053497314, 0.11859970855712891, 0.43966476440429686, 0.10265728371239471, 0.0772380201502123, 0.21062253114806254, [[0.9749854803085327, -0.2002355307340622, 0.09648355841636658], [0.20844539999961853, 0.974405825138092, -0.08416534960269928], [-0.07716124504804611, 0.10217154771089554, 0.9917696714401245]]], [0.014456933975219726, 0.11282859802246094, 0.444131591796875, 0.08032029292527969, 0.056892706412540406, 0.21401467466122742, [[0.9756050705909729, -0.20724178850650787, 0.07242610305547714], [0.21204105019569397, 0.9750046730041504, -0.06636582314968109], [-0.05686201900243759, 0.08010414242744446, 0.9951633214950562]]], [0.02433656692504883, 0.10127091979980468, 0.4481900634765625, 0.05688375578553524, 0.01589296405201579, 0.19579449469352245, [[0.9807695150375366, -0.19334498047828674, 0.02662396803498268], [0.19452133774757385, 0.9794826507568359, -0.052680034190416336], [-0.01589229516685009, 0.056845903396606445, 0.9982564449310303]]], [0.03044808769226074, 0.09476300811767578, 0.4512071228027344, 0.07876986031991609, 0.0081147815826077, 0.22367245800788835, [[0.9750573039054871, -0.22050167620182037, 0.0253420602530241], [0.22180478274822235, 0.9722075462341309, -0.07493390142917633], [-0.008114692755043507, 0.07868583500385284, 0.9968664646148682]]], [0.03493402481079102, 0.0879869155883789, 0.4530041198730469, 0.04633634297664109, -0.012857434714270255, 0.21966842031230494, [[0.9758890867233276, -0.21825335919857025, -0.0024412977509200573], [0.2178880125284195, 0.9747924208641052, -0.04800531640648842], [0.012857080437242985, 0.046315934509038925, 0.9988440871238708]]], [0.03831357955932617, 0.07665105438232422, 0.45273574829101565, 0.04653648321808823, -0.024947903002737748, 0.20034385414456618, [[0.9796932339668274, -0.19992810487747192, -0.01516218576580286], [0.19894438982009888, 0.9787063002586365, -0.05054811015725136], [0.024945314973592758, 0.04650521278381348, 0.9986065030097961]]], [0.03900931167602539, 0.07164075469970703, 0.45295599365234374, 0.06441769444079411, -0.03857316690262613, 0.20341349264207564, [[0.9786542057991028, -0.20402589440345764, -0.0246859360486269], [0.2018633484840393, 0.9768498539924622, -0.0708201676607132], [0.038563601672649384, 0.06432526558637619, 0.9971835613250732]]], [0.03834616470336914, 0.06235218048095703, 0.4529095458984375, 0.041171822281039896, -0.05293579191867548, 0.2181215654136765, [[0.9749380946159363, -0.21833892166614532, -0.042706698179244995], [0.21609295904636383, 0.9750069975852966, -0.05162497237324715], [0.052911072969436646, 0.041102536022663116, 0.9977529644966125]]], [0.03827106094360352, 0.05315310287475586, 0.4518262939453125, 0.060475951049930435, -0.050432877425166334, 0.1909198332164851, [[0.9805817604064941, -0.19240665435791016, -0.037935998290777206], [0.18952082097530365, 0.9794570207595825, -0.06888962537050247], [0.05041150003671646, 0.06036224961280823, 0.9969027638435364]]], [0.03541193771362305, 0.04504950332641602, 0.45168624877929686, 0.07190182520799189, -0.045088033387371995, 0.20823204948454432, [[0.9774035811424255, -0.2093643844127655, -0.02913365699350834], [0.20652036368846893, 0.9752005338668823, -0.0795818343758583], [0.045072756707668304, 0.07176687568426132, 0.9964025020599365]]], [0.031875110626220705, 0.03528772735595703, 0.45138909912109376, 0.025421726351352036, -0.04782711693941577, 0.19432456680265792, [[0.9800563454627991, -0.19423384964466095, -0.04198538139462471], [0.19288304448127747, 0.98062664270401, -0.03416965901851654], [0.04780888557434082, 0.02538992092013359, 0.9985337853431702]]], [0.02939571189880371, 0.024248376846313476, 0.45191717529296876, 0.038817956190682165, -0.022870391828701875, 0.20381495146566653, [[0.9790454506874084, -0.20312342047691345, -0.014523142017424107], [0.2023538500070572, 0.9783841967582703, -0.04263016954064369], [0.02286839857697487, 0.03879806026816368, 0.9989853501319885]]], [0.025490474700927735, 0.015484170913696289, 0.4535618591308594, 0.06305376095541133, -0.007405020749425617, 0.1931161374285436, [[0.9813840389251709, -0.1919945776462555, 0.004840276204049587], [0.19191277027130127, 0.9793711304664612, -0.06325897574424744], [0.007404952775686979, 0.06301026046276093, 0.9979854226112366]]], [0.02428349494934082, 0.0095535888671875, 0.45644766235351564, 0.049762373326385556, 0.03333802060222113, 0.20811844537967344, [[0.9778777360916138, -0.20474132895469666, 0.04284984618425369], [0.20650450885295868, 0.9775528311729431, -0.04179000109434128], [-0.033331844955682755, 0.04971420019865036, 0.998207151889801]]], [0.02367000389099121, 0.0018966310024261474, 0.4573542785644531, 0.04804619475571684, 0.027816884753165683, 0.21962810854016088, [[0.9756009578704834, -0.21631154417991638, 0.037577494978904724], [0.2177823930978775, 0.975143313407898, -0.040821418166160583], [-0.027813296765089035, 0.048009131103754044, 0.9984595775604248]]], [0.023013681411743165, -0.00556138277053833, 0.46017919921875, 0.05655422264781164, 0.04944321808624497, 0.18793387727086774, [[0.9811918139457703, -0.18378645181655884, 0.05903559550642967], [0.18660123646259308, 0.981343686580658, -0.04630989581346512], [-0.04942307621240616, 0.05645500496029854, 0.9971811175346375]]], [0.024169561386108398, -0.007868878364562988, 0.4618985290527344, 0.01562514171597844, 0.05938388964961683, 0.19348013875394648, [[0.9796112179756165, -0.19134178757667542, 0.06123869866132736], [0.19193632900714874, 0.9813995361328125, -0.003923018928617239], [-0.05934899300336838, 0.01559696439653635, 0.9981154203414917]]], [0.028477733612060546, -0.013669466018676758, 0.4624301452636719, 0.026397668695755758, 0.07393526471735079, 0.1974940312776579, [[0.9778825044631958, -0.1942325234413147, 0.07758574932813644], [0.19567663967609406, 0.9806022644042969, -0.011392753571271896], [-0.07386792451143265, 0.026322493329644203, 0.9969205856323242]]], [0.032999595642089846, -0.01697304153442383, 0.4640079650878906, 0.04036298264754466, 0.09150370629429472, 0.1904484423532785, [[0.9778115153312683, -0.18552452325820923, 0.09728946536779404], [0.1885073035955429, 0.9818176627159119, -0.022339103743433952], [-0.09137606620788574, 0.040183208882808685, 0.9950053691864014]]], [0.038144493103027345, -0.018681009292602538, 0.4653834228515625, 0.008923885925716468, 0.09878671521261007, 0.176456570903492, [[0.9796721339225769, -0.1746688336133957, 0.0986572727560997], [0.17468643188476562, 0.9845871925354004, 0.008527166210114956], [-0.09862612187862396, 0.008880260400474072, 0.9950849413871765]]], [0.048176563262939454, -0.025063852310180663, 0.4660859375, 0.02349128274248212, 0.11494996676663782, 0.19577284401667283, [[0.9744242429733276, -0.19182834029197693, 0.11704417318105698], [0.1932409107685089, 0.9811510443687439, -0.0007351864478550851], [-0.11469698697328568, 0.02333410643041134, 0.9931264519691467]]], [0.05667071533203125, -0.026340007781982422, 0.46707147216796874, 0.06658044938522781, 0.10848674784191092, 0.20001725582405414, [[0.9743014574050903, -0.19118602573871613, 0.11909915506839752], [0.19751818478107452, 0.9793229103088379, -0.04373994097113609], [-0.10827407240867615, 0.06614013761281967, 0.9919184446334839]]], [0.06694448852539063, -0.026944990158081054, 0.4692446899414062, 0.025506153537859066, 0.10330005041026413, 0.1629095967207105, [[0.981499433517456, -0.15954220294952393, 0.10585442185401917], [0.1613253802061081, 0.9868651032447815, -0.008446701802313328], [-0.10311643034219742, 0.025367436930537224, 0.9943457841873169]]], [0.07700150299072266, -0.03125444221496582, 0.47112728881835936, 0.03650907770910736, 0.09154480839739576, 0.1777544619008655, [[0.980121910572052, -0.1734178066253662, 0.09637069702148438], [0.17607946693897247, 0.9841773509979248, -0.019772261381149292], [-0.09141699969768524, 0.0363481268286705, 0.9951491355895996]]], [0.09123223876953125, -0.0335053825378418, 0.4767518615722656, 0.04169058723049132, 0.0812979115700796, 0.1536198363731333, [[0.9849597215652466, -0.14953859150409698, 0.08655980974435806], [0.15251094102859497, 0.9878828525543213, -0.028772277757525444], [-0.08120838552713394, 0.041540853679180145, 0.9958310723304749]]], [0.09828347778320312, -0.030916746139526368, 0.48087164306640623, -0.0026274302517258763, 0.07089255058545918, 0.14219199198126015, [[0.9874212741851807, -0.1418970674276352, 0.069745734333992], [0.14135736227035522, 0.9898779392242432, 0.012638881802558899], [-0.07083318382501602, -0.002620827639475465, 0.9974847435951233]]], [0.11031348419189453, -0.03556319046020508, 0.4870639343261719, 0.013794803862164084, 0.05283916257548671, 0.14384760975677358, [[0.9882904887199402, -0.1426173746585846, 0.05424157530069351], [0.14315196871757507, 0.9896820187568665, -0.006081537809222937], [-0.05281457677483559, 0.013775113970041275, 0.9985093474388123]]], [0.11861918640136719, -0.03626071929931641, 0.4919727783203125, 0.046179359346757654, 0.05251324893707876, 0.13785162664874934, [[0.9891480803489685, -0.13486887514591217, 0.05827925354242325], [0.13722601532936096, 0.9897904992103577, -0.03851989656686783], [-0.05248911678791046, 0.04609931260347366, 0.9975568652153015]]], [0.12492938232421875, -0.03626732635498047, 0.4962031555175781, 0.015042749311407456, 0.02876430511649697, 0.10992310565803173, [[0.9935533404350281, -0.10925944894552231, 0.030233677476644516], [0.10965649038553238, 0.9938995242118835, -0.011796689592301846], [-0.028760338202118874, 0.015035958960652351, 0.9994732141494751]]], [0.13188629150390624, -0.04077042007446289, 0.4997886657714844, 0.03332098329944846, 0.018931022051042135, 0.08887381223053634, [[0.99587482213974, -0.08807943761348724, 0.02180163376033306], [0.08874095976352692, 0.9955564141273499, -0.031504109501838684], [-0.018929891288280487, 0.03330884873867035, 0.9992658495903015]]], [0.13473832702636718, -0.03894018173217773, 0.50209765625, 0.01188864526122392, 0.00497622049762847, 0.11056667055329075, [[0.9938814043998718, -0.11027493327856064, 0.006257244851440191], [0.1103401631116867, 0.9938300251960754, -0.011266728863120079], [-0.0049761999398469925, 0.011888218112289906, 0.9999169707298279]]], [0.1399215850830078, -0.04337850570678711, 0.50521337890625, 0.005382025998869604, 0.0014522285178035776, 0.09771102511769361, [[0.9952290058135986, -0.09754642844200134, 0.001970324432477355], [0.09755551069974899, 0.995216429233551, -0.0052146571688354015], [-0.001452227937988937, 0.005381994415074587, 0.9999844431877136]]], [0.14358000183105468, -0.04483065414428711, 0.5075670776367187, 0.01432837215972449, -0.011920551313320704, 0.09314187945945179, [[0.9955946803092957, -0.09316776692867279, -0.010534784756600857], [0.09300065785646439, 0.995547354221344, -0.015374334529042244], [0.011920268647372723, 0.014326863922178745, 0.9998263120651245]]], [0.14680015563964843, -0.045321739196777344, 0.5082857055664063, 0.03091534758107033, -0.005998543192746508, 0.08778401905624743, [[0.9961315393447876, -0.08781412988901138, -0.0032625969033688307], [0.087669737637043, 0.995657205581665, -0.03131704777479172], [0.005998507142066956, 0.030909866094589233, 0.9995041489601135]]], [0.14765017700195313, -0.04516606140136719, 0.5080061340332032, -0.016315131615097806, -0.005794490833477273, 0.07792954732506527, [[0.9969483017921448, -0.07774608582258224, -0.0070461914874613285], [0.0778493881225586, 0.996839702129364, 0.015813851729035378], [0.00579445855692029, -0.016314134001731873, 0.9998501539230347]]], [0.14813618469238282, -0.04707977676391602, 0.5069562683105469, -0.0005377144266515907, 0.0035138667652589994, 0.07168174880481532, [[0.9974257946014404, -0.07162225246429443, 0.0034663239493966103], [0.07161993533372879, 0.9974316954612732, 0.0007879974436946213], [-0.003513859584927559, -0.0005377110792323947, 0.9999936819076538]]], [0.14926609802246094, -0.0445378646850586, 0.5067323608398437, 0.012448693198584201, 0.010842033274528262, 0.07808685421568343, [[0.9968941807746887, -0.07786692678928375, 0.01177901215851307], [0.0780029371380806, 0.9968860745429993, -0.011564760468900204], [-0.010841821320354939, 0.012447640299797058, 0.9998637437820435]]], [0.15029635620117188, -0.04343563461303711, 0.5070371704101563, -0.0430993489217193, 0.01964637795434876, 0.06606652294509074, [[0.9976258277893066, -0.06680174916982651, 0.016739580780267715], [0.06600572913885117, 0.9968358874320984, 0.04428774490952492], [-0.01964511349797249, -0.04307769238948822, 0.998878538608551]]], [0.15255441284179688, -0.042480663299560545, 0.5071171875, -0.022332201586210118, 0.04321753235771886, 0.06932364152846372, [[0.9966666102409363, -0.07021330296993256, 0.04154277965426445], [0.0692034512758255, 0.9972825050354004, 0.02526862919330597], [-0.04320408031344414, -0.022309495136141777, 0.9988171458244324]]], [0.1545447998046875, -0.03899422073364258, 0.5080386657714844, 0.008016583743429818, 0.06044352335276937, 0.07768933966473812, [[0.995163083076477, -0.0771259292960167, 0.06084475666284561], [0.07746948301792145, 0.9969892501831055, -0.003304229350760579], [-0.060406725853681564, 0.008001858368515968, 0.9981417655944824]]], [0.15645274353027344, -0.036923500061035154, 0.5089622497558594, -0.03373541410285395, 0.06423477593507276, 0.06372244499227678, [[0.9959122538566589, -0.06580378860235214, 0.06187603995203972], [0.0635479986667633, 0.9972646832466125, 0.037745848298072815], [-0.06419061124324799, -0.03365945443511009, 0.9973698258399963]]], [0.16276101684570313, -0.034271503448486326, 0.5108990478515625, 0.0027939357919240584, 0.0798010096763031, 0.07545474445671146, [[0.9939813017845154, -0.07516078650951385, 0.07969982177019119], [0.07514326274394989, 0.9971675276756287, 0.0032232641242444515], [-0.07971633970737457, 0.0027850407641381025, 0.9968137145042419]]], [0.16796771240234376, -0.029793943405151367, 0.51385595703125, 0.020203467217734486, 0.09131358269033463, 0.08290324537730363, [[0.9924136400222778, -0.08095557987689972, 0.09252791106700897], [0.08246331661939621, 0.9965146780014038, -0.012583229690790176], [-0.09118673950433731, 0.020117927342653275, 0.9956305623054504]]], [0.17360638427734376, -0.0256900577545166, 0.5173264770507813, -0.013570160105073628, 0.09271824093048076, 0.0716916039975242, [[0.9931470155715942, -0.07287674397230148, 0.09136711806058884], [0.07132253795862198, 0.99724942445755, 0.020166190341114998], [-0.09258545190095901, -0.013511458411812782, 0.9956130385398865]]], [0.17921633911132812, -0.02593407440185547, 0.51978857421875, 0.02134852376777555, 0.09299637683577888, 0.07653397232853794, [[0.9927642941474915, -0.07446533441543579, 0.09420162439346313], [0.07612889260053635, 0.996997058391571, -0.014185840263962746], [-0.09286238998174667, 0.021254660561680794, 0.9954520463943481]]], [0.19094000244140624, -0.019831781387329103, 0.5246710205078124, 0.025171677251698353, 0.09810608677273724, 0.09057865343234522, [[0.9911117553710938, -0.0879710242152214, 0.09979300945997238], [0.09001988917589188, 0.9958080649375916, -0.016208704560995102], [-0.09794878959655762, 0.025047993287444115, 0.9948762059211731]]], [0.19732119750976562, -0.014615863800048827, 0.527422607421875, -0.0008305435344676988, 0.10227938729259867, 0.05651394099813922, [[0.9931858777999878, -0.056568507105112076, 0.10189120471477509], [0.0561886802315712, 0.9983983635902405, 0.006596283055841923], [-0.1021011546254158, -0.000826203147880733, 0.9947736859321594]]], [0.2038656005859375, -0.013831795692443848, 0.52939599609375, -0.001639807590390483, 0.09608201998962906, 0.06354490485219438, [[0.9933786988258362, -0.06365905702114105, 0.09563636779785156], [0.06320925801992416, 0.9979703426361084, 0.007728520315140486], [-0.09593425691127777, -0.0016322435112670064, 0.9953863620758057]]], [0.21324114990234375, -0.00679010009765625, 0.5321080932617187, -0.010417296177172776, 0.09022730288152925, 0.07088010747993997, [[0.993431568145752, -0.07175320386886597, 0.08913605660200119], [0.07053269445896149, 0.9973684549331665, 0.01677190512418747], [-0.09010493010282516, -0.010374734178185463, 0.9958782196044922]]], [0.2207899169921875, -0.0003964484632015228, 0.53579443359375, -0.05193296607412982, 0.06720538738780735, 0.05076017900842177, [[0.9964574575424194, -0.054151467978954315, 0.06434407830238342], [0.05062384530901909, 0.9971886277198792, 0.055245496332645416], [-0.06715480983257294, -0.0517924427986145, 0.9963973760604858]]], [0.22938584899902345, 0.003109690427780151, 0.5379869995117188, -0.010596494905056479, 0.0541097919924487, 0.07959472527106703, [[0.9953750967979431, -0.08007751405239105, 0.053066618740558624], [0.07939434051513672, 0.9967324733734131, 0.01486271619796753], [-0.05408339202404022, -0.010580788366496563, 0.9984803795814514]]], [0.23691275024414063, 0.010152348518371582, 0.5410669555664063, 0.006154168605621936, 0.04424937397981776, 0.08017131693844426, [[0.9958122968673706, -0.07981259375810623, 0.04458487406373024], [0.08000706881284714, 0.9967909455299377, -0.002591854427009821], [-0.04423493519425392, 0.006148105952888727, 0.99900221824646]]], [0.24128636169433593, 0.012151893615722656, 0.5434264526367187, -0.01968068270923158, 0.034020438694133404, 0.07306940321201169, [[0.99675452709198, -0.07365784794092178, 0.03247985988855362], [0.07296215742826462, 0.9970896244049072, 0.022109581157565117], [-0.03401387855410576, -0.01966802589595318, 0.9992278218269348]]], [0.24686293029785156, 0.017514589309692383, 0.5467343139648437, 0.014019100505034562, 0.02422508171199933, 0.07485879147835363, [[0.9969068169593811, -0.07444293051958084, 0.025200938805937767], [0.07476694881916046, 0.9971268177032471, -0.012167968787252903], [-0.024222712963819504, 0.014014528132975101, 0.9996083378791809]]], [0.2519494323730469, 0.023008926391601563, 0.5488056030273437, -0.0017789987503485996, 0.012874789183475288, 0.07275882721872681, [[0.9972715973854065, -0.07271737605333328, 0.012711026705801487], [0.07268862426280975, 0.9973509907722473, 0.002710191998630762], [-0.012874433770775795, -0.001778850331902504, 0.9999155402183533]]], [0.25473216247558594, 0.02607872200012207, 0.5517543334960937, 0.005305307054902224, 0.016354604481819912, 0.058728445770820085, [[0.9981424808502197, -0.058607254177331924, 0.016636842861771584], [0.058686841279268265, 0.9982669949531555, -0.00433626351878047], [-0.016353875398635864, 0.0053045726381242275, 0.999852180480957]]], [0.25744454956054685, 0.02960953903198242, 0.5535391845703125, 0.04142113079642735, 9.432152034127839e-05, 0.07758941928408147, [[0.9969914555549622, -0.07744121551513672, 0.003303657053038478], [0.07751159369945526, 0.9961366057395935, -0.04127740114927292], [-9.432142542209476e-05, 0.041409287601709366, 0.9991422891616821]]], [0.25967315673828123, 0.03514827346801758, 0.55470947265625, -0.0097566282064755, 0.0037023179136075335, 0.08056599021184091, [[0.9967494606971741, -0.08051103353500366, 0.00290493480861187], [0.08047831058502197, 0.996705949306488, 0.010022769682109356], [-0.00370230944827199, -0.009756406769156456, 0.9999455809593201]]], [0.2595116271972656, 0.03842388153076172, 0.5563121337890625, -0.012329630133127795, -0.001556515625048993, 0.04915648142189796, [[0.9987908601760864, -0.04911378398537636, -0.0021603384520858526], [0.049136627465486526, 0.9987170696258545, 0.01223794836550951], [0.0015565149951726198, -0.012329302728176117, 0.9999227523803711]]], [0.2613403015136719, 0.04534426498413086, 0.5576406860351563, 0.005950406998018309, 0.004286334116979207, 0.0465898142147481, [[0.9989057183265686, -0.046546660363674164, 0.004558720625936985], [0.04657253250479698, 0.9988983869552612, -0.005744291935116053], [-0.0042863208800554276, 0.0059503172524273396, 0.9999731183052063]]], [0.26354071044921873, 0.050963375091552736, 0.5580738525390625, -0.029002463633978848, 0.022278353777319904, 0.07568005260674433, [[0.9968901872634888, -0.07622016966342926, 0.020010899752378464], [0.07558906823396683, 0.9966694712638855, 0.030598964542150497], [-0.022276511415839195, -0.028991201892495155, 0.9993314146995544]]], [0.2630157470703125, 0.05478525543212891, 0.55847314453125, -0.028146798129080074, 0.032709873770621956, 0.05676230772892362, [[0.9978553652763367, -0.057628270238637924, 0.0310418289154768], [0.05670148506760597, 0.997941792011261, 0.029952380806207657], [-0.03270404040813446, -0.02812802791595459, 0.9990692138671875]]], [0.2671408386230469, 0.06243574142456055, 0.558932861328125, -0.0009391519624445607, 0.040896859136808184, 0.06828720965994795, [[0.9968351125717163, -0.0682724267244339, 0.04072606936097145], [0.06817709654569626, 0.9976662993431091, 0.0037267464213073254], [-0.04088545963168144, -0.0009383664582856, 0.9991633892059326]]], [0.26931134033203125, 0.07077330017089843, 0.559538818359375, -0.022377993600589258, 0.0